21,1,227,240,15,9,1.0,-1,-1,-1
21,2,405,274,13,7,1.0,-1,-1,-1
21,3,431,184,11,7,1.0,-1,-1,-1
41,1,226,241,15,9,1.0,-1,-1,-1
41,2,405,274,13,7,1.0,-1,-1,-1
41,3,422,172,11,7,1.0,-1,-1,-1
61,1,219,243,16,9,1.0,-1,-1,-1
61,2,402,263,13,7,1.0,-1,-1,-1
61,3,417,164,12,8,1.0,-1,-1,-1
81,1,203,248,15,9,1.0,-1,-1,-1
81,2,398,240,13,8,1.0,-1,-1,-1
81,3,420,161,12,7,1.0,-1,-1,-1
101,1,173,257,16,10,1.0,-1,-1,-1
101,2,398,240,13,7,1.0,-1,-1,-1
101,3,430,157,13,7,1.0,-1,-1,-1
121,1,133,272,16,9,1.0,-1,-1,-1
121,2,397,240,13,7,1.0,-1,-1,-1
121,3,442,152,12,7,1.0,-1,-1,-1
141,1,90,287,15,9,1.0,-1,-1,-1
141,2,397,238,14,8,1.0,-1,-1,-1
141,3,453,147,13,8,1.0,-1,-1,-1
161,1,51,301,14,7,1.0,-1,-1,-1
161,2,390,203,13,8,1.0,-1,-1,-1
161,3,457,147,11,7,1.0,-1,-1,-1
181,1,34,306,14,7,1.0,-1,-1,-1
181,2,383,175,13,7,1.0,-1,-1,-1
181,3,457,147,11,7,1.0,-1,-1,-1
201,1,35,306,13,7,1.0,-1,-1,-1
201,2,377,149,13,8,1.0,-1,-1,-1
201,3,457,149,13,9,1.0,-1,-1,-1
221,1,51,301,14,7,1.0,-1,-1,-1
221,2,371,123,13,8,1.0,-1,-1,-1
221,3,462,161,11,8,1.0,-1,-1,-1
241,1,89,288,15,7,1.0,-1,-1,-1
241,2,374,113,12,7,1.0,-1,-1,-1
241,3,466,173,11,7,1.0,-1,-1,-1
261,1,148,268,15,7,1.0,-1,-1,-1
261,2,396,105,12,7,1.0,-1,-1,-1
261,3,471,185,11,7,1.0,-1,-1,-1
281,1,218,240,21,13,1.0,-1,-1,-1
281,2,442,89,13,7,1.0,-1,-1,-1
281,3,474,195,11,7,1.0,-1,-1,-1
301,1,250,232,14,11,1.0,-1,-1,-1
301,2,503,69,14,7,1.0,-1,-1,-1
301,3,479,206,9,6,1.0,-1,-1,-1
321,1,250,226,14,9,1.0,-1,-1,-1
321,2,574,45,15,9,1.0,-1,-1,-1
321,3,478,209,11,7,1.0,-1,-1,-1
341,1,245,206,15,9,1.0,-1,-1,-1
341,2,619,33,10,8,1.0,-1,-1,-1
341,3,478,209,11,7,1.0,-1,-1,-1
361,1,243,187,15,9,1.0,-1,-1,-1
361,2,624,33,10,7,1.0,-1,-1,-1
361,3,479,211,10,7,1.0,-1,-1,-1
381,1,241,171,15,9,1.0,-1,-1,-1
381,2,630,48,9,7,1.0,-1,-1,-1
381,3,481,215,9,6,1.0,-1,-1,-1
401,1,242,166,15,9,1.0,-1,-1,-1
401,3,481,214,9,7,1.0,-1,-1,-1
421,1,244,174,15,9,1.0,-1,-1,-1
421,3,481,215,9,5,1.0,-1,-1,-1
441,1,246,185,15,9,1.0,-1,-1,-1
441,3,480,214,11,7,1.0,-1,-1,-1
461,1,249,198,15,9,1.0,-1,-1,-1
461,3,479,214,11,7,1.0,-1,-1,-1
481,1,250,211,15,9,1.0,-1,-1,-1
481,3,461,220,9,7,1.0,-1,-1,-1
501,1,252,227,15,9,1.0,-1,-1,-1
501,3,434,228,11,7,1.0,-1,-1,-1
521,1,253,248,15,9,1.0,-1,-1,-1
521,3,401,241,9,5,1.0,-1,-1,-1
541,1,256,270,15,9,1.0,-1,-1,-1
541,3,389,245,11,5,1.0,-1,-1,-1
561,1,259,295,15,8,1.0,-1,-1,-1
561,3,388,245,10,6,1.0,-1,-1,-1
581,1,261,305,15,8,1.0,-1,-1,-1
581,3,386,245,11,7,1.0,-1,-1,-1
581,4,583,286,11,9,1.0,-1,-1,-1
601,1,259,304,16,9,1.0,-1,-1,-1
601,3,385,245,9,5,1.0,-1,-1,-1
601,4,531,311,13,8,1.0,-1,-1,-1
621,1,253,305,17,9,1.0,-1,-1,-1
621,3,385,244,9,5,1.0,-1,-1,-1
621,4,479,328,13,7,1.0,-1,-1,-1
641,1,237,310,17,9,1.0,-1,-1,-1
641,3,381,241,11,5,1.0,-1,-1,-1
641,4,429,345,13,7,1.0,-1,-1,-1
661,1,211,318,16,9,1.0,-1,-1,-1
661,3,376,233,11,5,1.0,-1,-1,-1
661,4,380,360,13,7,1.0,-1,-1,-1
681,1,176,328,16,9,1.0,-1,-1,-1
681,3,368,222,11,6,1.0,-1,-1,-1
681,4,332,374,13,6,1.0,-1,-1,-1
701,1,136,341,15,8,1.0,-1,-1,-1
701,3,359,208,11,7,1.0,-1,-1,-1
701,4,301,381,13,4,1.0,-1,-1,-1
721,1,95,354,15,7,1.0,-1,-1,-1
721,3,348,193,11,7,1.0,-1,-1,-1
721,4,298,372,13,5,1.0,-1,-1,-1
741,1,57,365,15,7,1.0,-1,-1,-1
741,3,337,179,13,8,1.0,-1,-1,-1
741,4,297,360,13,6,1.0,-1,-1,-1
761,1,44,369,15,7,1.0,-1,-1,-1
761,3,336,177,11,7,1.0,-1,-1,-1
761,4,299,362,14,8,1.0,-1,-1,-1
781,1,48,368,14,7,1.0,-1,-1,-1
781,3,336,177,11,7,1.0,-1,-1,-1
781,4,320,383,13,7,1.0,-1,-1,-1
801,1,70,362,14,7,1.0,-1,-1,-1
801,3,337,180,13,7,1.0,-1,-1,-1
801,4,350,409,11,6,1.0,-1,-1,-1
821,1,113,350,15,6,1.0,-1,-1,-1
821,3,343,186,11,7,1.0,-1,-1,-1
821,4,380,433,10,5,1.0,-1,-1,-1
841,1,169,331,20,9,1.0,-1,-1,-1
841,3,348,193,12,7,1.0,-1,-1,-1
841,4,406,447,9,4,1.0,-1,-1,-1
861,1,200,323,15,9,1.0,-1,-1,-1
861,3,355,202,11,7,1.0,-1,-1,-1
861,4,419,447,9,5,1.0,-1,-1,-1
881,1,205,322,14,7,1.0,-1,-1,-1
881,3,362,210,11,7,1.0,-1,-1,-1
881,4,421,436,8,4,1.0,-1,-1,-1
901,1,222,317,15,7,1.0,-1,-1,-1
901,3,370,219,11,7,1.0,-1,-1,-1
901,4,419,416,7,3,1.0,-1,-1,-1
921,1,253,303,17,8,1.0,-1,-1,-1
921,3,377,228,11,7,1.0,-1,-1,-1
921,4,415,395,7,4,1.0,-1,-1,-1
941,1,277,285,17,10,1.0,-1,-1,-1
941,3,384,237,11,7,1.0,-1,-1,-1
941,4,410,375,7,3,1.0,-1,-1,-1
961,1,280,284,15,9,1.0,-1,-1,-1
961,3,391,247,10,6,1.0,-1,-1,-1
961,4,406,353,7,5,1.0,-1,-1,-1
981,1,278,286,15,8,1.0,-1,-1,-1
981,3,398,255,9,5,1.0,-1,-1,-1
981,4,402,335,7,4,1.0,-1,-1,-1
1001,1,276,286,17,9,1.0,-1,-1,-1
1001,3,401,258,10,5,1.0,-1,-1,-1
1001,4,401,330,7,4,1.0,-1,-1,-1
1021,1,272,287,17,9,1.0,-1,-1,-1
1021,3,401,259,9,5,1.0,-1,-1,-1
1021,4,404,330,7,3,1.0,-1,-1,-1
1041,1,264,289,15,9,1.0,-1,-1,-1
1041,3,404,258,9,5,1.0,-1,-1,-1
1041,4,411,328,7,4,1.0,-1,-1,-1
1061,1,249,293,15,9,1.0,-1,-1,-1
1061,3,411,256,9,5,1.0,-1,-1,-1
1061,4,422,326,7,3,1.0,-1,-1,-1
1081,1,232,299,14,7,1.0,-1,-1,-1
1081,3,423,252,10,5,1.0,-1,-1,-1
1081,4,434,322,7,4,1.0,-1,-1,-1
1101,1,223,302,15,7,1.0,-1,-1,-1
1101,3,445,245,10,5,1.0,-1,-1,-1
1101,4,449,318,7,4,1.0,-1,-1,-1
1121,1,239,297,15,7,1.0,-1,-1,-1
1121,3,472,237,10,5,1.0,-1,-1,-1
1121,4,466,313,7,5,1.0,-1,-1,-1
1141,1,278,283,22,9,1.0,-1,-1,-1
1141,3,499,227,11,6,1.0,-1,-1,-1
1141,4,483,309,9,4,1.0,-1,-1,-1
1161,1,307,274,14,10,1.0,-1,-1,-1
1161,3,525,219,9,6,1.0,-1,-1,-1
1161,4,502,303,9,5,1.0,-1,-1,-1
1181,1,304,264,15,9,1.0,-1,-1,-1
1181,3,543,213,11,7,1.0,-1,-1,-1
1181,4,523,297,7,5,1.0,-1,-1,-1
1201,1,301,252,15,9,1.0,-1,-1,-1
1201,3,547,211,9,7,1.0,-1,-1,-1
1201,4,531,289,7,5,1.0,-1,-1,-1
1221,1,298,238,17,9,1.0,-1,-1,-1
1221,3,547,211,9,7,1.0,-1,-1,-1
1221,4,528,275,7,5,1.0,-1,-1,-1
1241,1,298,226,15,9,1.0,-1,-1,-1
1241,3,547,210,9,7,1.0,-1,-1,-1
1241,4,525,263,7,5,1.0,-1,-1,-1
1261,1,298,217,15,9,1.0,-1,-1,-1
1261,3,546,207,9,5,1.0,-1,-1,-1
1261,4,522,249,7,5,1.0,-1,-1,-1
1281,1,299,220,16,9,1.0,-1,-1,-1
1281,3,541,196,10,6,1.0,-1,-1,-1
1281,4,518,236,7,5,1.0,-1,-1,-1
1301,1,304,245,15,10,1.0,-1,-1,-1
1301,3,534,177,11,7,1.0,-1,-1,-1
1301,4,514,222,7,5,1.0,-1,-1,-1
1321,1,307,278,15,9,1.0,-1,-1,-1
1321,3,527,155,11,7,1.0,-1,-1,-1
1321,4,509,207,7,5,1.0,-1,-1,-1
1341,1,307,283,15,8,1.0,-1,-1,-1
1341,3,517,128,11,7,1.0,-1,-1,-1
1341,4,504,192,7,5,1.0,-1,-1,-1
1361,1,309,295,16,9,1.0,-1,-1,-1
1361,3,504,94,12,8,1.0,-1,-1,-1
1361,4,499,177,7,5,1.0,-1,-1,-1
1381,1,312,308,15,9,1.0,-1,-1,-1
1381,3,489,62,15,11,1.0,-1,-1,-1
1381,4,494,163,7,5,1.0,-1,-1,-1
1401,1,312,310,17,9,1.0,-1,-1,-1
1401,3,484,58,13,9,1.0,-1,-1,-1
1401,4,491,153,7,5,1.0,-1,-1,-1
1421,1,312,310,17,9,1.0,-1,-1,-1
1421,3,482,58,13,9,1.0,-1,-1,-1
1421,4,489,153,7,5,1.0,-1,-1,-1
1441,1,315,313,17,9,1.0,-1,-1,-1
1441,3,477,61,13,9,1.0,-1,-1,-1
1441,4,485,154,7,5,1.0,-1,-1,-1
1461,1,324,322,16,9,1.0,-1,-1,-1
1461,3,467,66,13,9,1.0,-1,-1,-1
1461,4,478,157,7,5,1.0,-1,-1,-1
1481,1,337,336,13,7,1.0,-1,-1,-1
1481,3,452,73,13,9,1.0,-1,-1,-1
1481,4,468,160,7,5,1.0,-1,-1,-1
1501,1,341,342,15,7,1.0,-1,-1,-1
1501,3,430,82,14,10,1.0,-1,-1,-1
1501,4,457,164,7,5,1.0,-1,-1,-1
1521,1,342,343,15,7,1.0,-1,-1,-1
1521,3,406,93,13,9,1.0,-1,-1,-1
1521,4,444,169,7,5,1.0,-1,-1,-1
1541,1,339,341,15,7,1.0,-1,-1,-1
1541,3,381,104,13,9,1.0,-1,-1,-1
1541,4,430,173,7,5,1.0,-1,-1,-1
1561,1,333,334,15,7,1.0,-1,-1,-1
1561,3,355,115,13,9,1.0,-1,-1,-1
1561,4,414,178,7,5,1.0,-1,-1,-1
1581,1,323,323,15,7,1.0,-1,-1,-1
1581,3,329,127,14,9,1.0,-1,-1,-1
1581,4,398,184,7,5,1.0,-1,-1,-1
1601,1,308,308,17,8,1.0,-1,-1,-1
1601,3,304,137,14,9,1.0,-1,-1,-1
1601,4,381,190,7,5,1.0,-1,-1,-1
1621,1,292,290,17,9,1.0,-1,-1,-1
1621,3,281,148,13,8,1.0,-1,-1,-1
1621,4,365,196,7,5,1.0,-1,-1,-1
1641,1,275,271,20,13,1.0,-1,-1,-1
1641,3,258,157,13,8,1.0,-1,-1,-1
1641,4,348,201,7,5,1.0,-1,-1,-1
1661,1,273,270,17,10,1.0,-1,-1,-1
1661,3,236,165,14,9,1.0,-1,-1,-1
1661,4,332,207,7,5,1.0,-1,-1,-1
1681,1,273,269,17,9,1.0,-1,-1,-1
1681,3,218,174,13,8,1.0,-1,-1,-1
1681,4,316,213,7,4,1.0,-1,-1,-1
1701,1,274,268,17,9,1.0,-1,-1,-1
1701,3,201,182,13,8,1.0,-1,-1,-1
1701,4,310,216,7,4,1.0,-1,-1,-1
1721,1,273,268,19,9,1.0,-1,-1,-1
1721,3,186,189,12,7,1.0,-1,-1,-1
1721,4,311,215,7,5,1.0,-1,-1,-1
1741,1,273,268,19,9,1.0,-1,-1,-1
1741,3,184,191,13,7,1.0,-1,-1,-1
1741,4,316,213,7,5,1.0,-1,-1,-1
1761,1,272,267,19,9,1.0,-1,-1,-1
1761,3,185,192,13,7,1.0,-1,-1,-1
1761,4,324,210,7,5,1.0,-1,-1,-1
1781,1,272,267,19,9,1.0,-1,-1,-1
1781,3,186,193,13,7,1.0,-1,-1,-1
1781,4,332,208,7,4,1.0,-1,-1,-1
1801,1,273,268,19,10,1.0,-1,-1,-1
1801,3,189,196,13,7,1.0,-1,-1,-1
1801,4,339,205,7,5,1.0,-1,-1,-1
1821,1,277,271,18,10,1.0,-1,-1,-1
1821,3,194,201,13,8,1.0,-1,-1,-1
1821,4,346,203,7,5,1.0,-1,-1,-1
1841,1,285,279,18,10,1.0,-1,-1,-1
1841,3,202,209,13,7,1.0,-1,-1,-1
1841,4,352,201,7,4,1.0,-1,-1,-1
1861,1,299,292,17,10,1.0,-1,-1,-1
1861,3,212,217,11,7,1.0,-1,-1,-1
1861,4,358,198,7,5,1.0,-1,-1,-1
1881,1,316,308,13,7,1.0,-1,-1,-1
1881,3,219,224,11,7,1.0,-1,-1,-1
1881,4,364,196,7,5,1.0,-1,-1,-1
1901,1,321,314,16,7,1.0,-1,-1,-1
1901,3,224,229,11,7,1.0,-1,-1,-1
1901,4,369,194,7,5,1.0,-1,-1,-1
1921,1,320,311,16,9,1.0,-1,-1,-1
1921,3,229,234,11,7,1.0,-1,-1,-1
1921,4,375,192,7,4,1.0,-1,-1,-1
1941,1,318,303,17,9,1.0,-1,-1,-1
1941,3,233,238,11,7,1.0,-1,-1,-1
1941,4,383,189,7,4,1.0,-1,-1,-1
1961,1,316,294,16,9,1.0,-1,-1,-1
1961,3,235,241,11,7,1.0,-1,-1,-1
1961,4,394,185,7,4,1.0,-1,-1,-1
1981,1,317,285,15,9,1.0,-1,-1,-1
1981,3,239,243,11,7,1.0,-1,-1,-1
1981,4,407,180,7,4,1.0,-1,-1,-1
