21,2,380,384,6,3,1.0,-1,-1,-1
41,2,400,350,7,4,1.0,-1,-1,-1
61,2,423,306,9,5,1.0,-1,-1,-1
81,2,448,262,9,5,1.0,-1,-1,-1
101,2,466,228,9,7,1.0,-1,-1,-1
121,2,470,226,8,5,1.0,-1,-1,-1
141,2,468,223,9,5,1.0,-1,-1,-1
161,2,466,219,9,6,1.0,-1,-1,-1
181,2,473,248,9,6,1.0,-1,-1,-1
201,2,480,292,9,7,1.0,-1,-1,-1
221,2,482,345,9,7,1.0,-1,-1,-1
241,2,471,386,9,5,1.0,-1,-1,-1
261,2,457,410,8,5,1.0,-1,-1,-1
281,2,447,432,7,3,1.0,-1,-1,-1
301,2,444,436,9,5,1.0,-1,-1,-1
321,2,429,439,8,5,1.0,-1,-1,-1
341,2,386,442,7,4,1.0,-1,-1,-1
361,2,362,444,8,5,1.0,-1,-1,-1
381,2,360,444,9,5,1.0,-1,-1,-1
401,2,359,432,9,5,1.0,-1,-1,-1
421,2,357,437,9,5,1.0,-1,-1,-1
441,2,353,458,9,5,1.0,-1,-1,-1
461,2,348,483,9,5,1.0,-1,-1,-1
481,2,343,508,6,3,1.0,-1,-1,-1
741,5,410,507,8,3,1.0,-1,-1,-1
761,5,380,500,8,4,1.0,-1,-1,-1
781,5,339,490,7,4,1.0,-1,-1,-1
801,5,289,483,8,4,1.0,-1,-1,-1
821,5,246,478,7,5,1.0,-1,-1,-1
841,5,219,463,7,5,1.0,-1,-1,-1
861,5,196,445,7,4,1.0,-1,-1,-1
881,5,174,437,9,6,1.0,-1,-1,-1
901,5,169,433,7,5,1.0,-1,-1,-1
921,5,172,434,7,5,1.0,-1,-1,-1
941,5,174,416,8,4,1.0,-1,-1,-1
961,5,177,379,7,5,1.0,-1,-1,-1
981,5,192,364,7,5,1.0,-1,-1,-1
1001,5,236,364,7,3,1.0,-1,-1,-1
1021,5,277,362,6,3,1.0,-1,-1,-1
1041,5,302,346,7,4,1.0,-1,-1,-1
1061,5,326,315,7,4,1.0,-1,-1,-1
1081,5,349,265,9,4,1.0,-1,-1,-1
1101,5,378,201,11,8,1.0,-1,-1,-1
1121,5,402,172,11,8,1.0,-1,-1,-1
1141,5,417,196,10,8,1.0,-1,-1,-1
1161,5,424,249,11,9,1.0,-1,-1,-1
1181,5,392,306,10,9,1.0,-1,-1,-1
1201,5,302,355,12,7,1.0,-1,-1,-1
1221,5,175,353,16,6,1.0,-1,-1,-1
1241,5,113,315,13,8,1.0,-1,-1,-1
1261,5,118,314,11,8,1.0,-1,-1,-1
1281,5,184,319,12,7,1.0,-1,-1,-1
1301,5,280,317,13,5,1.0,-1,-1,-1
1321,5,362,284,15,6,1.0,-1,-1,-1
1341,5,444,213,22,10,1.0,-1,-1,-1
1361,5,509,145,14,12,1.0,-1,-1,-1
1381,5,495,106,14,13,1.0,-1,-1,-1
1401,5,409,87,16,11,1.0,-1,-1,-1
1421,5,314,120,23,17,1.0,-1,-1,-1
1441,5,306,214,19,14,1.0,-1,-1,-1
1461,5,319,325,19,12,1.0,-1,-1,-1
1481,6,288,330,28,10,1.0,-1,-1,-1
1501,6,199,225,44,25,1.0,-1,-1,-1
1521,6,186,188,22,12,1.0,-1,-1,-1
1541,6,181,107,44,26,1.0,-1,-1,-1
1561,6,189,171,41,30,1.0,-1,-1,-1
1581,6,192,365,35,21,1.0,-1,-1,-1
1601,6,188,347,51,23,1.0,-1,-1,-1
1621,6,191,276,41,16,1.0,-1,-1,-1
1641,6,194,218,49,26,1.0,-1,-1,-1
1661,6,198,194,50,26,1.0,-1,-1,-1
1701,6,204,180,44,22,1.0,-1,-1,-1
1721,7,201,308,45,32,1.0,-1,-1,-1
1741,8,205,367,42,12,1.0,-1,-1,-1
1761,8,211,240,35,18,1.0,-1,-1,-1
1781,8,215,220,32,22,1.0,-1,-1,-1
1801,8,218,309,22,15,1.0,-1,-1,-1
1801,10,194,68,15,14,1.0,-1,-1,-1
1821,8,216,345,17,10,1.0,-1,-1,-1
1821,10,188,170,13,11,1.0,-1,-1,-1
1841,8,216,360,13,8,1.0,-1,-1,-1
1841,10,188,246,9,6,1.0,-1,-1,-1
1861,8,233,393,11,8,1.0,-1,-1,-1
1861,10,191,271,9,5,1.0,-1,-1,-1
1881,8,286,430,9,4,1.0,-1,-1,-1
1881,10,211,273,12,7,1.0,-1,-1,-1
1901,10,270,280,11,5,1.0,-1,-1,-1
1901,11,318,409,9,5,1.0,-1,-1,-1
1921,10,300,287,10,5,1.0,-1,-1,-1
1921,11,322,368,7,4,1.0,-1,-1,-1
1941,10,310,317,10,6,1.0,-1,-1,-1
1941,11,322,353,9,4,1.0,-1,-1,-1
1961,13,311,354,9,4,1.0,-1,-1,-1
1961,15,315,372,11,6,1.0,-1,-1,-1
1981,10,319,423,10,7,1.0,-1,-1,-1
1981,13,308,355,9,5,1.0,-1,-1,-1
2001,10,274,435,12,6,1.0,-1,-1,-1
2001,13,310,358,9,4,1.0,-1,-1,-1
2021,10,205,432,14,8,1.0,-1,-1,-1
2021,13,310,358,9,5,1.0,-1,-1,-1
2041,10,198,429,11,6,1.0,-1,-1,-1
2041,13,309,359,8,3,1.0,-1,-1,-1
2061,10,206,384,11,6,1.0,-1,-1,-1
2061,13,306,359,9,4,1.0,-1,-1,-1
2081,10,210,324,11,7,1.0,-1,-1,-1
2081,13,304,359,9,5,1.0,-1,-1,-1
2101,10,208,272,10,7,1.0,-1,-1,-1
2101,13,303,360,9,5,1.0,-1,-1,-1
2121,10,205,229,10,7,1.0,-1,-1,-1
2121,13,302,360,8,5,1.0,-1,-1,-1
2141,10,210,200,10,8,1.0,-1,-1,-1
2141,13,302,361,9,4,1.0,-1,-1,-1
2161,10,239,201,9,5,1.0,-1,-1,-1
2161,13,303,362,7,3,1.0,-1,-1,-1
2181,10,270,201,10,7,1.0,-1,-1,-1
2181,13,302,362,9,3,1.0,-1,-1,-1
