21,1,445,362,12,7,1.0,-1,-1,-1
21,2,204,418,10,5,1.0,-1,-1,-1
21,3,324,252,7,5,1.0,-1,-1,-1
41,1,442,367,11,7,1.0,-1,-1,-1
41,2,207,420,9,5,1.0,-1,-1,-1
41,3,324,253,7,3,1.0,-1,-1,-1
61,1,429,384,11,7,1.0,-1,-1,-1
61,2,207,420,9,5,1.0,-1,-1,-1
61,3,325,260,7,5,1.0,-1,-1,-1
81,1,410,409,9,5,1.0,-1,-1,-1
81,2,206,424,11,7,1.0,-1,-1,-1
81,3,326,272,7,5,1.0,-1,-1,-1
101,1,398,425,9,4,1.0,-1,-1,-1
101,2,208,444,9,7,1.0,-1,-1,-1
101,3,309,285,5,3,1.0,-1,-1,-1
121,1,394,427,11,5,1.0,-1,-1,-1
121,2,211,471,9,5,1.0,-1,-1,-1
121,3,293,291,6,3,1.0,-1,-1,-1
141,1,394,427,11,5,1.0,-1,-1,-1
141,2,212,483,9,6,1.0,-1,-1,-1
141,3,292,293,7,3,1.0,-1,-1,-1
161,1,395,427,9,5,1.0,-1,-1,-1
161,2,214,485,10,6,1.0,-1,-1,-1
161,3,292,293,7,3,1.0,-1,-1,-1
181,1,394,427,9,5,1.0,-1,-1,-1
181,2,246,485,10,5,1.0,-1,-1,-1
181,3,292,293,7,3,1.0,-1,-1,-1
201,1,394,428,9,5,1.0,-1,-1,-1
201,2,256,485,9,5,1.0,-1,-1,-1
201,3,287,294,7,3,1.0,-1,-1,-1
221,1,393,428,9,5,1.0,-1,-1,-1
221,2,223,486,9,5,1.0,-1,-1,-1
221,3,277,294,7,3,1.0,-1,-1,-1
241,1,392,428,11,5,1.0,-1,-1,-1
241,2,202,486,8,5,1.0,-1,-1,-1
241,3,265,295,7,3,1.0,-1,-1,-1
261,1,392,428,11,5,1.0,-1,-1,-1
261,2,179,487,7,5,1.0,-1,-1,-1
261,3,261,295,7,3,1.0,-1,-1,-1
281,1,394,428,9,5,1.0,-1,-1,-1
281,2,155,487,9,5,1.0,-1,-1,-1
281,3,261,295,7,3,1.0,-1,-1,-1
301,1,394,428,11,5,1.0,-1,-1,-1
301,2,147,480,9,5,1.0,-1,-1,-1
301,3,273,294,7,3,1.0,-1,-1,-1
321,1,394,427,11,5,1.0,-1,-1,-1
321,2,139,464,10,7,1.0,-1,-1,-1
321,3,303,291,7,3,1.0,-1,-1,-1
341,1,395,427,11,5,1.0,-1,-1,-1
341,2,138,458,9,5,1.0,-1,-1,-1
341,3,343,288,7,3,1.0,-1,-1,-1
361,1,395,427,11,5,1.0,-1,-1,-1
361,2,132,438,9,5,1.0,-1,-1,-1
361,3,367,285,6,4,1.0,-1,-1,-1
381,1,396,426,11,5,1.0,-1,-1,-1
381,2,121,404,10,5,1.0,-1,-1,-1
381,3,366,285,6,5,1.0,-1,-1,-1
401,1,399,426,10,5,1.0,-1,-1,-1
401,2,112,369,11,8,1.0,-1,-1,-1
401,3,342,289,5,4,1.0,-1,-1,-1
421,1,420,426,10,5,1.0,-1,-1,-1
421,2,150,357,10,7,1.0,-1,-1,-1
421,3,299,292,7,4,1.0,-1,-1,-1
441,1,458,426,10,5,1.0,-1,-1,-1
441,2,207,351,11,8,1.0,-1,-1,-1
441,3,285,294,6,4,1.0,-1,-1,-1
461,1,503,427,11,5,1.0,-1,-1,-1
461,2,214,369,11,6,1.0,-1,-1,-1
461,3,282,294,7,5,1.0,-1,-1,-1
481,1,544,426,12,7,1.0,-1,-1,-1
481,2,212,428,11,7,1.0,-1,-1,-1
481,3,272,296,7,3,1.0,-1,-1,-1
501,1,559,426,9,5,1.0,-1,-1,-1
501,2,207,458,13,8,1.0,-1,-1,-1
501,3,270,296,7,3,1.0,-1,-1,-1
521,1,559,426,9,5,1.0,-1,-1,-1
521,2,209,476,13,9,1.0,-1,-1,-1
521,3,269,296,7,3,1.0,-1,-1,-1
541,1,552,426,9,5,1.0,-1,-1,-1
541,2,214,504,9,7,1.0,-1,-1,-1
541,3,268,296,7,3,1.0,-1,-1,-1
561,1,536,426,9,5,1.0,-1,-1,-1
561,3,267,296,7,3,1.0,-1,-1,-1
581,1,513,426,9,5,1.0,-1,-1,-1
581,3,267,296,7,3,1.0,-1,-1,-1
601,1,484,426,9,5,1.0,-1,-1,-1
601,3,268,296,7,3,1.0,-1,-1,-1
621,1,454,425,11,7,1.0,-1,-1,-1
621,3,268,292,7,3,1.0,-1,-1,-1
621,4,217,497,15,6,1.0,-1,-1,-1
641,1,443,426,9,5,1.0,-1,-1,-1
641,3,267,283,6,3,1.0,-1,-1,-1
641,4,219,474,9,6,1.0,-1,-1,-1
661,1,424,426,9,5,1.0,-1,-1,-1
661,3,265,273,7,4,1.0,-1,-1,-1
661,4,218,471,9,5,1.0,-1,-1,-1
681,1,392,425,9,5,1.0,-1,-1,-1
681,3,264,265,7,4,1.0,-1,-1,-1
681,4,217,447,9,5,1.0,-1,-1,-1
701,1,360,425,10,5,1.0,-1,-1,-1
701,3,263,258,7,5,1.0,-1,-1,-1
701,4,207,440,8,5,1.0,-1,-1,-1
721,1,356,424,10,5,1.0,-1,-1,-1
721,3,263,257,7,5,1.0,-1,-1,-1
721,4,162,440,9,5,1.0,-1,-1,-1
741,1,374,425,10,5,1.0,-1,-1,-1
741,3,264,258,7,5,1.0,-1,-1,-1
741,4,136,436,9,5,1.0,-1,-1,-1
761,1,412,425,11,6,1.0,-1,-1,-1
761,3,263,256,7,4,1.0,-1,-1,-1
761,4,117,419,9,5,1.0,-1,-1,-1
781,1,463,426,10,5,1.0,-1,-1,-1
781,3,261,248,8,5,1.0,-1,-1,-1
781,4,96,389,9,5,1.0,-1,-1,-1
801,1,497,427,8,5,1.0,-1,-1,-1
801,3,262,245,7,5,1.0,-1,-1,-1
801,4,82,363,10,7,1.0,-1,-1,-1
821,1,510,426,11,5,1.0,-1,-1,-1
821,3,261,242,7,4,1.0,-1,-1,-1
821,4,113,353,9,7,1.0,-1,-1,-1
841,1,518,426,10,5,1.0,-1,-1,-1
841,3,261,239,7,5,1.0,-1,-1,-1
841,4,182,346,12,7,1.0,-1,-1,-1
861,1,533,426,9,5,1.0,-1,-1,-1
861,3,261,239,7,5,1.0,-1,-1,-1
861,4,219,346,8,5,1.0,-1,-1,-1
881,1,540,426,9,5,1.0,-1,-1,-1
881,3,264,239,7,5,1.0,-1,-1,-1
881,4,221,350,11,7,1.0,-1,-1,-1
901,1,540,426,9,5,1.0,-1,-1,-1
901,3,291,236,7,4,1.0,-1,-1,-1
901,4,223,372,7,4,1.0,-1,-1,-1
921,1,540,426,9,5,1.0,-1,-1,-1
921,3,313,234,7,5,1.0,-1,-1,-1
921,4,223,379,9,4,1.0,-1,-1,-1
941,1,534,426,9,5,1.0,-1,-1,-1
941,3,315,234,7,3,1.0,-1,-1,-1
941,4,224,362,9,5,1.0,-1,-1,-1
961,1,520,426,9,5,1.0,-1,-1,-1
961,3,314,223,7,3,1.0,-1,-1,-1
961,4,224,323,9,5,1.0,-1,-1,-1
981,1,517,426,9,5,1.0,-1,-1,-1
981,3,309,192,9,5,1.0,-1,-1,-1
981,4,226,308,7,3,1.0,-1,-1,-1
1001,1,518,426,9,5,1.0,-1,-1,-1
1001,3,307,166,9,6,1.0,-1,-1,-1
1001,4,225,289,12,7,1.0,-1,-1,-1
1021,1,518,426,9,5,1.0,-1,-1,-1
1021,3,308,163,7,5,1.0,-1,-1,-1
1021,4,226,290,9,7,1.0,-1,-1,-1
1041,1,517,426,9,5,1.0,-1,-1,-1
1041,3,309,173,8,5,1.0,-1,-1,-1
1041,4,225,316,9,6,1.0,-1,-1,-1
1061,1,517,426,9,5,1.0,-1,-1,-1
1061,3,311,206,9,5,1.0,-1,-1,-1
1061,4,226,352,9,6,1.0,-1,-1,-1
1081,1,517,426,9,5,1.0,-1,-1,-1
1081,3,307,242,9,7,1.0,-1,-1,-1
1081,4,229,393,7,6,1.0,-1,-1,-1
1101,1,515,427,10,5,1.0,-1,-1,-1
1101,3,268,272,8,5,1.0,-1,-1,-1
1101,4,232,427,7,4,1.0,-1,-1,-1
1121,1,507,427,9,5,1.0,-1,-1,-1
1121,3,219,280,10,5,1.0,-1,-1,-1
1121,4,226,441,7,4,1.0,-1,-1,-1
1141,1,488,427,9,5,1.0,-1,-1,-1
1141,3,207,281,8,5,1.0,-1,-1,-1
1141,4,198,447,6,3,1.0,-1,-1,-1
1161,1,456,427,9,5,1.0,-1,-1,-1
1161,3,207,281,9,5,1.0,-1,-1,-1
1161,4,173,446,7,5,1.0,-1,-1,-1
1181,1,419,427,11,5,1.0,-1,-1,-1
1181,3,222,280,9,5,1.0,-1,-1,-1
1181,4,160,437,7,4,1.0,-1,-1,-1
1201,1,376,425,12,7,1.0,-1,-1,-1
1201,3,241,278,8,5,1.0,-1,-1,-1
1201,4,146,417,7,4,1.0,-1,-1,-1
1221,1,359,419,9,5,1.0,-1,-1,-1
1221,3,281,273,9,5,1.0,-1,-1,-1
1221,4,130,386,7,5,1.0,-1,-1,-1
1241,1,357,403,9,5,1.0,-1,-1,-1
1241,3,302,271,8,5,1.0,-1,-1,-1
1241,4,107,363,9,5,1.0,-1,-1,-1
1261,1,357,388,9,5,1.0,-1,-1,-1
1261,3,303,271,9,5,1.0,-1,-1,-1
1261,4,82,363,10,8,1.0,-1,-1,-1
1281,1,356,386,9,5,1.0,-1,-1,-1
1281,3,302,272,9,5,1.0,-1,-1,-1
1281,4,64,399,10,7,1.0,-1,-1,-1
1301,1,367,386,10,7,1.0,-1,-1,-1
1301,3,301,278,9,6,1.0,-1,-1,-1
1301,4,56,447,10,8,1.0,-1,-1,-1
1321,1,401,388,10,6,1.0,-1,-1,-1
1321,3,304,298,9,6,1.0,-1,-1,-1
1321,4,85,458,10,7,1.0,-1,-1,-1
1341,1,442,388,11,7,1.0,-1,-1,-1
1341,3,307,330,9,6,1.0,-1,-1,-1
1341,4,152,457,12,6,1.0,-1,-1,-1
1361,1,457,389,8,5,1.0,-1,-1,-1
1361,3,294,365,7,5,1.0,-1,-1,-1
1361,4,199,458,13,7,1.0,-1,-1,-1
1381,1,457,389,9,5,1.0,-1,-1,-1
1381,3,257,395,7,4,1.0,-1,-1,-1
1381,4,234,472,10,6,1.0,-1,-1,-1
1401,1,456,389,9,5,1.0,-1,-1,-1
1401,3,225,414,6,3,1.0,-1,-1,-1
1401,4,240,485,10,7,1.0,-1,-1,-1
1421,1,456,389,9,5,1.0,-1,-1,-1
1421,3,216,419,7,3,1.0,-1,-1,-1
1421,4,235,493,9,6,1.0,-1,-1,-1
1441,1,456,389,9,5,1.0,-1,-1,-1
1441,3,211,414,7,3,1.0,-1,-1,-1
1441,4,231,459,10,6,1.0,-1,-1,-1
1461,1,456,389,9,5,1.0,-1,-1,-1
1461,3,204,400,7,3,1.0,-1,-1,-1
1461,4,229,421,9,6,1.0,-1,-1,-1
1481,1,456,389,9,5,1.0,-1,-1,-1
1481,3,200,391,7,4,1.0,-1,-1,-1
1481,4,208,419,9,6,1.0,-1,-1,-1
1501,1,456,389,9,5,1.0,-1,-1,-1
1501,3,196,384,6,3,1.0,-1,-1,-1
1501,4,149,424,8,5,1.0,-1,-1,-1
1521,1,456,389,9,5,1.0,-1,-1,-1
1521,3,187,366,7,3,1.0,-1,-1,-1
1521,4,104,424,9,5,1.0,-1,-1,-1
1541,1,456,389,9,5,1.0,-1,-1,-1
1541,3,175,338,8,5,1.0,-1,-1,-1
1541,4,69,409,9,5,1.0,-1,-1,-1
1561,1,456,389,9,5,1.0,-1,-1,-1
1561,3,180,311,8,5,1.0,-1,-1,-1
1561,4,25,376,13,8,1.0,-1,-1,-1
1581,1,457,395,9,5,1.0,-1,-1,-1
1581,3,222,285,8,5,1.0,-1,-1,-1
1581,4,11,359,10,7,1.0,-1,-1,-1
1601,1,458,400,9,5,1.0,-1,-1,-1
1601,3,297,260,10,5,1.0,-1,-1,-1
1601,4,46,350,10,7,1.0,-1,-1,-1
1621,1,453,400,9,5,1.0,-1,-1,-1
1621,3,387,235,12,6,1.0,-1,-1,-1
1621,4,128,341,11,5,1.0,-1,-1,-1
1641,1,438,399,9,5,1.0,-1,-1,-1
1641,3,446,220,10,7,1.0,-1,-1,-1
1641,4,203,331,13,8,1.0,-1,-1,-1
1661,1,414,399,9,5,1.0,-1,-1,-1
1661,3,447,215,8,6,1.0,-1,-1,-1
1661,4,228,363,10,7,1.0,-1,-1,-1
1681,1,387,394,10,6,1.0,-1,-1,-1
1681,3,407,214,8,7,1.0,-1,-1,-1
1681,4,230,412,12,8,1.0,-1,-1,-1
1701,1,382,369,9,6,1.0,-1,-1,-1
1701,3,349,217,10,7,1.0,-1,-1,-1
1701,4,185,421,11,6,1.0,-1,-1,-1
1721,1,381,355,9,5,1.0,-1,-1,-1
1721,3,328,220,10,7,1.0,-1,-1,-1
1721,4,144,422,12,7,1.0,-1,-1,-1
1741,1,383,355,10,5,1.0,-1,-1,-1
1741,3,287,225,10,6,1.0,-1,-1,-1
1741,4,143,439,11,8,1.0,-1,-1,-1
1761,1,400,354,10,7,1.0,-1,-1,-1
1761,3,226,231,10,7,1.0,-1,-1,-1
1761,4,156,468,11,7,1.0,-1,-1,-1
1781,1,438,356,9,5,1.0,-1,-1,-1
1781,3,162,239,10,6,1.0,-1,-1,-1
1781,4,175,499,11,7,1.0,-1,-1,-1
1801,1,480,357,11,7,1.0,-1,-1,-1
1801,3,144,242,10,5,1.0,-1,-1,-1
1821,1,495,359,7,5,1.0,-1,-1,-1
1821,3,155,239,9,6,1.0,-1,-1,-1
1841,1,495,359,9,5,1.0,-1,-1,-1
1841,3,200,232,10,7,1.0,-1,-1,-1
1861,1,491,359,9,5,1.0,-1,-1,-1
1861,3,279,225,11,5,1.0,-1,-1,-1
1881,1,481,359,9,5,1.0,-1,-1,-1
1881,3,356,225,11,6,1.0,-1,-1,-1
1901,1,462,359,9,5,1.0,-1,-1,-1
1901,3,408,232,10,5,1.0,-1,-1,-1
1921,1,435,358,9,5,1.0,-1,-1,-1
1921,3,412,236,8,7,1.0,-1,-1,-1
1941,1,399,355,11,7,1.0,-1,-1,-1
1941,3,373,243,8,7,1.0,-1,-1,-1
1961,1,385,365,9,6,1.0,-1,-1,-1
1961,3,307,253,9,5,1.0,-1,-1,-1
1981,1,387,388,9,5,1.0,-1,-1,-1
1981,3,241,262,11,6,1.0,-1,-1,-1
1981,6,138,496,12,5,1.0,-1,-1,-1
2001,1,390,404,9,5,1.0,-1,-1,-1
2001,3,196,282,10,6,1.0,-1,-1,-1
2001,6,103,464,11,6,1.0,-1,-1,-1
2021,1,390,398,9,5,1.0,-1,-1,-1
2021,3,172,316,9,7,1.0,-1,-1,-1
2021,6,61,421,12,9,1.0,-1,-1,-1
2041,1,388,385,9,5,1.0,-1,-1,-1
2041,3,165,358,7,5,1.0,-1,-1,-1
2041,6,55,399,10,8,1.0,-1,-1,-1
2061,1,388,387,9,4,1.0,-1,-1,-1
2061,3,172,392,6,5,1.0,-1,-1,-1
2061,6,78,383,10,7,1.0,-1,-1,-1
2081,1,391,412,9,5,1.0,-1,-1,-1
2081,3,205,418,7,5,1.0,-1,-1,-1
2081,6,82,337,12,8,1.0,-1,-1,-1
2101,1,394,440,9,5,1.0,-1,-1,-1
2101,3,249,438,7,4,1.0,-1,-1,-1
2101,6,89,285,11,7,1.0,-1,-1,-1
2121,1,392,435,11,6,1.0,-1,-1,-1
2121,3,272,449,6,3,1.0,-1,-1,-1
2121,6,97,235,11,7,1.0,-1,-1,-1
2141,1,388,409,9,5,1.0,-1,-1,-1
2141,3,280,448,6,3,1.0,-1,-1,-1
2141,6,104,187,11,9,1.0,-1,-1,-1
2161,1,386,392,9,4,1.0,-1,-1,-1
2161,3,282,437,7,3,1.0,-1,-1,-1
2161,6,109,144,11,9,1.0,-1,-1,-1
2181,1,387,392,11,5,1.0,-1,-1,-1
2181,3,279,419,7,4,1.0,-1,-1,-1
2181,6,115,105,10,8,1.0,-1,-1,-1
2201,1,409,392,10,5,1.0,-1,-1,-1
2201,3,258,400,7,4,1.0,-1,-1,-1
2201,6,121,81,8,6,1.0,-1,-1,-1
2221,1,451,393,10,6,1.0,-1,-1,-1
2221,3,215,387,7,3,1.0,-1,-1,-1
2221,6,142,65,9,5,1.0,-1,-1,-1
2241,1,506,395,11,5,1.0,-1,-1,-1
2241,3,174,373,7,3,1.0,-1,-1,-1
2241,6,177,36,11,9,1.0,-1,-1,-1
2261,1,539,397,9,6,1.0,-1,-1,-1
2261,3,140,357,9,6,1.0,-1,-1,-1
2261,6,188,36,11,9,1.0,-1,-1,-1
2281,1,554,420,8,5,1.0,-1,-1,-1
2281,3,133,357,7,5,1.0,-1,-1,-1
2281,6,189,39,10,7,1.0,-1,-1,-1
2301,1,553,423,9,5,1.0,-1,-1,-1
2301,3,140,353,7,5,1.0,-1,-1,-1
2301,6,189,41,11,9,1.0,-1,-1,-1
2321,1,548,401,9,5,1.0,-1,-1,-1
2321,3,168,346,9,6,1.0,-1,-1,-1
2321,6,196,70,10,8,1.0,-1,-1,-1
