21,1,513,268,28,9,1.0,-1,-1,-1
41,1,516,269,30,7,1.0,-1,-1,-1
61,1,519,268,30,9,1.0,-1,-1,-1
81,1,518,269,29,9,1.0,-1,-1,-1
101,1,519,268,27,9,1.0,-1,-1,-1
121,1,520,268,29,9,1.0,-1,-1,-1
141,1,518,273,30,8,1.0,-1,-1,-1
161,1,519,314,27,8,1.0,-1,-1,-1
181,1,517,317,32,8,1.0,-1,-1,-1
201,1,523,316,32,9,1.0,-1,-1,-1
221,1,515,333,42,12,1.0,-1,-1,-1
241,4,519,298,26,9,1.0,-1,-1,-1
261,4,513,292,37,13,1.0,-1,-1,-1
281,4,436,289,30,11,1.0,-1,-1,-1
301,4,410,287,30,11,1.0,-1,-1,-1
321,4,466,288,37,13,1.0,-1,-1,-1
321,11,228,266,11,4,1.0,-1,-1,-1
341,4,477,287,35,15,1.0,-1,-1,-1
341,11,232,251,11,4,1.0,-1,-1,-1
361,4,391,287,28,9,1.0,-1,-1,-1
361,11,246,252,10,5,1.0,-1,-1,-1
381,4,291,303,31,11,1.0,-1,-1,-1
381,11,247,248,9,5,1.0,-1,-1,-1
401,11,246,230,9,4,1.0,-1,-1,-1
401,14,282,249,39,14,1.0,-1,-1,-1
421,11,247,183,9,4,1.0,-1,-1,-1
421,15,286,200,47,12,1.0,-1,-1,-1
441,12,311,189,39,16,1.0,-1,-1,-1
441,16,246,179,11,4,1.0,-1,-1,-1
461,4,320,246,37,11,1.0,-1,-1,-1
461,16,239,183,13,6,1.0,-1,-1,-1
481,4,314,282,42,11,1.0,-1,-1,-1
481,16,237,180,12,6,1.0,-1,-1,-1
501,12,318,293,38,16,1.0,-1,-1,-1
501,16,242,191,10,6,1.0,-1,-1,-1
521,12,345,274,50,16,1.0,-1,-1,-1
521,16,249,238,10,6,1.0,-1,-1,-1
541,12,403,241,70,24,1.0,-1,-1,-1
561,12,420,258,61,19,1.0,-1,-1,-1
581,12,398,203,82,25,1.0,-1,-1,-1
601,12,401,133,63,21,1.0,-1,-1,-1
621,12,408,201,62,22,1.0,-1,-1,-1
641,12,372,249,85,27,1.0,-1,-1,-1
661,12,265,282,66,22,1.0,-1,-1,-1
681,12,259,146,68,24,1.0,-1,-1,-1
701,12,274,113,53,19,1.0,-1,-1,-1
721,12,281,92,67,25,1.0,-1,-1,-1
741,12,289,13,61,26,1.0,-1,-1,-1
761,12,293,129,63,26,1.0,-1,-1,-1
781,12,293,244,63,21,1.0,-1,-1,-1
801,12,291,210,69,20,1.0,-1,-1,-1
821,12,290,262,69,21,1.0,-1,-1,-1
841,12,286,326,53,15,1.0,-1,-1,-1
861,18,263,349,14,5,1.0,-1,-1,-1
861,20,286,196,67,28,1.0,-1,-1,-1
881,18,246,339,19,6,1.0,-1,-1,-1
901,24,231,345,20,5,1.0,-1,-1,-1
921,12,231,349,18,5,1.0,-1,-1,-1
921,26,240,168,29,17,1.0,-1,-1,-1
941,12,230,348,19,5,1.0,-1,-1,-1
941,27,226,171,38,12,1.0,-1,-1,-1
961,23,229,350,17,5,1.0,-1,-1,-1
961,24,232,350,16,5,1.0,-1,-1,-1
961,27,235,48,31,13,1.0,-1,-1,-1
981,27,232,70,33,13,1.0,-1,-1,-1
981,29,212,342,22,7,1.0,-1,-1,-1
1001,27,230,138,29,10,1.0,-1,-1,-1
1001,29,196,338,25,7,1.0,-1,-1,-1
1021,27,230,87,35,12,1.0,-1,-1,-1
1021,29,192,344,28,7,1.0,-1,-1,-1
1041,27,232,83,39,18,1.0,-1,-1,-1
1041,29,188,352,31,7,1.0,-1,-1,-1
1061,27,318,92,33,17,1.0,-1,-1,-1
1061,29,223,353,28,8,1.0,-1,-1,-1
1081,27,437,107,35,13,1.0,-1,-1,-1
1081,29,297,355,22,6,1.0,-1,-1,-1
1101,27,452,106,36,13,1.0,-1,-1,-1
1101,29,323,352,28,7,1.0,-1,-1,-1
1121,27,370,98,31,11,1.0,-1,-1,-1
1121,29,361,346,28,9,1.0,-1,-1,-1
1141,27,246,91,34,11,1.0,-1,-1,-1
1141,30,448,333,46,14,1.0,-1,-1,-1
1161,27,150,84,37,16,1.0,-1,-1,-1
1161,29,425,326,46,15,1.0,-1,-1,-1
1181,27,137,87,30,13,1.0,-1,-1,-1
1181,29,279,322,52,16,1.0,-1,-1,-1
1201,27,161,90,30,14,1.0,-1,-1,-1
1201,29,271,321,50,16,1.0,-1,-1,-1
1221,27,219,147,31,13,1.0,-1,-1,-1
1221,29,382,323,45,14,1.0,-1,-1,-1
1241,27,280,239,28,10,1.0,-1,-1,-1
1241,29,418,323,57,17,1.0,-1,-1,-1
1261,27,338,252,33,10,1.0,-1,-1,-1
1261,32,531,325,38,11,1.0,-1,-1,-1
1281,27,342,252,39,11,1.0,-1,-1,-1
1301,27,253,250,43,13,1.0,-1,-1,-1
1321,27,221,251,29,9,1.0,-1,-1,-1
1341,27,233,249,37,13,1.0,-1,-1,-1
1361,27,297,254,28,9,1.0,-1,-1,-1
1381,27,301,256,31,9,1.0,-1,-1,-1
1381,33,613,82,17,11,1.0,-1,-1,-1
1401,27,298,258,31,8,1.0,-1,-1,-1
1401,33,425,43,45,16,1.0,-1,-1,-1
1421,27,293,291,35,11,1.0,-1,-1,-1
1421,33,81,0,51,16,1.0,-1,-1,-1
1441,27,298,309,28,8,1.0,-1,-1,-1
1461,27,297,308,31,9,1.0,-1,-1,-1
1481,27,299,326,29,7,1.0,-1,-1,-1
1501,27,294,290,36,10,1.0,-1,-1,-1
1521,27,300,311,27,7,1.0,-1,-1,-1
1541,27,243,326,32,9,1.0,-1,-1,-1
1561,35,596,97,15,11,1.0,-1,-1,-1
1581,35,552,146,22,12,1.0,-1,-1,-1
1601,35,472,173,17,7,1.0,-1,-1,-1
1621,35,396,188,19,8,1.0,-1,-1,-1
1621,47,14,105,34,13,1.0,-1,-1,-1
1641,35,381,191,16,5,1.0,-1,-1,-1
1641,47,55,109,40,19,1.0,-1,-1,-1
1661,35,383,190,15,5,1.0,-1,-1,-1
1661,47,123,119,31,12,1.0,-1,-1,-1
1661,53,224,321,29,9,1.0,-1,-1,-1
1681,35,383,190,16,5,1.0,-1,-1,-1
1681,47,101,118,32,13,1.0,-1,-1,-1
1681,54,357,299,28,11,1.0,-1,-1,-1
1701,47,86,122,33,13,1.0,-1,-1,-1
1701,54,368,186,26,10,1.0,-1,-1,-1
1721,35,383,190,15,5,1.0,-1,-1,-1
1721,47,74,143,29,13,1.0,-1,-1,-1
1721,55,358,193,34,11,1.0,-1,-1,-1
1741,35,383,190,15,5,1.0,-1,-1,-1
1741,47,65,172,24,10,1.0,-1,-1,-1
1741,55,361,269,26,8,1.0,-1,-1,-1
1761,35,383,191,15,5,1.0,-1,-1,-1
1761,47,55,193,26,11,1.0,-1,-1,-1
1761,55,361,264,29,8,1.0,-1,-1,-1
1781,35,383,191,15,5,1.0,-1,-1,-1
1781,47,91,203,23,8,1.0,-1,-1,-1
1781,56,361,201,27,8,1.0,-1,-1,-1
1801,35,384,191,15,5,1.0,-1,-1,-1
1801,47,119,208,22,7,1.0,-1,-1,-1
1801,56,360,159,29,10,1.0,-1,-1,-1
1821,35,384,191,15,5,1.0,-1,-1,-1
1821,47,122,212,23,8,1.0,-1,-1,-1
1821,56,363,134,28,9,1.0,-1,-1,-1
1841,35,384,191,15,5,1.0,-1,-1,-1
1841,47,121,224,19,7,1.0,-1,-1,-1
1841,56,363,209,28,10,1.0,-1,-1,-1
1861,35,383,191,15,5,1.0,-1,-1,-1
1861,47,117,233,18,6,1.0,-1,-1,-1
1861,56,363,246,29,8,1.0,-1,-1,-1
1881,35,383,191,15,5,1.0,-1,-1,-1
1881,47,115,234,18,6,1.0,-1,-1,-1
1881,56,363,298,27,7,1.0,-1,-1,-1
1901,35,383,191,15,5,1.0,-1,-1,-1
1901,47,122,237,18,9,1.0,-1,-1,-1
1901,56,360,309,31,10,1.0,-1,-1,-1
1921,35,384,191,15,5,1.0,-1,-1,-1
1921,47,147,250,16,6,1.0,-1,-1,-1
1921,58,365,217,28,10,1.0,-1,-1,-1
1941,47,156,258,15,5,1.0,-1,-1,-1
1941,59,368,190,27,8,1.0,-1,-1,-1
1961,35,384,191,15,5,1.0,-1,-1,-1
1961,47,169,266,13,5,1.0,-1,-1,-1
1961,59,364,197,26,8,1.0,-1,-1,-1
1961,60,369,192,30,11,1.0,-1,-1,-1
1981,35,385,191,15,5,1.0,-1,-1,-1
1981,56,326,194,35,11,1.0,-1,-1,-1
2001,35,384,191,15,5,1.0,-1,-1,-1
2001,47,189,287,14,6,1.0,-1,-1,-1
2001,56,310,193,26,9,1.0,-1,-1,-1
2021,35,384,191,15,5,1.0,-1,-1,-1
2021,47,198,296,13,5,1.0,-1,-1,-1
2021,59,307,225,30,10,1.0,-1,-1,-1
2041,35,384,191,15,5,1.0,-1,-1,-1
2041,47,206,303,13,5,1.0,-1,-1,-1
2041,59,306,285,30,9,1.0,-1,-1,-1
2061,35,384,191,15,5,1.0,-1,-1,-1
2061,47,215,309,10,5,1.0,-1,-1,-1
2061,59,306,289,31,10,1.0,-1,-1,-1
2081,35,385,191,15,5,1.0,-1,-1,-1
2081,63,307,249,29,9,1.0,-1,-1,-1
2101,35,385,191,15,5,1.0,-1,-1,-1
2101,63,312,171,25,9,1.0,-1,-1,-1
2121,35,383,191,17,5,1.0,-1,-1,-1
2121,65,308,224,28,9,1.0,-1,-1,-1
2141,35,384,190,15,7,1.0,-1,-1,-1
2141,65,308,237,27,8,1.0,-1,-1,-1
