21,1,262,190,23,7,1.0,-1,-1,-1
21,2,340,224,38,9,1.0,-1,-1,-1
41,1,263,190,23,7,1.0,-1,-1,-1
41,2,340,224,39,9,1.0,-1,-1,-1
61,1,263,190,23,7,1.0,-1,-1,-1
61,2,331,222,51,13,1.0,-1,-1,-1
81,2,254,218,48,16,1.0,-1,-1,-1
101,2,128,211,40,17,1.0,-1,-1,-1
101,3,263,279,19,7,1.0,-1,-1,-1
121,2,138,210,39,17,1.0,-1,-1,-1
121,3,262,311,19,6,1.0,-1,-1,-1
141,2,276,217,38,14,1.0,-1,-1,-1
141,5,260,269,20,8,1.0,-1,-1,-1
161,2,328,220,41,13,1.0,-1,-1,-1
161,5,264,172,19,9,1.0,-1,-1,-1
181,2,277,218,34,11,1.0,-1,-1,-1
181,5,264,163,21,8,1.0,-1,-1,-1
201,2,232,216,31,10,1.0,-1,-1,-1
201,5,264,163,23,9,1.0,-1,-1,-1
221,2,205,213,38,12,1.0,-1,-1,-1
221,5,263,163,23,9,1.0,-1,-1,-1
241,2,222,211,39,17,1.0,-1,-1,-1
241,5,262,170,23,8,1.0,-1,-1,-1
261,2,335,219,38,14,1.0,-1,-1,-1
261,5,261,219,21,9,1.0,-1,-1,-1
281,2,331,218,41,15,1.0,-1,-1,-1
281,5,262,272,19,7,1.0,-1,-1,-1
301,2,279,274,31,10,1.0,-1,-1,-1
301,5,260,317,21,6,1.0,-1,-1,-1
321,2,266,272,32,12,1.0,-1,-1,-1
321,6,260,327,21,6,1.0,-1,-1,-1
341,2,244,249,33,11,1.0,-1,-1,-1
361,2,262,291,28,10,1.0,-1,-1,-1
361,18,265,95,20,11,1.0,-1,-1,-1
381,2,305,236,40,17,1.0,-1,-1,-1
381,18,265,95,22,10,1.0,-1,-1,-1
401,2,324,112,32,14,1.0,-1,-1,-1
401,18,267,149,19,8,1.0,-1,-1,-1
421,2,325,169,40,16,1.0,-1,-1,-1
421,18,263,93,27,12,1.0,-1,-1,-1
441,19,239,219,54,13,1.0,-1,-1,-1
461,19,206,76,49,24,1.0,-1,-1,-1
481,22,265,26,28,13,1.0,-1,-1,-1
481,23,268,46,19,9,1.0,-1,-1,-1
501,22,271,115,48,18,1.0,-1,-1,-1
521,22,294,212,45,14,1.0,-1,-1,-1
521,23,266,188,21,10,1.0,-1,-1,-1
541,22,325,140,58,24,1.0,-1,-1,-1
541,23,263,249,19,7,1.0,-1,-1,-1
561,22,342,86,47,20,1.0,-1,-1,-1
561,23,259,262,22,7,1.0,-1,-1,-1
581,22,327,201,53,23,1.0,-1,-1,-1
581,24,260,152,26,13,1.0,-1,-1,-1
601,22,163,255,51,19,1.0,-1,-1,-1
601,24,266,74,19,9,1.0,-1,-1,-1
621,22,160,122,59,29,1.0,-1,-1,-1
621,24,265,109,23,10,1.0,-1,-1,-1
641,22,276,47,42,18,1.0,-1,-1,-1
641,24,265,181,23,11,1.0,-1,-1,-1
661,22,296,165,45,19,1.0,-1,-1,-1
661,24,266,246,19,7,1.0,-1,-1,-1
681,22,292,252,58,21,1.0,-1,-1,-1
681,24,260,296,19,7,1.0,-1,-1,-1
701,22,431,261,45,14,1.0,-1,-1,-1
701,25,258,291,25,8,1.0,-1,-1,-1
721,22,510,266,36,11,1.0,-1,-1,-1
721,25,258,166,29,14,1.0,-1,-1,-1
741,22,427,261,58,18,1.0,-1,-1,-1
741,25,267,10,19,12,1.0,-1,-1,-1
761,22,192,247,66,21,1.0,-1,-1,-1
781,22,135,101,48,24,1.0,-1,-1,-1
781,28,271,21,19,10,1.0,-1,-1,-1
801,22,168,36,43,18,1.0,-1,-1,-1
801,28,269,89,20,10,1.0,-1,-1,-1
821,22,166,154,39,15,1.0,-1,-1,-1
821,28,265,162,20,9,1.0,-1,-1,-1
841,22,162,232,53,19,1.0,-1,-1,-1
841,28,263,228,19,8,1.0,-1,-1,-1
861,22,226,252,51,19,1.0,-1,-1,-1
861,28,259,272,23,7,1.0,-1,-1,-1
881,28,259,248,25,8,1.0,-1,-1,-1
881,29,438,249,67,21,1.0,-1,-1,-1
901,29,435,52,69,30,1.0,-1,-1,-1
901,30,261,108,25,14,1.0,-1,-1,-1
921,29,389,31,42,24,1.0,-1,-1,-1
921,30,268,7,17,9,1.0,-1,-1,-1
941,29,355,29,47,17,1.0,-1,-1,-1
941,30,268,18,20,9,1.0,-1,-1,-1
961,30,267,88,21,9,1.0,-1,-1,-1
981,30,265,159,21,10,1.0,-1,-1,-1
981,32,367,28,39,19,1.0,-1,-1,-1
1001,30,262,225,19,8,1.0,-1,-1,-1
1001,32,373,168,36,15,1.0,-1,-1,-1
1021,30,258,233,22,7,1.0,-1,-1,-1
1021,32,369,258,41,12,1.0,-1,-1,-1
1041,30,260,233,23,7,1.0,-1,-1,-1
1041,32,347,301,34,12,1.0,-1,-1,-1
1061,32,308,309,35,12,1.0,-1,-1,-1
1061,33,262,184,21,10,1.0,-1,-1,-1
1081,32,336,295,30,12,1.0,-1,-1,-1
1081,33,265,99,19,9,1.0,-1,-1,-1
1101,30,265,112,23,9,1.0,-1,-1,-1
1101,32,411,197,50,21,1.0,-1,-1,-1
1121,30,265,177,21,9,1.0,-1,-1,-1
1121,32,464,264,37,13,1.0,-1,-1,-1
1141,30,262,220,20,7,1.0,-1,-1,-1
1141,32,435,285,51,16,1.0,-1,-1,-1
1161,30,260,167,25,9,1.0,-1,-1,-1
1161,32,252,226,77,25,1.0,-1,-1,-1
1181,30,261,151,22,9,1.0,-1,-1,-1
1181,32,184,158,45,19,1.0,-1,-1,-1
1201,30,260,203,21,7,1.0,-1,-1,-1
1201,32,225,165,40,15,1.0,-1,-1,-1
1221,30,262,254,19,7,1.0,-1,-1,-1
1221,32,252,219,46,14,1.0,-1,-1,-1
1241,30,261,304,19,6,1.0,-1,-1,-1
1241,32,253,224,51,13,1.0,-1,-1,-1
1261,30,258,338,21,5,1.0,-1,-1,-1
1261,32,252,223,53,13,1.0,-1,-1,-1
1281,30,258,350,21,5,1.0,-1,-1,-1
1281,32,246,241,54,14,1.0,-1,-1,-1
1301,32,238,255,57,15,1.0,-1,-1,-1
1321,32,241,230,55,15,1.0,-1,-1,-1
1321,50,263,156,19,10,1.0,-1,-1,-1
1341,32,254,151,45,15,1.0,-1,-1,-1
1341,50,263,138,21,8,1.0,-1,-1,-1
1361,32,253,152,49,16,1.0,-1,-1,-1
1361,50,264,66,21,10,1.0,-1,-1,-1
1381,32,254,153,45,15,1.0,-1,-1,-1
1381,50,264,73,21,9,1.0,-1,-1,-1
1401,32,246,146,59,22,1.0,-1,-1,-1
1421,32,243,158,51,20,1.0,-1,-1,-1
1441,32,263,130,52,22,1.0,-1,-1,-1
1441,51,263,171,19,7,1.0,-1,-1,-1
1461,32,274,132,47,18,1.0,-1,-1,-1
1461,51,262,171,21,7,1.0,-1,-1,-1
1481,32,274,184,47,16,1.0,-1,-1,-1
1481,51,262,172,20,7,1.0,-1,-1,-1
1501,32,267,89,54,21,1.0,-1,-1,-1
1501,51,260,167,23,7,1.0,-1,-1,-1
1521,32,270,115,48,20,1.0,-1,-1,-1
1521,51,258,159,25,10,1.0,-1,-1,-1
1541,32,266,138,47,16,1.0,-1,-1,-1
1541,51,258,185,25,10,1.0,-1,-1,-1
1561,32,268,136,47,17,1.0,-1,-1,-1
1561,51,259,242,21,7,1.0,-1,-1,-1
1581,32,271,136,45,15,1.0,-1,-1,-1
1581,51,259,293,22,7,1.0,-1,-1,-1
1601,32,269,134,49,17,1.0,-1,-1,-1
1601,51,255,332,21,6,1.0,-1,-1,-1
1621,32,265,133,50,17,1.0,-1,-1,-1
1621,51,252,356,25,6,1.0,-1,-1,-1
1641,32,265,147,51,17,1.0,-1,-1,-1
1641,51,253,350,23,6,1.0,-1,-1,-1
1661,32,257,242,65,23,1.0,-1,-1,-1
1681,32,283,266,49,16,1.0,-1,-1,-1
1681,75,264,57,21,14,1.0,-1,-1,-1
1701,32,281,157,59,19,1.0,-1,-1,-1
1701,75,270,0,16,6,1.0,-1,-1,-1
1721,32,281,141,53,18,1.0,-1,-1,-1
1741,32,280,204,51,16,1.0,-1,-1,-1
1761,32,271,92,69,26,1.0,-1,-1,-1
1781,32,290,0,42,14,1.0,-1,-1,-1
1801,32,287,108,49,21,1.0,-1,-1,-1
1821,32,279,127,52,18,1.0,-1,-1,-1
1841,32,275,123,54,20,1.0,-1,-1,-1
1861,32,286,126,50,17,1.0,-1,-1,-1
1861,77,262,59,22,11,1.0,-1,-1,-1
1881,32,287,165,56,20,1.0,-1,-1,-1
1881,77,259,136,21,10,1.0,-1,-1,-1
1901,32,287,234,53,15,1.0,-1,-1,-1
1901,77,257,200,19,7,1.0,-1,-1,-1
1921,32,265,134,56,26,1.0,-1,-1,-1
1921,77,252,230,23,8,1.0,-1,-1,-1
1941,32,227,246,35,14,1.0,-1,-1,-1
1941,77,252,277,21,7,1.0,-1,-1,-1
1961,77,250,299,23,7,1.0,-1,-1,-1
1961,78,210,189,51,17,1.0,-1,-1,-1
1981,78,242,88,37,13,1.0,-1,-1,-1
1981,79,249,295,27,8,1.0,-1,-1,-1
2001,78,270,33,44,19,1.0,-1,-1,-1
2001,86,257,201,21,10,1.0,-1,-1,-1
2021,78,273,34,47,22,1.0,-1,-1,-1
2021,86,259,213,24,9,1.0,-1,-1,-1
2041,78,278,126,39,13,1.0,-1,-1,-1
2041,86,258,221,25,7,1.0,-1,-1,-1
2061,78,275,127,47,14,1.0,-1,-1,-1
2061,86,256,171,30,11,1.0,-1,-1,-1
2081,78,276,123,43,13,1.0,-1,-1,-1
2081,86,266,105,21,9,1.0,-1,-1,-1
2101,78,275,120,45,15,1.0,-1,-1,-1
2101,87,268,148,19,9,1.0,-1,-1,-1
2121,78,272,143,49,17,1.0,-1,-1,-1
2121,87,263,203,23,9,1.0,-1,-1,-1
2141,78,274,167,45,13,1.0,-1,-1,-1
2141,87,257,259,22,7,1.0,-1,-1,-1
