21,1,0,260,28,15,1.0,-1,-1,-1
21,2,285,291,35,15,1.0,-1,-1,-1
21,4,515,375,18,9,1.0,-1,-1,-1
41,1,20,270,28,14,1.0,-1,-1,-1
41,2,284,273,34,15,1.0,-1,-1,-1
41,4,525,374,19,9,1.0,-1,-1,-1
41,6,239,361,17,7,1.0,-1,-1,-1
61,1,82,290,27,11,1.0,-1,-1,-1
61,2,287,248,26,9,1.0,-1,-1,-1
61,4,526,373,19,9,1.0,-1,-1,-1
81,1,55,283,28,9,1.0,-1,-1,-1
81,2,286,223,32,11,1.0,-1,-1,-1
81,4,525,373,19,9,1.0,-1,-1,-1
101,1,0,271,22,10,1.0,-1,-1,-1
101,2,286,220,33,11,1.0,-1,-1,-1
101,4,510,374,20,9,1.0,-1,-1,-1
121,2,269,219,34,15,1.0,-1,-1,-1
121,4,498,374,19,9,1.0,-1,-1,-1
141,2,193,223,29,11,1.0,-1,-1,-1
141,4,454,375,18,9,1.0,-1,-1,-1
161,2,132,223,34,13,1.0,-1,-1,-1
161,4,395,377,18,8,1.0,-1,-1,-1
181,2,126,223,37,9,1.0,-1,-1,-1
181,4,369,371,19,8,1.0,-1,-1,-1
201,2,96,205,45,11,1.0,-1,-1,-1
201,8,373,338,16,8,1.0,-1,-1,-1
221,2,63,179,46,18,1.0,-1,-1,-1
241,2,62,177,43,16,1.0,-1,-1,-1
241,16,375,202,13,5,1.0,-1,-1,-1
241,17,46,253,43,13,1.0,-1,-1,-1
261,2,79,184,43,19,1.0,-1,-1,-1
261,16,375,197,13,5,1.0,-1,-1,-1
261,17,234,244,50,17,1.0,-1,-1,-1
281,2,115,212,35,10,1.0,-1,-1,-1
281,17,358,247,39,17,1.0,-1,-1,-1
301,2,118,285,43,13,1.0,-1,-1,-1
301,17,408,276,30,12,1.0,-1,-1,-1
321,2,119,333,41,15,1.0,-1,-1,-1
321,17,432,300,29,11,1.0,-1,-1,-1
321,26,365,304,19,9,1.0,-1,-1,-1
341,2,117,338,41,15,1.0,-1,-1,-1
341,17,446,306,26,10,1.0,-1,-1,-1
341,26,355,303,17,9,1.0,-1,-1,-1
361,2,114,340,43,15,1.0,-1,-1,-1
361,17,451,287,26,10,1.0,-1,-1,-1
361,26,353,306,17,8,1.0,-1,-1,-1
381,2,116,341,43,15,1.0,-1,-1,-1
381,26,381,307,17,8,1.0,-1,-1,-1
381,29,450,235,22,8,1.0,-1,-1,-1
401,2,115,341,43,15,1.0,-1,-1,-1
401,17,422,221,24,12,1.0,-1,-1,-1
401,26,437,308,20,9,1.0,-1,-1,-1
421,2,116,342,41,15,1.0,-1,-1,-1
421,17,381,225,25,9,1.0,-1,-1,-1
421,31,479,334,15,8,1.0,-1,-1,-1
441,2,115,341,43,15,1.0,-1,-1,-1
441,28,385,237,21,7,1.0,-1,-1,-1
441,31,486,360,19,9,1.0,-1,-1,-1
461,2,130,341,44,17,1.0,-1,-1,-1
461,28,391,233,23,8,1.0,-1,-1,-1
461,31,495,378,17,9,1.0,-1,-1,-1
481,2,184,343,39,14,1.0,-1,-1,-1
481,28,397,218,22,7,1.0,-1,-1,-1
481,31,499,385,21,11,1.0,-1,-1,-1
501,2,192,341,44,17,1.0,-1,-1,-1
501,28,400,207,25,8,1.0,-1,-1,-1
501,31,512,383,20,10,1.0,-1,-1,-1
521,2,195,343,39,16,1.0,-1,-1,-1
521,28,400,199,31,11,1.0,-1,-1,-1
521,31,539,379,21,10,1.0,-1,-1,-1
521,34,148,387,21,9,1.0,-1,-1,-1
541,2,199,323,37,14,1.0,-1,-1,-1
541,28,411,267,26,11,1.0,-1,-1,-1
541,31,579,375,25,10,1.0,-1,-1,-1
561,2,208,245,28,9,1.0,-1,-1,-1
561,28,416,316,31,12,1.0,-1,-1,-1
561,31,624,372,15,8,1.0,-1,-1,-1
581,2,208,263,31,10,1.0,-1,-1,-1
581,28,393,317,29,12,1.0,-1,-1,-1
601,2,207,320,35,13,1.0,-1,-1,-1
601,28,368,308,33,14,1.0,-1,-1,-1
621,2,204,323,35,13,1.0,-1,-1,-1
621,28,350,292,34,14,1.0,-1,-1,-1
641,2,206,281,30,11,1.0,-1,-1,-1
641,28,331,280,45,19,1.0,-1,-1,-1
661,2,204,271,32,10,1.0,-1,-1,-1
661,28,276,275,41,17,1.0,-1,-1,-1
681,44,105,277,38,13,1.0,-1,-1,-1
681,45,166,269,36,15,1.0,-1,-1,-1
701,44,44,280,39,12,1.0,-1,-1,-1
701,45,132,272,25,9,1.0,-1,-1,-1
721,44,0,284,20,8,1.0,-1,-1,-1
721,45,107,266,33,9,1.0,-1,-1,-1
741,2,96,257,34,12,1.0,-1,-1,-1
761,2,107,261,31,13,1.0,-1,-1,-1
781,2,126,273,31,9,1.0,-1,-1,-1
801,2,129,273,35,11,1.0,-1,-1,-1
821,2,132,272,39,15,1.0,-1,-1,-1
821,47,607,341,32,20,1.0,-1,-1,-1
841,2,145,277,33,13,1.0,-1,-1,-1
841,47,569,337,51,19,1.0,-1,-1,-1
861,2,148,279,33,13,1.0,-1,-1,-1
861,47,568,336,56,17,1.0,-1,-1,-1
881,2,149,278,33,13,1.0,-1,-1,-1
881,47,571,338,59,19,1.0,-1,-1,-1
901,2,149,278,33,13,1.0,-1,-1,-1
901,47,553,339,60,22,1.0,-1,-1,-1
921,2,149,277,35,15,1.0,-1,-1,-1
921,47,392,343,47,17,1.0,-1,-1,-1
941,2,196,277,30,13,1.0,-1,-1,-1
941,47,273,343,50,15,1.0,-1,-1,-1
961,2,296,276,35,13,1.0,-1,-1,-1
961,47,191,340,57,20,1.0,-1,-1,-1
981,2,372,275,32,13,1.0,-1,-1,-1
981,47,0,336,54,19,1.0,-1,-1,-1
981,49,24,218,17,13,1.0,-1,-1,-1
1001,2,392,267,37,15,1.0,-1,-1,-1
1001,49,90,245,22,9,1.0,-1,-1,-1
1021,2,402,259,35,16,1.0,-1,-1,-1
1021,49,99,248,22,8,1.0,-1,-1,-1
1041,2,410,258,37,17,1.0,-1,-1,-1
1041,49,93,243,27,9,1.0,-1,-1,-1
1061,2,421,270,33,16,1.0,-1,-1,-1
1061,49,121,250,24,11,1.0,-1,-1,-1
1081,2,420,289,27,13,1.0,-1,-1,-1
1081,49,168,268,25,11,1.0,-1,-1,-1
1101,2,411,304,26,11,1.0,-1,-1,-1
1101,49,179,272,23,10,1.0,-1,-1,-1
1121,2,423,315,27,11,1.0,-1,-1,-1
1121,49,148,251,29,14,1.0,-1,-1,-1
1141,2,443,320,23,11,1.0,-1,-1,-1
1141,49,136,254,19,7,1.0,-1,-1,-1
1141,50,17,374,16,9,1.0,-1,-1,-1
1161,2,452,319,25,11,1.0,-1,-1,-1
1161,49,127,252,23,7,1.0,-1,-1,-1
1161,50,65,375,19,9,1.0,-1,-1,-1
1181,2,459,317,23,11,1.0,-1,-1,-1
1181,49,68,225,31,9,1.0,-1,-1,-1
1181,50,76,374,20,9,1.0,-1,-1,-1
1201,2,451,316,26,13,1.0,-1,-1,-1
1201,49,22,227,32,14,1.0,-1,-1,-1
1201,50,148,377,19,9,1.0,-1,-1,-1
1221,2,423,318,24,11,1.0,-1,-1,-1
1221,49,18,291,24,8,1.0,-1,-1,-1
1221,50,281,378,25,11,1.0,-1,-1,-1
1241,2,421,318,25,11,1.0,-1,-1,-1
1241,49,12,312,48,17,1.0,-1,-1,-1
1241,50,368,379,25,11,1.0,-1,-1,-1
1261,2,426,318,25,11,1.0,-1,-1,-1
1261,49,81,321,34,15,1.0,-1,-1,-1
1261,50,390,379,24,9,1.0,-1,-1,-1
1281,2,408,318,25,12,1.0,-1,-1,-1
1281,50,394,379,23,9,1.0,-1,-1,-1
1281,51,177,338,23,11,1.0,-1,-1,-1
1301,2,400,319,23,11,1.0,-1,-1,-1
1301,50,395,379,23,9,1.0,-1,-1,-1
1301,51,184,334,28,13,1.0,-1,-1,-1
1321,2,401,319,27,11,1.0,-1,-1,-1
1321,50,395,379,23,9,1.0,-1,-1,-1
1321,51,155,326,25,12,1.0,-1,-1,-1
1341,2,405,318,25,11,1.0,-1,-1,-1
1341,50,394,380,23,9,1.0,-1,-1,-1
1341,51,51,297,29,12,1.0,-1,-1,-1
1361,2,407,319,25,11,1.0,-1,-1,-1
1361,50,394,380,25,9,1.0,-1,-1,-1
1381,2,410,318,25,11,1.0,-1,-1,-1
1381,50,395,379,25,9,1.0,-1,-1,-1
1401,2,448,318,25,11,1.0,-1,-1,-1
1401,50,395,379,25,9,1.0,-1,-1,-1
1401,53,69,278,30,12,1.0,-1,-1,-1
1421,2,479,318,23,9,1.0,-1,-1,-1
1421,50,397,335,21,10,1.0,-1,-1,-1
1421,55,98,259,27,8,1.0,-1,-1,-1
1441,2,500,314,23,11,1.0,-1,-1,-1
1441,50,399,273,20,9,1.0,-1,-1,-1
1441,55,94,218,31,10,1.0,-1,-1,-1
1461,2,515,312,26,11,1.0,-1,-1,-1
1461,50,399,255,21,10,1.0,-1,-1,-1
1461,55,22,177,53,19,1.0,-1,-1,-1
1481,2,533,308,24,11,1.0,-1,-1,-1
1481,50,400,237,15,5,1.0,-1,-1,-1
1481,55,0,227,28,12,1.0,-1,-1,-1
1501,2,547,303,27,11,1.0,-1,-1,-1
1501,50,396,226,21,6,1.0,-1,-1,-1
1501,55,19,250,38,14,1.0,-1,-1,-1
1521,2,566,290,32,13,1.0,-1,-1,-1
1521,50,395,229,23,7,1.0,-1,-1,-1
1521,55,152,244,46,17,1.0,-1,-1,-1
1541,2,586,283,23,11,1.0,-1,-1,-1
1541,50,393,242,15,5,1.0,-1,-1,-1
1541,55,262,261,41,16,1.0,-1,-1,-1
1561,2,585,277,33,11,1.0,-1,-1,-1
1561,55,242,272,38,17,1.0,-1,-1,-1
1561,56,386,265,20,10,1.0,-1,-1,-1
1581,2,587,274,32,13,1.0,-1,-1,-1
1581,55,130,281,28,11,1.0,-1,-1,-1
1581,60,383,322,18,10,1.0,-1,-1,-1
1621,66,402,275,39,15,1.0,-1,-1,-1
1621,67,52,299,32,14,1.0,-1,-1,-1
1621,68,379,378,19,9,1.0,-1,-1,-1
1641,66,333,273,34,13,1.0,-1,-1,-1
1641,67,54,301,27,12,1.0,-1,-1,-1
1641,68,377,387,19,9,1.0,-1,-1,-1
1661,66,287,270,34,15,1.0,-1,-1,-1
1661,67,25,293,19,7,1.0,-1,-1,-1
1661,68,402,387,19,9,1.0,-1,-1,-1
1681,66,271,269,33,14,1.0,-1,-1,-1
1681,67,17,292,32,12,1.0,-1,-1,-1
1681,68,461,385,18,9,1.0,-1,-1,-1
1701,66,250,257,32,13,1.0,-1,-1,-1
1701,67,48,298,27,11,1.0,-1,-1,-1
1701,68,515,385,20,9,1.0,-1,-1,-1
1721,66,189,217,60,18,1.0,-1,-1,-1
1721,67,59,300,26,10,1.0,-1,-1,-1
1721,68,522,385,20,9,1.0,-1,-1,-1
1741,66,160,188,47,22,1.0,-1,-1,-1
1741,67,60,302,28,13,1.0,-1,-1,-1
1741,68,521,388,20,9,1.0,-1,-1,-1
1761,66,168,190,47,24,1.0,-1,-1,-1
1761,67,113,317,22,9,1.0,-1,-1,-1
1761,68,523,395,19,9,1.0,-1,-1,-1
1781,66,203,220,35,13,1.0,-1,-1,-1
1781,67,146,327,20,9,1.0,-1,-1,-1
1781,68,519,393,21,10,1.0,-1,-1,-1
1801,66,213,231,44,12,1.0,-1,-1,-1
1801,67,153,331,21,10,1.0,-1,-1,-1
1801,68,520,393,21,9,1.0,-1,-1,-1
1821,66,212,229,45,13,1.0,-1,-1,-1
1821,67,153,348,23,10,1.0,-1,-1,-1
1821,68,525,393,23,11,1.0,-1,-1,-1
1841,66,213,172,45,17,1.0,-1,-1,-1
1841,67,136,344,23,10,1.0,-1,-1,-1
1841,68,533,392,21,9,1.0,-1,-1,-1
1861,66,216,165,41,15,1.0,-1,-1,-1
1861,67,115,341,26,11,1.0,-1,-1,-1
1861,68,536,391,21,11,1.0,-1,-1,-1
1881,66,216,214,38,14,1.0,-1,-1,-1
1881,67,122,339,25,11,1.0,-1,-1,-1
1881,68,540,364,21,9,1.0,-1,-1,-1
1901,66,218,228,40,14,1.0,-1,-1,-1
1901,67,107,338,26,11,1.0,-1,-1,-1
1901,68,543,360,22,9,1.0,-1,-1,-1
1921,66,218,252,40,13,1.0,-1,-1,-1
1921,67,108,336,26,11,1.0,-1,-1,-1
1921,68,547,356,24,11,1.0,-1,-1,-1
1941,66,217,246,40,14,1.0,-1,-1,-1
1941,67,111,336,25,11,1.0,-1,-1,-1
1941,68,556,354,25,11,1.0,-1,-1,-1
1961,66,217,191,41,15,1.0,-1,-1,-1
1961,67,78,335,26,11,1.0,-1,-1,-1
1961,68,573,350,26,11,1.0,-1,-1,-1
1981,66,220,192,39,14,1.0,-1,-1,-1
1981,67,86,333,29,13,1.0,-1,-1,-1
1981,68,592,344,26,10,1.0,-1,-1,-1
2001,66,219,191,41,15,1.0,-1,-1,-1
2001,67,58,325,28,13,1.0,-1,-1,-1
2001,68,598,339,28,11,1.0,-1,-1,-1
2021,66,216,204,41,15,1.0,-1,-1,-1
2021,75,0,310,10,11,1.0,-1,-1,-1
2041,66,216,233,42,13,1.0,-1,-1,-1
2041,75,0,309,12,11,1.0,-1,-1,-1
2041,82,594,207,26,8,1.0,-1,-1,-1
2061,66,216,148,42,15,1.0,-1,-1,-1
2061,75,37,317,29,13,1.0,-1,-1,-1
2061,82,595,211,27,8,1.0,-1,-1,-1
2081,66,220,147,39,15,1.0,-1,-1,-1
2081,75,115,334,25,11,1.0,-1,-1,-1
2081,82,596,268,23,7,1.0,-1,-1,-1
2101,66,220,147,39,15,1.0,-1,-1,-1
2101,75,174,344,23,10,1.0,-1,-1,-1
2101,82,593,280,25,6,1.0,-1,-1,-1
2121,66,218,147,39,15,1.0,-1,-1,-1
2121,75,223,347,21,9,1.0,-1,-1,-1
2121,82,577,282,29,11,1.0,-1,-1,-1
2141,66,218,146,40,15,1.0,-1,-1,-1
2141,75,306,346,22,9,1.0,-1,-1,-1
2141,82,553,297,25,11,1.0,-1,-1,-1
2161,66,221,146,40,15,1.0,-1,-1,-1
2161,75,332,344,23,9,1.0,-1,-1,-1
2161,82,520,313,21,9,1.0,-1,-1,-1
2181,66,223,146,38,15,1.0,-1,-1,-1
2181,82,500,326,20,9,1.0,-1,-1,-1
2181,85,335,303,19,9,1.0,-1,-1,-1
2201,66,222,146,39,15,1.0,-1,-1,-1
2201,82,494,329,19,9,1.0,-1,-1,-1
2201,85,333,269,22,9,1.0,-1,-1,-1
2221,66,221,147,39,15,1.0,-1,-1,-1
2221,82,457,328,20,9,1.0,-1,-1,-1
2221,85,342,268,22,9,1.0,-1,-1,-1
