21,1,63,101,11,5,1.0,-1,-1,-1
21,2,299,257,12,5,1.0,-1,-1,-1
21,3,247,287,15,5,1.0,-1,-1,-1
41,1,62,101,11,5,1.0,-1,-1,-1
41,2,295,258,13,5,1.0,-1,-1,-1
41,3,257,287,13,5,1.0,-1,-1,-1
61,1,63,101,13,7,1.0,-1,-1,-1
61,2,291,259,13,5,1.0,-1,-1,-1
61,3,263,286,13,5,1.0,-1,-1,-1
81,1,81,102,11,5,1.0,-1,-1,-1
81,2,283,259,13,6,1.0,-1,-1,-1
81,3,265,285,13,5,1.0,-1,-1,-1
101,1,84,102,11,5,1.0,-1,-1,-1
101,2,275,258,13,5,1.0,-1,-1,-1
101,3,265,285,13,5,1.0,-1,-1,-1
121,1,85,103,11,5,1.0,-1,-1,-1
121,2,268,250,12,5,1.0,-1,-1,-1
121,3,263,287,15,5,1.0,-1,-1,-1
141,1,85,94,13,5,1.0,-1,-1,-1
141,2,258,243,14,6,1.0,-1,-1,-1
141,3,265,292,13,5,1.0,-1,-1,-1
161,1,88,74,11,5,1.0,-1,-1,-1
161,2,249,235,13,6,1.0,-1,-1,-1
161,3,264,296,12,5,1.0,-1,-1,-1
181,1,92,54,11,5,1.0,-1,-1,-1
181,2,240,226,13,6,1.0,-1,-1,-1
181,3,266,291,12,5,1.0,-1,-1,-1
201,1,90,69,11,6,1.0,-1,-1,-1
201,2,231,218,13,5,1.0,-1,-1,-1
201,3,267,288,12,5,1.0,-1,-1,-1
221,2,220,207,13,5,1.0,-1,-1,-1
221,3,268,282,9,4,1.0,-1,-1,-1
221,4,82,128,11,5,1.0,-1,-1,-1
241,2,212,197,13,5,1.0,-1,-1,-1
241,3,268,275,10,4,1.0,-1,-1,-1
241,4,81,123,11,6,1.0,-1,-1,-1
261,2,204,187,13,5,1.0,-1,-1,-1
261,3,269,268,9,4,1.0,-1,-1,-1
261,4,81,90,13,6,1.0,-1,-1,-1
281,2,197,178,13,6,1.0,-1,-1,-1
281,3,269,259,9,4,1.0,-1,-1,-1
281,4,83,84,14,7,1.0,-1,-1,-1
301,2,195,177,13,5,1.0,-1,-1,-1
301,3,271,249,9,4,1.0,-1,-1,-1
301,4,106,87,11,5,1.0,-1,-1,-1
321,2,207,162,13,5,1.0,-1,-1,-1
321,3,271,241,9,5,1.0,-1,-1,-1
321,4,114,72,11,6,1.0,-1,-1,-1
341,2,225,151,13,5,1.0,-1,-1,-1
341,3,265,233,10,5,1.0,-1,-1,-1
341,4,117,63,11,6,1.0,-1,-1,-1
361,2,242,138,12,5,1.0,-1,-1,-1
361,3,257,226,9,4,1.0,-1,-1,-1
361,4,115,93,11,6,1.0,-1,-1,-1
381,2,257,124,13,5,1.0,-1,-1,-1
381,3,248,225,10,5,1.0,-1,-1,-1
381,4,113,121,11,5,1.0,-1,-1,-1
401,2,274,110,11,5,1.0,-1,-1,-1
401,3,241,225,9,5,1.0,-1,-1,-1
401,4,113,93,13,6,1.0,-1,-1,-1
421,2,290,95,13,6,1.0,-1,-1,-1
421,3,232,226,9,5,1.0,-1,-1,-1
421,4,119,50,11,6,1.0,-1,-1,-1
441,2,308,81,11,5,1.0,-1,-1,-1
441,3,221,224,9,5,1.0,-1,-1,-1
441,4,118,59,11,6,1.0,-1,-1,-1
461,2,328,69,11,5,1.0,-1,-1,-1
461,3,207,222,9,5,1.0,-1,-1,-1
461,4,110,118,11,6,1.0,-1,-1,-1
481,2,346,75,12,5,1.0,-1,-1,-1
481,3,194,220,10,5,1.0,-1,-1,-1
481,6,109,145,11,6,1.0,-1,-1,-1
501,2,364,86,11,6,1.0,-1,-1,-1
501,3,187,219,9,5,1.0,-1,-1,-1
501,6,110,114,13,6,1.0,-1,-1,-1
521,2,382,110,11,5,1.0,-1,-1,-1
521,3,193,219,10,5,1.0,-1,-1,-1
521,6,111,110,11,5,1.0,-1,-1,-1
541,2,401,134,11,5,1.0,-1,-1,-1
541,3,206,218,10,4,1.0,-1,-1,-1
541,7,108,140,11,6,1.0,-1,-1,-1
561,2,418,155,12,5,1.0,-1,-1,-1
561,3,218,208,10,5,1.0,-1,-1,-1
561,8,108,121,13,6,1.0,-1,-1,-1
581,2,433,174,12,5,1.0,-1,-1,-1
581,3,228,197,11,5,1.0,-1,-1,-1
581,8,113,75,11,6,1.0,-1,-1,-1
601,2,444,193,12,5,1.0,-1,-1,-1
601,3,237,185,11,5,1.0,-1,-1,-1
601,8,112,78,11,6,1.0,-1,-1,-1
621,2,439,204,12,6,1.0,-1,-1,-1
621,3,241,180,13,5,1.0,-1,-1,-1
621,8,105,131,12,6,1.0,-1,-1,-1
641,2,400,202,13,7,1.0,-1,-1,-1
641,3,246,182,13,5,1.0,-1,-1,-1
641,8,105,148,11,5,1.0,-1,-1,-1
661,2,334,202,13,5,1.0,-1,-1,-1
661,3,251,192,13,5,1.0,-1,-1,-1
661,8,106,143,11,5,1.0,-1,-1,-1
681,2,297,201,11,5,1.0,-1,-1,-1
681,3,255,206,15,6,1.0,-1,-1,-1
681,8,110,102,11,5,1.0,-1,-1,-1
701,2,294,201,12,5,1.0,-1,-1,-1
701,3,258,225,14,5,1.0,-1,-1,-1
701,8,111,90,11,5,1.0,-1,-1,-1
721,2,295,201,13,5,1.0,-1,-1,-1
721,3,263,241,15,5,1.0,-1,-1,-1
721,8,111,91,11,5,1.0,-1,-1,-1
741,2,286,202,13,6,1.0,-1,-1,-1
741,3,267,237,15,5,1.0,-1,-1,-1
741,8,112,91,11,5,1.0,-1,-1,-1
761,2,265,206,12,5,1.0,-1,-1,-1
761,3,263,232,15,5,1.0,-1,-1,-1
761,8,112,90,11,5,1.0,-1,-1,-1
781,2,233,214,13,5,1.0,-1,-1,-1
781,3,243,226,17,6,1.0,-1,-1,-1
781,8,112,91,11,5,1.0,-1,-1,-1
801,2,196,218,13,5,1.0,-1,-1,-1
801,3,214,223,17,6,1.0,-1,-1,-1
801,8,112,92,11,5,1.0,-1,-1,-1
821,2,158,229,14,6,1.0,-1,-1,-1
821,3,176,219,17,6,1.0,-1,-1,-1
821,8,112,92,11,5,1.0,-1,-1,-1
841,2,123,247,14,5,1.0,-1,-1,-1
841,3,138,216,18,7,1.0,-1,-1,-1
841,8,112,93,11,5,1.0,-1,-1,-1
861,2,91,253,13,5,1.0,-1,-1,-1
861,3,118,219,18,6,1.0,-1,-1,-1
861,8,113,93,11,5,1.0,-1,-1,-1
881,2,60,247,13,6,1.0,-1,-1,-1
881,3,104,233,18,7,1.0,-1,-1,-1
881,8,113,91,12,6,1.0,-1,-1,-1
901,2,34,219,13,7,1.0,-1,-1,-1
901,3,96,248,17,5,1.0,-1,-1,-1
901,8,114,91,11,5,1.0,-1,-1,-1
921,2,14,200,13,7,1.0,-1,-1,-1
921,3,98,257,18,6,1.0,-1,-1,-1
921,8,114,92,11,5,1.0,-1,-1,-1
941,2,10,197,14,7,1.0,-1,-1,-1
941,3,119,258,17,7,1.0,-1,-1,-1
941,8,113,93,13,5,1.0,-1,-1,-1
961,2,33,191,13,7,1.0,-1,-1,-1
961,3,151,261,18,6,1.0,-1,-1,-1
961,8,111,92,11,5,1.0,-1,-1,-1
981,2,71,188,14,6,1.0,-1,-1,-1
981,3,195,264,18,6,1.0,-1,-1,-1
981,8,105,81,13,7,1.0,-1,-1,-1
1001,2,114,181,13,6,1.0,-1,-1,-1
1001,3,240,265,20,7,1.0,-1,-1,-1
1001,8,105,82,11,5,1.0,-1,-1,-1
1021,2,156,172,13,6,1.0,-1,-1,-1
1021,3,257,254,17,6,1.0,-1,-1,-1
1021,8,99,73,13,5,1.0,-1,-1,-1
1041,2,197,160,13,5,1.0,-1,-1,-1
1041,3,262,238,18,6,1.0,-1,-1,-1
1041,8,83,42,15,6,1.0,-1,-1,-1
1061,2,238,138,12,5,1.0,-1,-1,-1
1061,3,264,227,19,6,1.0,-1,-1,-1
1061,8,74,16,15,8,1.0,-1,-1,-1
1081,2,274,148,13,5,1.0,-1,-1,-1
1081,3,265,220,19,6,1.0,-1,-1,-1
1081,8,77,19,13,6,1.0,-1,-1,-1
1101,2,308,191,13,6,1.0,-1,-1,-1
1101,3,268,214,18,6,1.0,-1,-1,-1
1101,8,78,19,15,7,1.0,-1,-1,-1
1121,2,343,243,11,5,1.0,-1,-1,-1
1121,3,270,208,17,5,1.0,-1,-1,-1
1121,8,79,18,13,7,1.0,-1,-1,-1
1141,3,268,202,17,5,1.0,-1,-1,-1
1141,8,78,17,13,7,1.0,-1,-1,-1
1141,9,374,257,12,5,1.0,-1,-1,-1
1161,3,255,201,17,5,1.0,-1,-1,-1
1161,8,78,17,14,7,1.0,-1,-1,-1
1161,9,406,209,14,6,1.0,-1,-1,-1
1181,3,229,198,18,6,1.0,-1,-1,-1
1181,8,77,17,17,8,1.0,-1,-1,-1
1181,9,436,137,12,7,1.0,-1,-1,-1
1201,3,194,196,17,5,1.0,-1,-1,-1
1201,8,83,28,16,8,1.0,-1,-1,-1
1201,9,462,91,11,6,1.0,-1,-1,-1
1221,3,156,194,17,5,1.0,-1,-1,-1
1221,8,99,56,13,8,1.0,-1,-1,-1
1221,9,484,100,13,6,1.0,-1,-1,-1
1241,3,117,199,19,7,1.0,-1,-1,-1
1241,8,120,95,11,7,1.0,-1,-1,-1
1241,9,504,124,13,7,1.0,-1,-1,-1
1261,3,101,203,18,7,1.0,-1,-1,-1
1261,8,140,133,10,5,1.0,-1,-1,-1
1261,9,523,164,15,8,1.0,-1,-1,-1
1281,3,101,207,16,6,1.0,-1,-1,-1
1281,8,150,148,9,4,1.0,-1,-1,-1
1281,9,544,232,11,6,1.0,-1,-1,-1
1301,3,105,211,18,7,1.0,-1,-1,-1
1301,8,154,149,9,5,1.0,-1,-1,-1
1301,9,551,248,12,6,1.0,-1,-1,-1
1321,3,118,216,17,6,1.0,-1,-1,-1
1321,8,176,150,9,5,1.0,-1,-1,-1
1321,9,551,202,13,7,1.0,-1,-1,-1
1341,3,134,220,16,5,1.0,-1,-1,-1
1341,8,186,151,12,5,1.0,-1,-1,-1
1341,10,550,182,13,5,1.0,-1,-1,-1
1361,3,150,224,17,6,1.0,-1,-1,-1
1361,8,155,150,10,5,1.0,-1,-1,-1
1361,10,535,165,15,7,1.0,-1,-1,-1
1381,3,164,229,18,6,1.0,-1,-1,-1
1381,8,86,148,9,5,1.0,-1,-1,-1
1381,10,517,157,15,7,1.0,-1,-1,-1
1401,3,178,232,17,5,1.0,-1,-1,-1
1401,8,32,145,10,7,1.0,-1,-1,-1
1401,10,509,155,13,5,1.0,-1,-1,-1
1421,3,192,236,18,6,1.0,-1,-1,-1
1421,8,31,147,9,5,1.0,-1,-1,-1
1421,10,506,153,14,5,1.0,-1,-1,-1
1441,3,209,241,17,6,1.0,-1,-1,-1
1441,8,32,148,9,5,1.0,-1,-1,-1
1441,10,504,153,13,5,1.0,-1,-1,-1
1461,3,234,243,17,6,1.0,-1,-1,-1
1461,8,44,148,10,5,1.0,-1,-1,-1
1461,10,503,185,14,7,1.0,-1,-1,-1
1481,3,262,244,17,6,1.0,-1,-1,-1
1481,8,71,149,9,5,1.0,-1,-1,-1
1481,10,501,199,14,7,1.0,-1,-1,-1
1501,3,289,246,16,5,1.0,-1,-1,-1
1501,8,75,150,9,5,1.0,-1,-1,-1
1521,3,314,247,17,5,1.0,-1,-1,-1
1521,8,71,143,9,5,1.0,-1,-1,-1
1521,14,417,174,13,5,1.0,-1,-1,-1
1541,3,338,246,17,5,1.0,-1,-1,-1
1541,8,66,135,10,5,1.0,-1,-1,-1
1541,14,350,170,13,6,1.0,-1,-1,-1
1561,3,347,233,16,5,1.0,-1,-1,-1
1561,8,73,135,9,5,1.0,-1,-1,-1
1561,14,270,199,14,5,1.0,-1,-1,-1
1581,3,341,218,17,5,1.0,-1,-1,-1
1581,8,88,136,10,5,1.0,-1,-1,-1
1581,14,187,213,17,6,1.0,-1,-1,-1
1601,3,325,205,19,6,1.0,-1,-1,-1
1601,8,90,133,11,5,1.0,-1,-1,-1
1601,14,151,212,12,7,1.0,-1,-1,-1
1621,3,306,194,17,6,1.0,-1,-1,-1
1621,8,94,115,9,5,1.0,-1,-1,-1
1621,14,145,212,13,5,1.0,-1,-1,-1
1641,3,283,189,17,5,1.0,-1,-1,-1
1641,8,95,113,11,5,1.0,-1,-1,-1
1641,14,145,211,14,7,1.0,-1,-1,-1
1661,3,250,184,17,6,1.0,-1,-1,-1
1661,8,117,115,9,5,1.0,-1,-1,-1
1661,14,164,210,13,7,1.0,-1,-1,-1
1681,3,207,181,17,5,1.0,-1,-1,-1
1681,8,134,116,10,5,1.0,-1,-1,-1
1681,14,186,210,14,6,1.0,-1,-1,-1
1701,3,157,179,17,5,1.0,-1,-1,-1
1701,8,137,117,9,5,1.0,-1,-1,-1
1701,14,188,209,13,5,1.0,-1,-1,-1
1721,3,105,181,17,6,1.0,-1,-1,-1
1721,8,136,114,9,5,1.0,-1,-1,-1
1721,14,192,208,13,5,1.0,-1,-1,-1
1741,3,57,179,19,7,1.0,-1,-1,-1
1741,8,132,108,11,5,1.0,-1,-1,-1
1741,14,207,207,13,5,1.0,-1,-1,-1
1761,3,31,178,17,7,1.0,-1,-1,-1
1761,8,132,120,9,5,1.0,-1,-1,-1
1761,14,221,176,13,6,1.0,-1,-1,-1
1781,3,23,182,17,7,1.0,-1,-1,-1
1781,8,131,133,11,5,1.0,-1,-1,-1
1781,14,224,146,13,6,1.0,-1,-1,-1
1801,3,27,192,17,7,1.0,-1,-1,-1
1801,8,129,145,10,5,1.0,-1,-1,-1
1801,14,228,120,13,6,1.0,-1,-1,-1
1821,3,44,208,15,7,1.0,-1,-1,-1
1821,8,128,146,10,5,1.0,-1,-1,-1
1821,14,241,119,13,6,1.0,-1,-1,-1
1841,3,71,229,15,6,1.0,-1,-1,-1
1841,8,128,146,9,5,1.0,-1,-1,-1
1841,14,282,120,12,5,1.0,-1,-1,-1
1861,3,95,246,13,5,1.0,-1,-1,-1
1861,8,126,145,11,5,1.0,-1,-1,-1
1861,14,315,119,12,6,1.0,-1,-1,-1
1881,3,118,255,11,5,1.0,-1,-1,-1
1881,8,147,144,9,5,1.0,-1,-1,-1
1881,14,320,108,11,5,1.0,-1,-1,-1
1901,3,136,254,11,5,1.0,-1,-1,-1
1901,8,163,144,10,5,1.0,-1,-1,-1
1901,14,318,116,13,5,1.0,-1,-1,-1
1921,3,156,254,10,4,1.0,-1,-1,-1
1921,8,166,142,9,4,1.0,-1,-1,-1
1921,14,317,123,13,5,1.0,-1,-1,-1
1941,3,175,253,11,5,1.0,-1,-1,-1
1941,8,164,135,11,5,1.0,-1,-1,-1
1941,14,317,143,13,5,1.0,-1,-1,-1
1961,3,194,251,9,5,1.0,-1,-1,-1
1961,8,171,133,10,5,1.0,-1,-1,-1
1961,14,315,169,13,5,1.0,-1,-1,-1
1981,3,211,250,9,5,1.0,-1,-1,-1
1981,8,173,133,9,5,1.0,-1,-1,-1
1981,14,314,194,13,5,1.0,-1,-1,-1
2001,3,226,248,9,5,1.0,-1,-1,-1
2001,8,172,134,11,5,1.0,-1,-1,-1
2001,14,313,210,13,5,1.0,-1,-1,-1
2021,3,242,246,9,4,1.0,-1,-1,-1
2021,8,172,134,11,5,1.0,-1,-1,-1
2021,14,324,209,14,7,1.0,-1,-1,-1
2041,3,258,243,9,5,1.0,-1,-1,-1
2041,8,172,134,11,5,1.0,-1,-1,-1
2041,14,363,210,14,7,1.0,-1,-1,-1
2061,3,275,242,9,4,1.0,-1,-1,-1
2061,8,171,134,11,5,1.0,-1,-1,-1
2061,14,421,210,15,7,1.0,-1,-1,-1
2081,3,292,239,9,4,1.0,-1,-1,-1
2081,8,171,132,11,5,1.0,-1,-1,-1
2081,14,447,189,12,5,1.0,-1,-1,-1
2101,3,306,236,9,4,1.0,-1,-1,-1
2101,8,171,130,11,4,1.0,-1,-1,-1
2101,14,447,163,13,5,1.0,-1,-1,-1
2121,3,320,233,9,4,1.0,-1,-1,-1
2121,8,171,128,11,4,1.0,-1,-1,-1
2121,14,446,148,13,5,1.0,-1,-1,-1
