21,1,175,263,15,4,1.0,-1,-1,-1
21,2,367,248,25,7,1.0,-1,-1,-1
41,1,186,263,15,5,1.0,-1,-1,-1
41,2,366,228,28,7,1.0,-1,-1,-1
61,1,197,261,14,5,1.0,-1,-1,-1
61,2,369,225,29,8,1.0,-1,-1,-1
81,1,198,257,13,4,1.0,-1,-1,-1
81,2,385,226,29,7,1.0,-1,-1,-1
101,1,197,257,13,5,1.0,-1,-1,-1
101,2,393,244,25,7,1.0,-1,-1,-1
121,1,200,261,15,5,1.0,-1,-1,-1
121,2,391,253,27,7,1.0,-1,-1,-1
141,2,404,252,25,7,1.0,-1,-1,-1
141,4,198,263,19,5,1.0,-1,-1,-1
161,2,419,257,24,5,1.0,-1,-1,-1
161,4,197,262,17,5,1.0,-1,-1,-1
181,1,196,260,15,5,1.0,-1,-1,-1
181,7,418,274,25,6,1.0,-1,-1,-1
181,8,614,281,15,7,1.0,-1,-1,-1
201,1,210,260,15,5,1.0,-1,-1,-1
201,7,411,272,30,7,1.0,-1,-1,-1
221,8,613,281,15,7,1.0,-1,-1,-1
221,9,221,256,13,3,1.0,-1,-1,-1
241,8,614,281,15,7,1.0,-1,-1,-1
241,11,222,251,13,4,1.0,-1,-1,-1
261,4,231,252,16,5,1.0,-1,-1,-1
261,15,344,281,13,3,1.0,-1,-1,-1
281,4,252,252,15,5,1.0,-1,-1,-1
281,17,345,288,22,5,1.0,-1,-1,-1
301,4,269,253,15,4,1.0,-1,-1,-1
301,24,329,289,21,4,1.0,-1,-1,-1
301,25,347,287,17,3,1.0,-1,-1,-1
321,4,284,255,13,3,1.0,-1,-1,-1
341,1,290,256,14,5,1.0,-1,-1,-1
361,1,296,258,13,3,1.0,-1,-1,-1
361,24,247,301,30,7,1.0,-1,-1,-1
381,4,308,258,14,5,1.0,-1,-1,-1
381,24,250,310,25,6,1.0,-1,-1,-1
401,4,333,260,13,3,1.0,-1,-1,-1
421,4,360,260,13,3,1.0,-1,-1,-1
421,32,257,267,20,6,1.0,-1,-1,-1
441,4,385,259,13,3,1.0,-1,-1,-1
441,24,250,247,25,7,1.0,-1,-1,-1
461,4,399,258,14,5,1.0,-1,-1,-1
461,32,249,229,25,7,1.0,-1,-1,-1
481,4,406,261,13,3,1.0,-1,-1,-1
481,24,247,209,29,7,1.0,-1,-1,-1
501,4,408,268,12,3,1.0,-1,-1,-1
501,24,248,185,30,9,1.0,-1,-1,-1
521,4,406,273,12,3,1.0,-1,-1,-1
521,24,247,157,31,9,1.0,-1,-1,-1
541,4,413,275,14,4,1.0,-1,-1,-1
541,24,248,132,29,9,1.0,-1,-1,-1
561,4,432,275,13,3,1.0,-1,-1,-1
561,24,238,131,30,9,1.0,-1,-1,-1
581,4,441,274,13,4,1.0,-1,-1,-1
581,24,215,128,31,10,1.0,-1,-1,-1
581,33,324,297,17,5,1.0,-1,-1,-1
601,4,448,272,14,5,1.0,-1,-1,-1
601,24,206,118,29,10,1.0,-1,-1,-1
601,34,300,294,14,4,1.0,-1,-1,-1
621,4,459,273,14,5,1.0,-1,-1,-1
621,24,207,93,29,9,1.0,-1,-1,-1
621,35,262,292,17,5,1.0,-1,-1,-1
641,4,474,274,13,5,1.0,-1,-1,-1
641,24,203,69,28,9,1.0,-1,-1,-1
641,36,227,287,17,5,1.0,-1,-1,-1
661,4,479,275,14,5,1.0,-1,-1,-1
661,24,188,59,27,10,1.0,-1,-1,-1
661,38,188,286,13,3,1.0,-1,-1,-1
681,4,453,275,13,5,1.0,-1,-1,-1
681,24,162,57,29,11,1.0,-1,-1,-1
681,41,129,279,21,7,1.0,-1,-1,-1
701,4,447,274,12,5,1.0,-1,-1,-1
701,24,134,53,29,13,1.0,-1,-1,-1
701,42,75,271,17,7,1.0,-1,-1,-1
721,4,467,272,13,5,1.0,-1,-1,-1
721,24,143,52,30,17,1.0,-1,-1,-1
741,4,500,270,12,5,1.0,-1,-1,-1
741,24,216,62,28,12,1.0,-1,-1,-1
761,4,528,268,12,5,1.0,-1,-1,-1
761,24,246,69,26,9,1.0,-1,-1,-1
781,4,535,266,11,5,1.0,-1,-1,-1
781,24,245,91,28,9,1.0,-1,-1,-1
801,4,534,265,10,5,1.0,-1,-1,-1
801,24,246,91,30,11,1.0,-1,-1,-1
821,4,521,264,11,5,1.0,-1,-1,-1
821,24,272,94,25,9,1.0,-1,-1,-1
821,45,519,264,14,5,1.0,-1,-1,-1
841,24,283,83,29,9,1.0,-1,-1,-1
841,45,504,263,13,5,1.0,-1,-1,-1
861,24,286,77,31,11,1.0,-1,-1,-1
861,45,484,262,11,5,1.0,-1,-1,-1
881,24,315,80,25,11,1.0,-1,-1,-1
881,45,464,261,13,5,1.0,-1,-1,-1
901,24,353,86,27,9,1.0,-1,-1,-1
901,45,446,259,14,5,1.0,-1,-1,-1
921,24,387,90,25,9,1.0,-1,-1,-1
921,45,431,260,12,3,1.0,-1,-1,-1
941,24,415,93,25,9,1.0,-1,-1,-1
941,45,417,258,13,4,1.0,-1,-1,-1
961,24,432,109,26,9,1.0,-1,-1,-1
961,45,404,258,15,5,1.0,-1,-1,-1
981,24,434,133,26,8,1.0,-1,-1,-1
981,45,398,260,13,4,1.0,-1,-1,-1
1001,24,435,134,28,9,1.0,-1,-1,-1
1001,45,387,261,13,3,1.0,-1,-1,-1
1021,24,453,137,25,8,1.0,-1,-1,-1
1021,45,377,262,12,3,1.0,-1,-1,-1
1041,24,470,143,27,8,1.0,-1,-1,-1
1041,45,365,264,12,3,1.0,-1,-1,-1
1061,24,475,155,26,8,1.0,-1,-1,-1
1081,24,474,165,27,8,1.0,-1,-1,-1
1081,45,339,268,16,5,1.0,-1,-1,-1
1101,24,474,177,25,7,1.0,-1,-1,-1
1121,24,467,188,27,7,1.0,-1,-1,-1
1141,24,468,198,25,7,1.0,-1,-1,-1
1141,45,310,278,15,4,1.0,-1,-1,-1
1161,24,476,199,25,7,1.0,-1,-1,-1
1161,45,302,280,15,5,1.0,-1,-1,-1
1181,24,489,203,23,6,1.0,-1,-1,-1
1181,52,288,281,15,5,1.0,-1,-1,-1
1201,24,496,219,24,7,1.0,-1,-1,-1
1221,24,497,254,25,7,1.0,-1,-1,-1
1241,24,494,267,26,7,1.0,-1,-1,-1
1261,24,475,268,26,7,1.0,-1,-1,-1
1281,55,435,269,29,6,1.0,-1,-1,-1
1301,56,422,284,23,6,1.0,-1,-1,-1
1321,56,413,286,27,7,1.0,-1,-1,-1
1341,55,381,287,28,5,1.0,-1,-1,-1
1341,60,614,281,15,7,1.0,-1,-1,-1
1401,65,298,312,25,6,1.0,-1,-1,-1
1421,65,299,320,27,7,1.0,-1,-1,-1
1421,66,149,287,13,5,1.0,-1,-1,-1
1441,65,284,319,26,7,1.0,-1,-1,-1
1441,67,131,286,13,5,1.0,-1,-1,-1
1461,65,254,320,27,7,1.0,-1,-1,-1
1461,67,113,287,11,4,1.0,-1,-1,-1
1481,65,220,319,28,7,1.0,-1,-1,-1
1481,67,92,287,13,6,1.0,-1,-1,-1
1501,65,190,319,28,7,1.0,-1,-1,-1
1521,65,161,319,27,7,1.0,-1,-1,-1
1541,65,122,318,25,7,1.0,-1,-1,-1
1561,65,106,302,26,7,1.0,-1,-1,-1
1561,68,614,281,15,7,1.0,-1,-1,-1
1581,65,107,283,22,6,1.0,-1,-1,-1
1601,68,614,281,15,7,1.0,-1,-1,-1
1601,72,108,259,23,8,1.0,-1,-1,-1
1621,68,614,282,15,6,1.0,-1,-1,-1
1621,72,110,235,24,7,1.0,-1,-1,-1
1641,68,614,281,15,7,1.0,-1,-1,-1
1641,72,109,206,28,9,1.0,-1,-1,-1
1661,68,614,281,15,7,1.0,-1,-1,-1
1661,72,110,178,27,9,1.0,-1,-1,-1
1701,72,111,119,31,11,1.0,-1,-1,-1
1701,74,114,121,26,11,1.0,-1,-1,-1
1701,75,194,251,7,3,1.0,-1,-1,-1
1721,72,112,90,30,11,1.0,-1,-1,-1
1721,76,187,291,11,3,1.0,-1,-1,-1
1741,72,113,63,29,11,1.0,-1,-1,-1
1741,76,190,294,12,5,1.0,-1,-1,-1
1761,74,122,42,28,12,1.0,-1,-1,-1
1761,76,206,296,11,5,1.0,-1,-1,-1
1781,74,152,35,26,11,1.0,-1,-1,-1
1781,76,225,296,11,5,1.0,-1,-1,-1
1801,74,171,11,27,11,1.0,-1,-1,-1
1801,76,239,294,13,4,1.0,-1,-1,-1
1821,77,256,281,15,5,1.0,-1,-1,-1
1841,76,274,277,13,4,1.0,-1,-1,-1
1861,77,291,276,14,4,1.0,-1,-1,-1
1881,76,311,275,13,4,1.0,-1,-1,-1
1881,77,307,275,17,5,1.0,-1,-1,-1
1901,77,330,279,14,4,1.0,-1,-1,-1
1921,76,351,279,13,3,1.0,-1,-1,-1
1921,78,328,0,20,3,1.0,-1,-1,-1
1941,77,371,279,15,3,1.0,-1,-1,-1
1941,78,324,11,33,11,1.0,-1,-1,-1
1961,77,390,276,15,5,1.0,-1,-1,-1
1961,78,325,25,25,10,1.0,-1,-1,-1
1981,78,328,24,25,11,1.0,-1,-1,-1
1981,80,412,276,14,5,1.0,-1,-1,-1
2001,77,427,275,14,5,1.0,-1,-1,-1
2001,78,337,25,25,11,1.0,-1,-1,-1
2021,77,434,275,13,5,1.0,-1,-1,-1
2021,78,348,26,25,12,1.0,-1,-1,-1
2041,77,441,273,14,5,1.0,-1,-1,-1
2041,78,356,29,26,11,1.0,-1,-1,-1
2061,78,360,30,27,11,1.0,-1,-1,-1
2061,80,452,270,15,5,1.0,-1,-1,-1
2081,78,366,30,26,11,1.0,-1,-1,-1
2081,80,467,266,15,5,1.0,-1,-1,-1
2101,78,373,32,27,11,1.0,-1,-1,-1
2101,80,488,260,15,5,1.0,-1,-1,-1
