21,1,300,159,9,5,1.0,-1,-1,-1
41,1,301,160,9,3,1.0,-1,-1,-1
61,1,301,158,9,5,1.0,-1,-1,-1
81,1,301,158,9,5,1.0,-1,-1,-1
101,1,302,158,9,5,1.0,-1,-1,-1
121,1,301,159,8,3,1.0,-1,-1,-1
141,1,289,156,9,4,1.0,-1,-1,-1
161,1,275,147,9,5,1.0,-1,-1,-1
181,1,263,134,9,5,1.0,-1,-1,-1
201,1,249,130,9,5,1.0,-1,-1,-1
221,1,235,136,9,5,1.0,-1,-1,-1
241,1,227,141,7,3,1.0,-1,-1,-1
261,1,204,123,10,6,1.0,-1,-1,-1
281,1,202,101,8,5,1.0,-1,-1,-1
301,1,195,94,9,4,1.0,-1,-1,-1
321,1,177,100,9,5,1.0,-1,-1,-1
341,1,160,106,7,5,1.0,-1,-1,-1
361,1,147,87,9,6,1.0,-1,-1,-1
381,1,149,60,9,8,1.0,-1,-1,-1
401,1,158,63,7,5,1.0,-1,-1,-1
421,1,160,74,9,5,1.0,-1,-1,-1
441,1,157,85,9,5,1.0,-1,-1,-1
441,5,79,198,13,6,1.0,-1,-1,-1
461,1,156,97,7,5,1.0,-1,-1,-1
461,5,91,182,12,7,1.0,-1,-1,-1
481,1,154,107,9,5,1.0,-1,-1,-1
481,5,103,166,12,7,1.0,-1,-1,-1
501,1,155,114,9,5,1.0,-1,-1,-1
501,5,119,161,11,7,1.0,-1,-1,-1
521,1,154,119,9,5,1.0,-1,-1,-1
521,5,128,160,12,7,1.0,-1,-1,-1
541,1,153,119,9,5,1.0,-1,-1,-1
541,5,129,158,13,7,1.0,-1,-1,-1
561,1,152,119,9,5,1.0,-1,-1,-1
561,5,138,159,11,7,1.0,-1,-1,-1
561,10,355,407,35,13,1.0,-1,-1,-1
581,1,151,119,9,5,1.0,-1,-1,-1
581,5,151,159,13,7,1.0,-1,-1,-1
601,1,151,119,9,5,1.0,-1,-1,-1
601,5,163,160,12,7,1.0,-1,-1,-1
601,10,354,407,35,13,1.0,-1,-1,-1
621,1,151,119,9,5,1.0,-1,-1,-1
621,5,181,162,12,7,1.0,-1,-1,-1
641,1,152,119,9,5,1.0,-1,-1,-1
641,5,202,163,13,8,1.0,-1,-1,-1
661,1,152,119,9,5,1.0,-1,-1,-1
661,5,230,168,13,7,1.0,-1,-1,-1
681,1,153,119,9,5,1.0,-1,-1,-1
681,5,267,173,12,7,1.0,-1,-1,-1
701,1,155,119,9,5,1.0,-1,-1,-1
701,5,314,181,13,7,1.0,-1,-1,-1
721,1,159,120,7,5,1.0,-1,-1,-1
721,5,367,188,12,7,1.0,-1,-1,-1
741,1,163,122,8,5,1.0,-1,-1,-1
741,5,423,197,13,7,1.0,-1,-1,-1
761,1,168,122,7,5,1.0,-1,-1,-1
761,5,482,197,13,6,1.0,-1,-1,-1
781,1,167,121,9,7,1.0,-1,-1,-1
781,5,525,176,10,5,1.0,-1,-1,-1
801,1,183,126,8,6,1.0,-1,-1,-1
801,5,528,153,11,5,1.0,-1,-1,-1
821,1,214,133,7,4,1.0,-1,-1,-1
821,5,527,134,11,6,1.0,-1,-1,-1
841,1,242,132,8,3,1.0,-1,-1,-1
841,5,524,120,11,5,1.0,-1,-1,-1
861,1,269,122,9,4,1.0,-1,-1,-1
861,5,519,114,11,6,1.0,-1,-1,-1
881,1,296,109,11,6,1.0,-1,-1,-1
881,5,519,113,11,7,1.0,-1,-1,-1
881,13,354,408,37,13,1.0,-1,-1,-1
901,1,334,101,11,7,1.0,-1,-1,-1
901,5,527,113,11,7,1.0,-1,-1,-1
921,1,378,102,9,5,1.0,-1,-1,-1
921,5,536,116,11,7,1.0,-1,-1,-1
941,1,412,106,10,5,1.0,-1,-1,-1
941,5,553,119,10,5,1.0,-1,-1,-1
961,1,420,106,9,4,1.0,-1,-1,-1
961,5,573,123,11,5,1.0,-1,-1,-1
981,1,408,99,13,7,1.0,-1,-1,-1
981,5,598,129,10,5,1.0,-1,-1,-1
1001,1,404,98,9,5,1.0,-1,-1,-1
1001,5,623,135,11,6,1.0,-1,-1,-1
1021,1,403,99,9,5,1.0,-1,-1,-1
1021,15,355,407,35,13,1.0,-1,-1,-1
1041,1,403,103,9,5,1.0,-1,-1,-1
1041,15,356,407,33,13,1.0,-1,-1,-1
1061,1,401,105,11,5,1.0,-1,-1,-1
1061,15,357,408,33,11,1.0,-1,-1,-1
1081,1,401,107,11,5,1.0,-1,-1,-1
1081,15,356,407,34,13,1.0,-1,-1,-1
1101,1,402,110,9,5,1.0,-1,-1,-1
1121,1,401,112,11,5,1.0,-1,-1,-1
1121,15,356,407,33,13,1.0,-1,-1,-1
1141,1,401,112,11,5,1.0,-1,-1,-1
1141,15,355,407,35,13,1.0,-1,-1,-1
1161,1,400,112,11,5,1.0,-1,-1,-1
1161,15,355,407,35,13,1.0,-1,-1,-1
1181,1,401,111,11,5,1.0,-1,-1,-1
1181,15,356,407,33,13,1.0,-1,-1,-1
1201,1,401,111,11,5,1.0,-1,-1,-1
1221,1,401,112,11,5,1.0,-1,-1,-1
1241,1,402,115,10,5,1.0,-1,-1,-1
1241,15,356,407,34,13,1.0,-1,-1,-1
1261,1,402,116,12,6,1.0,-1,-1,-1
1261,15,355,407,35,13,1.0,-1,-1,-1
1261,19,626,50,7,5,1.0,-1,-1,-1
1281,1,403,118,11,5,1.0,-1,-1,-1
1281,15,354,407,37,13,1.0,-1,-1,-1
1281,19,611,48,9,5,1.0,-1,-1,-1
1301,1,402,121,11,5,1.0,-1,-1,-1
1301,15,354,407,36,13,1.0,-1,-1,-1
1301,19,602,48,9,6,1.0,-1,-1,-1
1321,1,402,125,11,6,1.0,-1,-1,-1
1321,15,354,407,37,13,1.0,-1,-1,-1
1321,19,597,48,9,5,1.0,-1,-1,-1
1341,1,401,127,11,5,1.0,-1,-1,-1
1341,15,354,407,37,13,1.0,-1,-1,-1
1341,19,594,49,9,5,1.0,-1,-1,-1
1361,1,400,124,11,5,1.0,-1,-1,-1
1361,15,354,407,37,13,1.0,-1,-1,-1
1361,19,591,48,9,5,1.0,-1,-1,-1
1381,1,400,124,10,5,1.0,-1,-1,-1
1381,15,353,407,37,13,1.0,-1,-1,-1
1381,19,589,47,9,5,1.0,-1,-1,-1
1401,1,399,125,11,5,1.0,-1,-1,-1
1401,19,571,45,9,5,1.0,-1,-1,-1
1421,1,398,125,11,5,1.0,-1,-1,-1
1421,19,538,43,10,5,1.0,-1,-1,-1
1441,1,396,124,11,5,1.0,-1,-1,-1
1441,19,507,41,9,5,1.0,-1,-1,-1
1461,1,395,124,11,5,1.0,-1,-1,-1
1461,19,479,40,9,5,1.0,-1,-1,-1
1461,22,403,377,13,7,1.0,-1,-1,-1
1481,1,394,124,11,5,1.0,-1,-1,-1
1481,19,454,39,9,5,1.0,-1,-1,-1
1501,1,394,123,11,6,1.0,-1,-1,-1
1501,19,432,39,9,5,1.0,-1,-1,-1
1521,1,395,123,10,5,1.0,-1,-1,-1
1521,19,414,39,9,5,1.0,-1,-1,-1
1541,1,396,124,9,5,1.0,-1,-1,-1
1541,19,397,40,10,5,1.0,-1,-1,-1
1561,1,396,124,9,5,1.0,-1,-1,-1
1561,19,391,42,9,5,1.0,-1,-1,-1
1581,1,395,124,11,5,1.0,-1,-1,-1
1581,19,362,43,9,5,1.0,-1,-1,-1
1601,1,393,124,9,5,1.0,-1,-1,-1
1601,19,319,53,9,5,1.0,-1,-1,-1
1621,1,382,121,11,5,1.0,-1,-1,-1
1621,19,298,77,9,5,1.0,-1,-1,-1
1641,1,372,118,11,5,1.0,-1,-1,-1
1641,19,294,104,9,5,1.0,-1,-1,-1
1661,1,364,115,11,5,1.0,-1,-1,-1
1661,19,298,133,7,3,1.0,-1,-1,-1
1681,1,357,112,11,5,1.0,-1,-1,-1
1681,19,295,149,9,4,1.0,-1,-1,-1
1701,1,351,109,11,6,1.0,-1,-1,-1
1701,19,296,147,10,5,1.0,-1,-1,-1
1721,1,346,106,11,6,1.0,-1,-1,-1
1721,19,310,147,9,5,1.0,-1,-1,-1
1741,1,342,105,10,5,1.0,-1,-1,-1
1741,19,329,148,9,5,1.0,-1,-1,-1
1761,1,338,104,11,5,1.0,-1,-1,-1
1761,19,352,145,9,5,1.0,-1,-1,-1
1781,1,335,103,11,5,1.0,-1,-1,-1
1781,19,381,145,10,5,1.0,-1,-1,-1
1801,1,335,101,10,6,1.0,-1,-1,-1
1801,19,414,143,10,5,1.0,-1,-1,-1
1821,1,335,102,11,5,1.0,-1,-1,-1
1821,19,450,142,10,5,1.0,-1,-1,-1
1841,1,335,101,10,5,1.0,-1,-1,-1
1841,19,457,142,8,3,1.0,-1,-1,-1
1861,1,334,100,9,5,1.0,-1,-1,-1
1861,19,454,129,9,4,1.0,-1,-1,-1
1881,1,332,99,10,5,1.0,-1,-1,-1
1881,19,447,103,11,5,1.0,-1,-1,-1
1881,26,353,406,39,15,1.0,-1,-1,-1
1901,1,330,97,11,6,1.0,-1,-1,-1
1901,19,441,64,11,5,1.0,-1,-1,-1
1921,1,328,96,11,5,1.0,-1,-1,-1
1921,19,432,15,15,8,1.0,-1,-1,-1
1941,1,321,93,11,6,1.0,-1,-1,-1
1961,1,313,90,11,7,1.0,-1,-1,-1
1961,26,354,407,37,13,1.0,-1,-1,-1
1981,1,307,90,10,5,1.0,-1,-1,-1
1981,26,354,407,37,13,1.0,-1,-1,-1
2001,1,300,88,11,5,1.0,-1,-1,-1
2001,26,354,407,36,13,1.0,-1,-1,-1
2021,1,294,86,11,5,1.0,-1,-1,-1
2021,26,353,407,39,13,1.0,-1,-1,-1
2041,1,288,84,10,5,1.0,-1,-1,-1
2041,26,354,407,37,13,1.0,-1,-1,-1
2041,30,474,17,14,8,1.0,-1,-1,-1
2061,1,282,81,11,7,1.0,-1,-1,-1
2061,26,355,407,35,13,1.0,-1,-1,-1
2061,30,476,54,14,8,1.0,-1,-1,-1
2081,1,278,81,11,5,1.0,-1,-1,-1
2081,26,355,407,35,13,1.0,-1,-1,-1
2081,30,479,93,15,7,1.0,-1,-1,-1
2101,1,275,80,11,5,1.0,-1,-1,-1
2101,26,355,407,35,13,1.0,-1,-1,-1
2101,30,483,130,15,7,1.0,-1,-1,-1
2121,1,271,79,11,5,1.0,-1,-1,-1
2121,26,355,407,35,13,1.0,-1,-1,-1
2121,30,480,146,19,9,1.0,-1,-1,-1
2141,1,270,79,10,5,1.0,-1,-1,-1
2141,26,354,407,37,13,1.0,-1,-1,-1
2141,30,475,166,15,9,1.0,-1,-1,-1
2161,1,267,77,11,7,1.0,-1,-1,-1
2161,26,355,407,35,13,1.0,-1,-1,-1
2161,30,469,203,13,9,1.0,-1,-1,-1
2181,1,267,77,10,5,1.0,-1,-1,-1
2181,26,353,407,37,13,1.0,-1,-1,-1
2181,30,461,244,10,7,1.0,-1,-1,-1
