1,45,119.5063705444336,365.54925537109375,15.628990173339844,9.02850341796875,1,-1,-1,-1
21,45,59.45146179199219,381.0574951171875,15.011192321777344,8.0079345703125,1,-1,-1,-1
41,45,44.243263244628906,384.96875,15.336170196533203,7.171630859375,1,-1,-1,-1
61,46,367.09991455078125,470.58758544921875,9.08172607421875,4.26580810546875,1,-1,-1,-1
61,45,56.04243469238281,382.0390930175781,15.177665710449219,7.04693603515625,1,-1,-1,-1
81,46,360.681396484375,467.9423522949219,9.210418701171875,3.85791015625,1,-1,-1,-1
81,45,93.88284301757812,372.7290344238281,15.158790588378906,6.5408935546875,1,-1,-1,-1
101,47,235.09228515625,190.56134033203125,10.364288330078125,5.9381103515625,1,-1,-1,-1
101,46,355.4909973144531,465.3429870605469,9.001922607421875,4.4422607421875,1,-1,-1,-1
101,45,157.46084594726562,356.67718505859375,16.889190673828125,6.41131591796875,1,-1,-1,-1
121,47,235.8132781982422,192.94410705566406,9.937850952148438,5.369140625,1,-1,-1,-1
121,46,351.6508483886719,463.373046875,8.874725341796875,3.75067138671875,1,-1,-1,-1
121,45,247.2666015625,332.17596435546875,18.496734619140625,7.943115234375,1,-1,-1,-1
141,47,236.1608123779297,197.70364379882812,10.773513793945312,7.312835693359375,1,-1,-1,-1
141,46,345.5037841796875,460.07891845703125,8.76312255859375,3.9464111328125,1,-1,-1,-1
141,45,321.21844482421875,312.4350280761719,15.287261962890625,11.972412109375,1,-1,-1,-1
161,47,252.57859802246094,221.96054077148438,10.388076782226562,7.311431884765625,1,-1,-1,-1
161,46,337.5762634277344,455.8294677734375,9.074920654296875,4.38031005859375,1,-1,-1,-1
161,45,334.1290588378906,308.463623046875,16.2899169921875,10.39434814453125,1,-1,-1,-1
181,47,278.78619384765625,256.1755065917969,8.8792724609375,5.70147705078125,1,-1,-1,-1
181,46,328.20623779296875,451.1830749511719,9.139404296875,4.009521484375,1,-1,-1,-1
181,45,321.69976806640625,312.0321044921875,16.72552490234375,10.46881103515625,1,-1,-1,-1
201,47,301.29730224609375,284.8297424316406,7.696258544921875,3.5125732421875,1,-1,-1,-1
201,46,316.0935974121094,445.9087829589844,9.636444091796875,4.068359375,1,-1,-1,-1
201,45,285.1516418457031,321.43646240234375,17.590972900390625,10.6083984375,1,-1,-1,-1
221,47,307.0608215332031,291.6795349121094,7.831024169921875,3.9599609375,1,-1,-1,-1
221,46,305.3909912109375,441.0903015136719,9.882354736328125,4.54833984375,1,-1,-1,-1
221,45,236.23138427734375,335.4549560546875,16.894561767578125,7.73809814453125,1,-1,-1,-1
241,47,305.2240295410156,291.5530700683594,7.812835693359375,3.56036376953125,1,-1,-1,-1
241,46,294.4263610839844,435.40478515625,9.824554443359375,4.736328125,1,-1,-1,-1
241,45,212.92263793945312,340.8635559082031,16.991912841796875,8.02447509765625,1,-1,-1,-1
261,47,297.45635986328125,283.28204345703125,8.53448486328125,4.0255126953125,1,-1,-1,-1
261,46,283.58673095703125,430.3665771484375,10.380706787109375,4.712890625,1,-1,-1,-1
261,45,195.65452575683594,346.0870666503906,16.742294311523438,6.9193115234375,1,-1,-1,-1
281,47,283.1722717285156,267.5384521484375,8.644317626953125,4.47979736328125,1,-1,-1,-1
281,46,274.3790283203125,425.5887145996094,10.664520263671875,4.91876220703125,1,-1,-1,-1
281,45,188.94921875,343.0833435058594,16.12335205078125,7.50103759765625,1,-1,-1,-1
301,47,263.1628723144531,249.54931640625,9.183074951171875,6.319305419921875,1,-1,-1,-1
301,46,267.9859619140625,421.51055908203125,10.24053955078125,5.056396484375,1,-1,-1,-1
301,45,189.2859649658203,322.0332336425781,15.742080688476562,8.83819580078125,1,-1,-1,-1
321,47,220.79209899902344,243.4679412841797,9.716720581054688,6.754119873046875,1,-1,-1,-1
321,46,262.5359802246094,418.6869812011719,10.96112060546875,5.0643310546875,1,-1,-1,-1
321,45,189.10516357421875,315.128662109375,16.00067138671875,7.9886474609375,1,-1,-1,-1
341,47,149.77188110351562,250.01437377929688,11.258087158203125,7.012481689453125,1,-1,-1,-1
341,46,258.8280334472656,416.03912353515625,10.70074462890625,4.5255126953125,1,-1,-1,-1
341,45,188.53817749023438,300.7462158203125,16.0672607421875,8.56707763671875,1,-1,-1,-1
361,47,62.27257537841797,266.83270263671875,13.032691955566406,6.75518798828125,1,-1,-1,-1
361,46,259.95599365234375,413.80609130859375,10.451385498046875,4.075927734375,1,-1,-1,-1
361,45,188.0885467529297,282.27410888671875,16.129684448242188,8.992919921875,1,-1,-1,-1
381,47,186.44039916992188,264.8453369140625,16.233779907226562,8.89508056640625,1,-1,-1,-1
381,46,280.11322021484375,407.66680908203125,11.508941650390625,4.11358642578125,1,-1,-1,-1
381,45,186.40518188476562,264.8249206542969,16.258926391601562,8.91827392578125,1,-1,-1,-1
401,47,185.782470703125,251.47406005859375,15.2784423828125,8.85888671875,1,-1,-1,-1
401,46,328.8829345703125,393.01324462890625,11.682891845703125,4.270263671875,1,-1,-1,-1
401,45,185.78245544433594,251.47406005859375,15.278472900390625,8.85888671875,1,-1,-1,-1
421,47,185.02891540527344,253.15061950683594,15.711669921875,9.105270385742188,1,-1,-1,-1
421,46,391.45550537109375,374.31072998046875,12.59857177734375,5.19512939453125,1,-1,-1,-1
421,45,185.02891540527344,253.15061950683594,15.711669921875,9.105270385742188,1,-1,-1,-1
441,47,185.41204833984375,271.6617736816406,15.70849609375,9.00311279296875,1,-1,-1,-1
441,46,456.1372375488281,354.27874755859375,12.259124755859375,5.9659423828125,1,-1,-1,-1
441,45,185.41204833984375,271.6617736816406,15.70849609375,9.00311279296875,1,-1,-1,-1
461,47,185.69512939453125,291.2932434082031,16.2177734375,8.5164794921875,1,-1,-1,-1
461,46,503.31146240234375,339.02923583984375,11.58526611328125,8.17059326171875,1,-1,-1,-1
461,45,185.69512939453125,291.2932434082031,16.2177734375,8.5164794921875,1,-1,-1,-1
481,47,187.99618530273438,310.2043762207031,16.088104248046875,8.64013671875,1,-1,-1,-1
481,46,512.5695190429688,337.27166748046875,11.9471435546875,5.74237060546875,1,-1,-1,-1
481,45,187.99618530273438,310.2043762207031,16.088104248046875,8.64013671875,1,-1,-1,-1
501,47,188.54261779785156,315.510009765625,16.06170654296875,8.80224609375,1,-1,-1,-1
501,46,525.3428955078125,332.369140625,11.6126708984375,7.43402099609375,1,-1,-1,-1
501,45,188.54261779785156,315.510009765625,16.06170654296875,8.80224609375,1,-1,-1,-1
521,47,185.8714141845703,294.6919860839844,15.9501953125,8.34307861328125,1,-1,-1,-1
521,46,534.7286987304688,329.32550048828125,11.67962646484375,7.37188720703125,1,-1,-1,-1
521,45,185.8714141845703,294.6919860839844,15.9501953125,8.34307861328125,1,-1,-1,-1
541,47,185.16943359375,302.1293029785156,15.7415771484375,8.57537841796875,1,-1,-1,-1
541,46,540.2896728515625,329.78515625,12.548583984375,7.71527099609375,1,-1,-1,-1
541,45,185.16943359375,302.1293029785156,15.7415771484375,8.57537841796875,1,-1,-1,-1
561,47,185.7433319091797,316.2928466796875,16.3934326171875,8.44940185546875,1,-1,-1,-1
561,46,547.6485595703125,337.6734313964844,11.24749755859375,7.29071044921875,1,-1,-1,-1
561,45,185.7433319091797,316.2928466796875,16.3934326171875,8.44940185546875,1,-1,-1,-1
581,48,277.5025634765625,183.82757568359375,10.22784423828125,6.252532958984375,1,-1,-1,-1
581,47,184.31137084960938,315.8160095214844,15.5548095703125,9.759521484375,1,-1,-1,-1
581,46,554.7889404296875,349.62994384765625,10.41387939453125,6.41680908203125,1,-1,-1,-1
581,45,184.31137084960938,315.8160095214844,15.5548095703125,9.759521484375,1,-1,-1,-1
601,48,277.9345703125,183.94390869140625,10.137481689453125,6.054473876953125,1,-1,-1,-1
601,47,167.60919189453125,320.5717468261719,16.423110961914062,10.0599365234375,1,-1,-1,-1
601,46,560.8077392578125,361.7900695800781,10.3560791015625,5.65594482421875,1,-1,-1,-1
601,45,167.60919189453125,320.5717468261719,16.423110961914062,10.0599365234375,1,-1,-1,-1
621,48,277.2835998535156,184.13572692871094,9.964385986328125,6.006256103515625,1,-1,-1,-1
621,47,135.91229248046875,329.74169921875,16.659103393554688,9.06488037109375,1,-1,-1,-1
621,46,567.0443115234375,373.22662353515625,9.5972900390625,5.63653564453125,1,-1,-1,-1
621,45,135.9123077392578,329.74169921875,16.659088134765625,9.06488037109375,1,-1,-1,-1
641,48,276.3577575683594,184.7464599609375,10.56195068359375,6.14093017578125,1,-1,-1,-1
641,47,110.51720428466797,338.1983642578125,15.778640747070312,7.34625244140625,1,-1,-1,-1
641,46,573.0958251953125,383.66082763671875,9.0440673828125,5.32904052734375,1,-1,-1,-1
641,45,110.51720428466797,338.1983642578125,15.778640747070312,7.34625244140625,1,-1,-1,-1
661,48,281.19622802734375,189.85606384277344,9.84783935546875,7.131988525390625,1,-1,-1,-1
661,47,108.2087631225586,338.671142578125,15.270133972167969,7.2276611328125,1,-1,-1,-1
661,46,578.2781372070312,392.9698791503906,8.83111572265625,4.84356689453125,1,-1,-1,-1
661,45,108.2087631225586,338.671142578125,15.270133972167969,7.2276611328125,1,-1,-1,-1
681,48,292.28497314453125,205.82196044921875,10.231536865234375,5.937713623046875,1,-1,-1,-1
681,47,123.98469543457031,334.64349365234375,15.555389404296875,6.619140625,1,-1,-1,-1
681,46,582.3433227539062,399.7723388671875,8.1964111328125,4.716552734375,1,-1,-1,-1
681,45,123.98469543457031,334.64349365234375,15.555389404296875,6.619140625,1,-1,-1,-1
701,48,303.772705078125,222.45323181152344,8.9837646484375,5.47772216796875,1,-1,-1,-1
701,47,160.57769775390625,324.5707092285156,16.20587158203125,6.81201171875,1,-1,-1,-1
701,46,583.093505859375,401.12921142578125,8.36993408203125,4.86358642578125,1,-1,-1,-1
701,45,160.57769775390625,324.5707092285156,16.20587158203125,6.81201171875,1,-1,-1,-1
721,48,311.529052734375,234.4705352783203,9.020263671875,5.104034423828125,1,-1,-1,-1
721,47,216.0029754638672,308.4205627441406,17.133529663085938,7.0521240234375,1,-1,-1,-1
721,46,570.3011474609375,405.2054748535156,8.32843017578125,5.30267333984375,1,-1,-1,-1
721,45,216.00296020507812,308.4205627441406,17.13348388671875,7.0521240234375,1,-1,-1,-1
741,48,299.0099182128906,242.1790313720703,8.771331787109375,6.726348876953125,1,-1,-1,-1
741,47,287.4156494140625,287.3839416503906,17.046875,7.64215087890625,1,-1,-1,-1
741,46,534.2501220703125,415.96075439453125,9.1761474609375,5.27362060546875,1,-1,-1,-1
741,45,287.4156494140625,287.3839416503906,17.046875,7.64215087890625,1,-1,-1,-1
761,48,250.4364013671875,258.41705322265625,9.7696533203125,6.755126953125,1,-1,-1,-1
761,47,353.98223876953125,268.808349609375,15.654754638671875,10.79864501953125,1,-1,-1,-1
761,46,489.4261474609375,429.94464111328125,9.50341796875,5.36968994140625,1,-1,-1,-1
761,45,353.98223876953125,268.808349609375,15.654754638671875,10.79864501953125,1,-1,-1,-1
781,48,183.35952758789062,281.21240234375,10.543548583984375,5.05120849609375,1,-1,-1,-1
781,47,375.4365539550781,261.85858154296875,16.029266357421875,11.35589599609375,1,-1,-1,-1
781,46,448.2532958984375,442.4854431152344,9.23468017578125,4.54150390625,1,-1,-1,-1
781,45,375.4365539550781,261.85858154296875,16.029266357421875,11.35589599609375,1,-1,-1,-1
801,48,144.71347045898438,296.71685791015625,8.043807983398438,4.22027587890625,1,-1,-1,-1
801,47,365.4310302734375,265.0473327636719,16.488861083984375,11.3917236328125,1,-1,-1,-1
801,46,411.49566650390625,452.75262451171875,9.38592529296875,4.733154296875,1,-1,-1,-1
801,45,365.4310302734375,265.0473327636719,16.488861083984375,11.3917236328125,1,-1,-1,-1
821,48,138.90013122558594,299.1567687988281,8.491012573242188,4.45672607421875,1,-1,-1,-1
821,47,324.7713623046875,276.7992248535156,18.1363525390625,10.896728515625,1,-1,-1,-1
821,46,381.1608581542969,461.67620849609375,8.93072509765625,3.95025634765625,1,-1,-1,-1
821,45,324.7713623046875,276.7992248535156,18.1363525390625,10.896728515625,1,-1,-1,-1
841,48,138.6244354248047,300.0558166503906,9.01348876953125,4.7469482421875,1,-1,-1,-1
841,47,263.7071838378906,294.3829040527344,18.22296142578125,10.5302734375,1,-1,-1,-1
841,46,371.3659973144531,464.2303466796875,9.295806884765625,3.89556884765625,1,-1,-1,-1
841,45,263.7071228027344,294.3829040527344,18.222991943359375,10.5302734375,1,-1,-1,-1
861,48,140.36996459960938,300.45794677734375,8.830947875976562,4.70587158203125,1,-1,-1,-1
861,47,196.07077026367188,314.46636962890625,16.036376953125,8.497314453125,1,-1,-1,-1
861,46,370.5252380371094,464.4214782714844,8.919158935546875,4.0355224609375,1,-1,-1,-1
861,45,196.07077026367188,314.46636962890625,16.036376953125,8.497314453125,1,-1,-1,-1
881,48,141.69639587402344,300.5764465332031,9.0426025390625,4.83319091796875,1,-1,-1,-1
881,47,174.44229125976562,320.6590270996094,15.872833251953125,7.05548095703125,1,-1,-1,-1
881,46,368.16326904296875,462.6479797363281,8.94134521484375,4.03521728515625,1,-1,-1,-1
881,45,174.44229125976562,320.6590270996094,15.872833251953125,7.05548095703125,1,-1,-1,-1
901,48,141.9687042236328,300.64349365234375,8.735198974609375,5.1845703125,1,-1,-1,-1
901,47,173.37240600585938,319.94952392578125,16.086380004882812,7.84771728515625,1,-1,-1,-1
901,46,361.05084228515625,458.1911926269531,9.073333740234375,4.0914306640625,1,-1,-1,-1
901,45,173.37240600585938,319.94952392578125,16.086380004882812,7.84771728515625,1,-1,-1,-1
921,48,131.27392578125,303.35479736328125,9.027679443359375,5.933837890625,1,-1,-1,-1
921,47,175.5472412109375,323.3348693847656,16.095428466796875,8.36956787109375,1,-1,-1,-1
921,46,347.6348876953125,451.3913269042969,9.31396484375,4.0667724609375,1,-1,-1,-1
921,45,175.5472412109375,323.3348693847656,16.095428466796875,8.36956787109375,1,-1,-1,-1
941,48,106.6204833984375,310.5963134765625,9.368515014648438,5.5672607421875,1,-1,-1,-1
941,47,176.41506958007812,334.3014831542969,16.568145751953125,8.59814453125,1,-1,-1,-1
941,46,333.72601318359375,443.64324951171875,9.3768310546875,4.48419189453125,1,-1,-1,-1
941,45,176.41506958007812,334.3014831542969,16.568145751953125,8.59814453125,1,-1,-1,-1
961,48,89.17945861816406,315.99285888671875,9.010353088378906,4.97271728515625,1,-1,-1,-1
961,47,175.80599975585938,350.2300720214844,15.742034912109375,7.60699462890625,1,-1,-1,-1
961,46,320.92376708984375,436.602294921875,9.98992919921875,4.52093505859375,1,-1,-1,-1
961,45,175.80599975585938,350.2300720214844,15.742034912109375,7.60699462890625,1,-1,-1,-1
981,48,89.67586517333984,315.8949890136719,8.933738708496094,4.8743896484375,1,-1,-1,-1
981,47,175.62652587890625,354.2861633300781,15.780029296875,7.4571533203125,1,-1,-1,-1
981,46,308.2181091308594,429.8538513183594,9.95355224609375,4.80523681640625,1,-1,-1,-1
981,45,175.62652587890625,354.2861633300781,15.780029296875,7.4571533203125,1,-1,-1,-1
1001,48,104.36798095703125,312.1922912597656,9.127349853515625,5.10150146484375,1,-1,-1,-1
1001,47,173.9804229736328,337.767822265625,15.46356201171875,7.6339111328125,1,-1,-1,-1
1001,46,296.5215148925781,423.8389587402344,10.264739990234375,4.60162353515625,1,-1,-1,-1
1001,45,173.98043823242188,337.767822265625,15.463531494140625,7.6339111328125,1,-1,-1,-1
1021,48,119.79936218261719,308.13018798828125,8.694046020507812,4.7384033203125,1,-1,-1,-1
1021,47,174.4171905517578,347.6715393066406,15.870132446289062,8.067138671875,1,-1,-1,-1
1021,46,285.1180419921875,418.7137451171875,10.71942138671875,4.7196044921875,1,-1,-1,-1
1021,45,174.4171905517578,347.6715393066406,15.870132446289062,8.067138671875,1,-1,-1,-1
1041,48,145.08604431152344,299.95892333984375,8.8397216796875,4.38629150390625,1,-1,-1,-1
1041,47,175.00938415527344,349.7172546386719,15.928573608398438,7.798828125,1,-1,-1,-1
1041,46,274.7022399902344,413.25213623046875,10.97076416015625,4.8883056640625,1,-1,-1,-1
1041,45,175.00938415527344,349.7172546386719,15.928573608398438,7.798828125,1,-1,-1,-1
1061,48,187.48928833007812,283.2188720703125,9.201690673828125,4.01763916015625,1,-1,-1,-1
1061,47,167.3526153564453,349.97271728515625,16.02581787109375,9.18951416015625,1,-1,-1,-1
1061,46,263.7593688964844,407.88421630859375,11.333038330078125,4.95025634765625,1,-1,-1,-1
1061,45,167.3526153564453,349.97271728515625,16.02581787109375,9.18951416015625,1,-1,-1,-1
1081,48,247.37509155273438,257.6038818359375,9.54541015625,4.30914306640625,1,-1,-1,-1
1081,47,143.80694580078125,356.2445373535156,16.059967041015625,8.7864990234375,1,-1,-1,-1
1081,46,252.48252868652344,402.44366455078125,11.908218383789062,4.99176025390625,1,-1,-1,-1
1081,45,143.80694580078125,356.2445373535156,16.059967041015625,8.7864990234375,1,-1,-1,-1
1101,48,313.9512939453125,227.39950561523438,10.148406982421875,6.413665771484375,1,-1,-1,-1
1101,47,109.14913177490234,366.2660217285156,16.356582641601562,7.3206787109375,1,-1,-1,-1
1101,46,242.49688720703125,396.80517578125,11.791839599609375,5.2593994140625,1,-1,-1,-1
1101,45,109.14913177490234,366.2660217285156,16.356582641601562,7.3206787109375,1,-1,-1,-1
1121,48,359.0343017578125,208.82882690429688,9.483184814453125,7.69451904296875,1,-1,-1,-1
1121,47,85.62556457519531,372.55987548828125,15.928726196289062,7.18896484375,1,-1,-1,-1
1121,46,231.47586059570312,391.5722961425781,12.093475341796875,5.24053955078125,1,-1,-1,-1
1121,45,85.62556457519531,372.55987548828125,15.928726196289062,7.18896484375,1,-1,-1,-1
1141,48,364.2447509765625,208.02134704589844,9.5439453125,6.44561767578125,1,-1,-1,-1
1141,47,76.44192504882812,374.22943115234375,15.426399230957031,8.025390625,1,-1,-1,-1
1141,46,218.90182495117188,385.7831726074219,12.359237670898438,5.0069580078125,1,-1,-1,-1
1141,45,76.44192504882812,374.22943115234375,15.426399230957031,8.025390625,1,-1,-1,-1
1161,48,341.226318359375,214.39109802246094,10.048980712890625,7.6141357421875,1,-1,-1,-1
1161,47,66.93937683105469,376.92822265625,15.704399108886719,6.9903564453125,1,-1,-1,-1
1161,46,210.4056396484375,379.5575866699219,12.49664306640625,5.1788330078125,1,-1,-1,-1
1161,45,66.93937683105469,376.92822265625,15.704399108886719,6.9903564453125,1,-1,-1,-1
1181,48,283.2393798828125,232.27755737304688,9.83514404296875,6.81243896484375,1,-1,-1,-1
1181,47,67.73210144042969,376.6863708496094,15.086532592773438,6.8455810546875,1,-1,-1,-1
1181,46,217.43804931640625,369.7980041503906,12.912673950195312,4.9495849609375,1,-1,-1,-1
1181,45,67.73210144042969,376.6863708496094,15.086532592773438,6.8455810546875,1,-1,-1,-1
1201,48,202.5492706298828,257.0576477050781,11.129837036132812,6.47540283203125,1,-1,-1,-1
1201,47,82.53367614746094,372.3536376953125,15.516525268554688,6.834716796875,1,-1,-1,-1
1201,46,239.47854614257812,355.2797546386719,13.52203369140625,5.38812255859375,1,-1,-1,-1
1201,45,82.53367614746094,372.3536376953125,15.516525268554688,6.834716796875,1,-1,-1,-1
1221,48,113.34471130371094,284.9686279296875,11.4404296875,6.653076171875,1,-1,-1,-1
1221,47,119.13719940185547,363.14959716796875,15.602882385253906,6.23138427734375,1,-1,-1,-1
1221,46,273.1881103515625,337.1660461425781,14.24957275390625,6.5001220703125,1,-1,-1,-1
1221,45,119.13719940185547,363.14959716796875,15.602882385253906,6.23138427734375,1,-1,-1,-1
1241,48,25.29231834411621,312.7727355957031,10.810747146606445,5.8148193359375,1,-1,-1,-1
1241,47,175.86819458007812,345.9241943359375,16.856292724609375,9.95062255859375,1,-1,-1,-1
1241,46,311.9944152832031,317.9872741699219,14.3759765625,6.8682861328125,1,-1,-1,-1
1241,45,175.86819458007812,345.9241943359375,16.856292724609375,9.95062255859375,1,-1,-1,-1
1261,48,204.18077087402344,328.1091003417969,15.787246704101562,9.17230224609375,1,-1,-1,-1
1261,47,204.18077087402344,328.1091003417969,15.787246704101562,9.17230224609375,1,-1,-1,-1
1261,46,348.8210754394531,299.7247619628906,15.09033203125,7.81463623046875,1,-1,-1,-1
1261,45,204.18077087402344,328.1091003417969,15.787246704101562,9.17230224609375,1,-1,-1,-1
1281,48,205.1251220703125,318.38372802734375,16.777801513671875,8.41156005859375,1,-1,-1,-1
1281,47,205.1251220703125,318.38372802734375,16.777801513671875,8.41156005859375,1,-1,-1,-1
1281,46,373.37750244140625,288.221435546875,14.996551513671875,8.6678466796875,1,-1,-1,-1
1281,45,205.1251220703125,318.38372802734375,16.777801513671875,8.41156005859375,1,-1,-1,-1
1301,48,198.79702758789062,320.0802917480469,16.657302856445312,9.33062744140625,1,-1,-1,-1
1301,47,198.79702758789062,320.0802917480469,16.657302856445312,9.33062744140625,1,-1,-1,-1
1301,46,387.3542785644531,285.08056640625,15.340362548828125,6.48016357421875,1,-1,-1,-1
1301,45,198.79702758789062,320.0802917480469,16.657302856445312,9.33062744140625,1,-1,-1,-1
1321,48,174.70687866210938,326.47540283203125,17.022171020507812,9.79058837890625,1,-1,-1,-1
1321,47,174.70687866210938,326.47540283203125,17.022171020507812,9.79058837890625,1,-1,-1,-1
1321,46,421.0452575683594,273.34356689453125,15.698699951171875,6.89312744140625,1,-1,-1,-1
1321,45,174.70687866210938,326.47540283203125,17.022171020507812,9.79058837890625,1,-1,-1,-1
1341,48,133.1395263671875,338.5999755859375,17.162841796875,8.17987060546875,1,-1,-1,-1
1341,47,133.1395263671875,338.5999755859375,17.162841796875,8.17987060546875,1,-1,-1,-1
1341,46,468.94818115234375,256.2813415527344,15.8349609375,7.61578369140625,1,-1,-1,-1
1341,45,133.1395263671875,338.5999755859375,17.162841796875,8.17987060546875,1,-1,-1,-1
1361,48,109.10014343261719,345.69964599609375,15.934829711914062,7.383056640625,1,-1,-1,-1
1361,47,109.10014343261719,345.69964599609375,15.934829711914062,7.383056640625,1,-1,-1,-1
1361,46,519.625732421875,239.02581787109375,15.5399169921875,8.6666259765625,1,-1,-1,-1
1361,45,109.10014343261719,345.69964599609375,15.934829711914062,7.383056640625,1,-1,-1,-1
1381,48,100.28426361083984,346.7348327636719,16.080780029296875,9.152587890625,1,-1,-1,-1
1381,47,100.28425598144531,346.7348327636719,16.080795288085938,9.152587890625,1,-1,-1,-1
1381,46,550.2454833984375,228.0591278076172,16.665283203125,10.397186279296875,1,-1,-1,-1
1381,45,100.28426361083984,346.7348327636719,16.080780029296875,9.152587890625,1,-1,-1,-1
1401,49,51.51823043823242,313.5964660644531,8.988285064697266,5.42706298828125,1,-1,-1,-1
1401,48,82.05280303955078,351.5662841796875,16.249465942382812,8.6998291015625,1,-1,-1,-1
1401,47,82.05281066894531,351.5662841796875,16.249465942382812,8.6998291015625,1,-1,-1,-1
1401,46,565.189453125,235.25442504882812,15.76837158203125,10.7933349609375,1,-1,-1,-1
1401,45,82.05282592773438,351.5662536621094,16.24944305419922,8.69989013671875,1,-1,-1,-1
1421,49,130.10362243652344,288.5662841796875,12.105453491210938,5.5172119140625,1,-1,-1,-1
1421,48,56.70486068725586,358.64788818359375,15.48208999633789,7.9691162109375,1,-1,-1,-1
1421,47,56.70486068725586,358.64788818359375,15.48208999633789,7.9691162109375,1,-1,-1,-1
1421,46,575.6909790039062,254.5448455810547,14.09149169921875,9.165237426757812,1,-1,-1,-1
1421,45,56.70486068725586,358.64788818359375,15.48208999633789,7.9691162109375,1,-1,-1,-1
1441,49,202.37557983398438,266.85015869140625,10.548019409179688,6.61212158203125,1,-1,-1,-1
1441,48,37.181156158447266,364.69708251953125,14.933788299560547,6.873291015625,1,-1,-1,-1
1441,47,37.18116760253906,364.69708251953125,14.933784484863281,6.873291015625,1,-1,-1,-1
1441,46,575.4243774414062,275.5877380371094,13.25335693359375,8.8984375,1,-1,-1,-1
1441,45,37.18116760253906,364.69708251953125,14.933784484863281,6.873291015625,1,-1,-1,-1
1461,49,249.95712280273438,253.500244140625,9.646087646484375,4.84185791015625,1,-1,-1,-1
1461,48,37.23099136352539,364.552490234375,15.122032165527344,7.29644775390625,1,-1,-1,-1
1461,47,37.23099136352539,364.552490234375,15.122032165527344,7.29644775390625,1,-1,-1,-1
1461,46,570.25537109375,296.4925231933594,12.5816650390625,8.2845458984375,1,-1,-1,-1
1461,45,37.23099136352539,364.552490234375,15.122032165527344,7.29644775390625,1,-1,-1,-1
1481,49,275.01556396484375,244.49061584472656,9.386566162109375,5.6209716796875,1,-1,-1,-1
1481,48,61.13298034667969,358.24481201171875,14.954948425292969,7.37188720703125,1,-1,-1,-1
1481,47,61.13298034667969,358.24481201171875,14.954948425292969,7.37188720703125,1,-1,-1,-1
1481,46,564.83447265625,315.37371826171875,12.828125,7.8349609375,1,-1,-1,-1
1481,45,61.13298034667969,358.24481201171875,14.954948425292969,7.37188720703125,1,-1,-1,-1
1501,49,279.3286437988281,238.34609985351562,9.294219970703125,3.95977783203125,1,-1,-1,-1
1501,48,114.86206817626953,343.81964111328125,16.33954620361328,7.1171875,1,-1,-1,-1
1501,47,114.86206817626953,343.8197021484375,16.33954620361328,7.11712646484375,1,-1,-1,-1
1501,46,563.2835083007812,334.4598388671875,11.32171630859375,7.371337890625,1,-1,-1,-1
1501,45,114.86206817626953,343.81964111328125,16.33954620361328,7.1171875,1,-1,-1,-1
1521,49,270.89642333984375,217.67308044433594,8.7882080078125,4.12115478515625,1,-1,-1,-1
1521,48,201.088134765625,320.3650817871094,17.91680908203125,6.63861083984375,1,-1,-1,-1
1521,47,201.088134765625,320.3650817871094,17.91680908203125,6.63861083984375,1,-1,-1,-1
1521,46,564.0271606445312,354.55438232421875,10.45574951171875,6.0655517578125,1,-1,-1,-1
1521,45,201.088134765625,320.3651123046875,17.916839599609375,6.6385498046875,1,-1,-1,-1
1541,49,249.44717407226562,182.1813201904297,10.31390380859375,6.105072021484375,1,-1,-1,-1
1541,48,295.4996032714844,291.3389587402344,15.855316162109375,13.5775146484375,1,-1,-1,-1
1541,47,295.4996032714844,291.3389587402344,15.855316162109375,13.5775146484375,1,-1,-1,-1
1541,46,565.998779296875,370.93951416015625,9.793701171875,5.4857177734375,1,-1,-1,-1
1541,45,295.4996032714844,291.3389587402344,15.855316162109375,13.5775146484375,1,-1,-1,-1
1561,49,224.5089111328125,144.16473388671875,11.25946044921875,9.1312255859375,1,-1,-1,-1
1561,48,324.464599609375,287.0906982421875,16.332489013671875,10.33709716796875,1,-1,-1,-1
1561,47,324.464599609375,287.0906982421875,16.332489013671875,10.33709716796875,1,-1,-1,-1
1561,46,567.8164672851562,384.612060546875,9.50592041015625,4.4830322265625,1,-1,-1,-1
1561,45,324.464599609375,287.0906982421875,16.332489013671875,10.33709716796875,1,-1,-1,-1
1581,49,212.5216522216797,133.22088623046875,12.12005615234375,8.333709716796875,1,-1,-1,-1
1581,48,313.7519226074219,289.51904296875,16.532806396484375,10.73638916015625,1,-1,-1,-1
1581,47,313.7519226074219,289.51904296875,16.532806396484375,10.73638916015625,1,-1,-1,-1
1581,46,568.4468383789062,389.16009521484375,9.4559326171875,5.43048095703125,1,-1,-1,-1
1581,45,313.7519226074219,289.51904296875,16.53277587890625,10.73638916015625,1,-1,-1,-1
1601,49,190.9624481201172,136.86300659179688,12.299850463867188,8.831329345703125,1,-1,-1,-1
1601,48,275.9057922363281,299.80230712890625,17.283966064453125,10.38916015625,1,-1,-1,-1
1601,47,275.9057922363281,299.80230712890625,17.283966064453125,10.38916015625,1,-1,-1,-1
1601,46,563.7432250976562,392.63714599609375,9.22601318359375,5.75006103515625,1,-1,-1,-1
1601,45,275.9057922363281,299.80230712890625,17.283966064453125,10.38916015625,1,-1,-1,-1
1621,49,140.05621337890625,153.48193359375,12.310989379882812,8.99334716796875,1,-1,-1,-1
1621,48,216.67391967773438,315.49676513671875,18.250244140625,10.27142333984375,1,-1,-1,-1
1621,47,216.6739501953125,315.49676513671875,18.250198364257812,10.27142333984375,1,-1,-1,-1
1621,46,543.9315185546875,399.51922607421875,10.03765869140625,6.24554443359375,1,-1,-1,-1
1621,45,216.67391967773438,315.49676513671875,18.250244140625,10.27142333984375,1,-1,-1,-1
1641,49,62.061119079589844,181.4852752685547,14.248451232910156,8.831207275390625,1,-1,-1,-1
1641,48,145.81787109375,336.7724304199219,16.864532470703125,7.10638427734375,1,-1,-1,-1
1641,47,145.81787109375,336.7724304199219,16.864532470703125,7.10638427734375,1,-1,-1,-1
1641,46,511.95037841796875,410.2793273925781,9.41827392578125,5.6953125,1,-1,-1,-1
1641,45,145.81787109375,336.7724304199219,16.864532470703125,7.10638427734375,1,-1,-1,-1
1661,49,-1.4311227798461914,210.31736755371094,4.650193691253662,6.199310302734375,1,-1,-1,-1
1661,48,109.01239013671875,346.7059631347656,16.102432250976562,7.00372314453125,1,-1,-1,-1
1661,47,109.01239013671875,346.7059631347656,16.102432250976562,7.00372314453125,1,-1,-1,-1
1661,46,473.331787109375,422.4561767578125,10.0667724609375,5.84979248046875,1,-1,-1,-1
1661,45,109.01239013671875,346.7059631347656,16.102432250976562,7.00372314453125,1,-1,-1,-1
1681,49,104.0785140991211,349.7538146972656,15.372047424316406,7.25506591796875,1,-1,-1,-1
1681,48,104.0785140991211,349.7538146972656,15.372047424316406,7.25506591796875,1,-1,-1,-1
1681,47,104.0785140991211,349.7538146972656,15.372047424316406,7.25506591796875,1,-1,-1,-1
1681,46,433.7641906738281,434.92584228515625,9.877532958984375,5.1444091796875,1,-1,-1,-1
1681,45,104.0785140991211,349.7538146972656,15.372047424316406,7.25506591796875,1,-1,-1,-1
1701,49,106.06636047363281,370.4610900878906,15.793014526367188,8.61199951171875,1,-1,-1,-1
1701,48,106.06636047363281,370.4610900878906,15.793014526367188,8.61199951171875,1,-1,-1,-1
1701,47,106.06636047363281,370.4610900878906,15.793014526367188,8.61199951171875,1,-1,-1,-1
1701,46,393.69818115234375,447.00341796875,9.9603271484375,4.64410400390625,1,-1,-1,-1
1701,45,106.06636047363281,370.4610900878906,15.793014526367188,8.61199951171875,1,-1,-1,-1
1721,49,105.74411010742188,400.78106689453125,16.10742950439453,7.57305908203125,1,-1,-1,-1
1721,48,105.74411010742188,400.78106689453125,16.10742950439453,7.57305908203125,1,-1,-1,-1
1721,47,105.74411010742188,400.78106689453125,16.10742950439453,7.57305908203125,1,-1,-1,-1
1721,46,355.4685974121094,458.16082763671875,9.871307373046875,4.37542724609375,1,-1,-1,-1
1721,45,105.74411010742188,400.78106689453125,16.10742950439453,7.57305908203125,1,-1,-1,-1
1741,49,105.68392944335938,402.3663024902344,16.40985107421875,7.376953125,1,-1,-1,-1
1741,48,105.68391418457031,402.3663024902344,16.409881591796875,7.376953125,1,-1,-1,-1
1741,47,105.68392944335938,402.3663024902344,16.40985107421875,7.376953125,1,-1,-1,-1
1741,46,318.54400634765625,468.67205810546875,9.429779052734375,3.994873046875,1,-1,-1,-1
1741,45,105.68392944335938,402.3663024902344,16.40985107421875,7.376953125,1,-1,-1,-1
1761,49,104.16586303710938,372.0591735839844,15.326972961425781,7.186767578125,1,-1,-1,-1
1761,48,104.16586303710938,372.0591735839844,15.326972961425781,7.186767578125,1,-1,-1,-1
1761,47,104.16586303710938,372.0591735839844,15.326972961425781,7.186767578125,1,-1,-1,-1
1761,46,302.24505615234375,472.7925109863281,9.412933349609375,3.9139404296875,1,-1,-1,-1
1761,45,104.16586303710938,372.0591735839844,15.326972961425781,7.186767578125,1,-1,-1,-1
1781,49,103.50270080566406,370.2891540527344,15.359306335449219,7.81573486328125,1,-1,-1,-1
1781,48,103.50270080566406,370.2891540527344,15.359306335449219,7.81573486328125,1,-1,-1,-1
1781,47,103.50270080566406,370.2891845703125,15.359306335449219,7.815673828125,1,-1,-1,-1
1781,46,300.2893371582031,473.3345031738281,9.501190185546875,4.16448974609375,1,-1,-1,-1
1781,45,103.50270080566406,370.2891845703125,15.359306335449219,7.815673828125,1,-1,-1,-1
1801,49,103.15660095214844,404.4537353515625,15.326255798339844,7.4625244140625,1,-1,-1,-1
1801,48,103.15660095214844,404.4537353515625,15.326255798339844,7.4625244140625,1,-1,-1,-1
1801,47,103.1565933227539,404.4537353515625,15.326255798339844,7.4625244140625,1,-1,-1,-1
1801,46,300.2655334472656,476.3170471191406,9.840972900390625,4.778076171875,1,-1,-1,-1
1801,45,103.15660095214844,404.4537353515625,15.326255798339844,7.4625244140625,1,-1,-1,-1
1821,49,103.4130859375,422.3824462890625,15.57501220703125,7.2987060546875,1,-1,-1,-1
1821,48,103.41307830810547,422.3824462890625,15.575027465820312,7.2987060546875,1,-1,-1,-1
1821,47,103.4130859375,422.3824462890625,15.57501220703125,7.2987060546875,1,-1,-1,-1
1821,46,301.9581298828125,485.9512939453125,9.0526123046875,4.43756103515625,1,-1,-1,-1
1821,45,103.4130859375,422.3824462890625,15.57501220703125,7.2987060546875,1,-1,-1,-1
1841,49,103.695068359375,394.18035888671875,15.05743408203125,7.45697021484375,1,-1,-1,-1
1841,48,103.69507598876953,394.18035888671875,15.057411193847656,7.45697021484375,1,-1,-1,-1
1841,47,103.69507598876953,394.18035888671875,15.057411193847656,7.45697021484375,1,-1,-1,-1
1841,46,303.3814697265625,497.6280212402344,9.583892822265625,5.25872802734375,1,-1,-1,-1
1841,45,103.69507598876953,394.18035888671875,15.057411193847656,7.45697021484375,1,-1,-1,-1
1861,49,102.75105285644531,369.4588317871094,15.241874694824219,7.16241455078125,1,-1,-1,-1
1861,48,102.75104522705078,369.4588317871094,15.241889953613281,7.16241455078125,1,-1,-1,-1
1861,47,102.75104522705078,369.4588317871094,15.241889953613281,7.16241455078125,1,-1,-1,-1
1861,46,302.7065124511719,485.2805480957031,8.649261474609375,5.160888671875,1,-1,-1,-1
1861,45,102.75104522705078,369.4588317871094,15.241889953613281,7.16241455078125,1,-1,-1,-1
1881,49,102.82425689697266,368.2500915527344,15.342239379882812,7.44482421875,1,-1,-1,-1
1881,48,102.82429504394531,368.2500915527344,15.342239379882812,7.44482421875,1,-1,-1,-1
1881,47,102.82425689697266,368.2500915527344,15.342239379882812,7.44482421875,1,-1,-1,-1
1881,46,298.46142578125,445.3550720214844,9.0709228515625,5.3018798828125,1,-1,-1,-1
1881,45,102.82425689697266,368.2500915527344,15.342239379882812,7.44482421875,1,-1,-1,-1
1901,49,94.36894226074219,369.58123779296875,15.67999267578125,9.153076171875,1,-1,-1,-1
1901,48,94.36893463134766,369.58123779296875,15.680007934570312,9.153076171875,1,-1,-1,-1
1901,47,94.36893463134766,369.58123779296875,15.680007934570312,9.153076171875,1,-1,-1,-1
1901,46,294.516357421875,411.1756896972656,8.76715087890625,4.20428466796875,1,-1,-1,-1
1901,45,94.36893463134766,369.58123779296875,15.680007934570312,9.153076171875,1,-1,-1,-1
1921,50,48.06867599487305,326.98992919921875,9.566486358642578,6.16131591796875,1,-1,-1,-1
1921,49,68.95378875732422,376.75115966796875,15.033088684082031,6.91461181640625,1,-1,-1,-1
1921,48,68.95378875732422,376.75115966796875,15.033088684082031,6.91461181640625,1,-1,-1,-1
1921,47,68.95378875732422,376.75115966796875,15.033088684082031,6.91461181640625,1,-1,-1,-1
1921,46,291.78839111328125,389.5604553222656,8.96966552734375,4.46209716796875,1,-1,-1,-1
1921,45,68.95378875732422,376.75115966796875,15.033088684082031,6.91461181640625,1,-1,-1,-1
1941,50,78.57977294921875,347.5061340332031,7.9621124267578125,4.946533203125,1,-1,-1,-1
1941,49,55.736541748046875,379.73919677734375,14.682350158691406,6.98992919921875,1,-1,-1,-1
1941,48,55.736541748046875,379.73919677734375,14.682350158691406,6.98992919921875,1,-1,-1,-1
1941,47,55.736541748046875,379.73919677734375,14.682350158691406,6.98992919921875,1,-1,-1,-1
1941,46,289.6147155761719,372.43695068359375,8.609527587890625,4.17510986328125,1,-1,-1,-1
1941,45,55.73654556274414,379.73919677734375,14.68233871459961,6.98992919921875,1,-1,-1,-1
1961,50,106.34053039550781,364.83447265625,7.375984191894531,4.5296630859375,1,-1,-1,-1
1961,49,54.287689208984375,379.88848876953125,15.301910400390625,6.973388671875,1,-1,-1,-1
1961,48,54.287689208984375,379.88848876953125,15.301910400390625,6.973388671875,1,-1,-1,-1
1961,47,54.287689208984375,379.88848876953125,15.301910400390625,6.973388671875,1,-1,-1,-1
1961,46,288.09063720703125,358.3704528808594,8.39300537109375,4.1314697265625,1,-1,-1,-1
1961,45,54.287689208984375,379.88848876953125,15.301910400390625,6.973388671875,1,-1,-1,-1
1981,50,115.0917739868164,369.3432312011719,7.193084716796875,3.8994140625,1,-1,-1,-1
1981,49,61.38050842285156,378.20574951171875,15.168975830078125,6.6990966796875,1,-1,-1,-1
1981,48,61.380516052246094,378.20574951171875,15.168960571289062,6.6990966796875,1,-1,-1,-1
1981,47,61.38050842285156,378.20574951171875,15.168975830078125,6.6990966796875,1,-1,-1,-1
1981,46,287.47991943359375,349.59246826171875,8.14141845703125,4.36883544921875,1,-1,-1,-1
1981,45,61.38050842285156,378.20574951171875,15.168975830078125,6.6990966796875,1,-1,-1,-1
2001,50,121.01242065429688,368.1614685058594,7.515594482421875,3.8931884765625,1,-1,-1,-1
2001,49,90.53307342529297,370.4187316894531,15.677398681640625,7.09906005859375,1,-1,-1,-1
2001,48,90.53307342529297,370.4187316894531,15.677398681640625,7.09906005859375,1,-1,-1,-1
2001,47,90.53307342529297,370.4187316894531,15.677398681640625,7.09906005859375,1,-1,-1,-1
2001,46,286.7502746582031,342.83111572265625,8.64788818359375,4.77862548828125,1,-1,-1,-1
2001,45,90.53307342529297,370.4187316894531,15.677398681640625,7.09906005859375,1,-1,-1,-1
2021,50,141.9320831298828,356.1468505859375,18.931869506835938,9.00054931640625,1,-1,-1,-1
2021,49,141.93206787109375,356.1468505859375,18.931884765625,9.00054931640625,1,-1,-1,-1
2021,48,141.9320831298828,356.1468505859375,18.931869506835938,9.00054931640625,1,-1,-1,-1
2021,47,141.9320831298828,356.1468505859375,18.931869506835938,9.00054931640625,1,-1,-1,-1
2021,46,286.25079345703125,336.7281799316406,8.446533203125,4.400390625,1,-1,-1,-1
2021,45,141.93206787109375,356.1468505859375,18.931884765625,9.00054931640625,1,-1,-1,-1
2041,51,177.826416015625,351.455078125,8.693740844726562,3.5111083984375,1,-1,-1,-1
2041,50,211.84814453125,334.7669982910156,17.069976806640625,12.14453125,1,-1,-1,-1
2041,49,211.84811401367188,334.7669982910156,17.07000732421875,12.14453125,1,-1,-1,-1
2041,48,211.84811401367188,334.7669982910156,17.07000732421875,12.14453125,1,-1,-1,-1
2041,47,211.84811401367188,334.7669982910156,17.07000732421875,12.14453125,1,-1,-1,-1
2041,46,285.5594482421875,330.3705139160156,8.30535888671875,4.26348876953125,1,-1,-1,-1
2041,45,211.84814453125,334.7669982910156,17.069976806640625,12.14453125,1,-1,-1,-1
2061,51,218.4658203125,339.3338317871094,7.9468536376953125,5.56292724609375,1,-1,-1,-1
2061,50,237.41970825195312,329.9095764160156,17.69049072265625,9.50299072265625,1,-1,-1,-1
2061,49,237.41970825195312,329.9095458984375,17.69049072265625,9.50299072265625,1,-1,-1,-1
2061,48,237.41970825195312,329.9095458984375,17.69049072265625,9.50299072265625,1,-1,-1,-1
2061,47,237.41970825195312,329.9095764160156,17.69049072265625,9.50299072265625,1,-1,-1,-1
2061,46,285.1551208496094,327.7231140136719,8.3822021484375,4.26953125,1,-1,-1,-1
2061,45,237.41970825195312,329.9095458984375,17.69049072265625,9.50299072265625,1,-1,-1,-1
2081,51,230.37225341796875,330.7556457519531,21.893814086914062,9.147705078125,1,-1,-1,-1
2081,50,230.68992614746094,330.7298278808594,21.672821044921875,9.14923095703125,1,-1,-1,-1
2081,49,230.68992614746094,330.72979736328125,21.672821044921875,9.1492919921875,1,-1,-1,-1
2081,48,230.68992614746094,330.72979736328125,21.672821044921875,9.1492919921875,1,-1,-1,-1
2081,47,230.68992614746094,330.7298278808594,21.672821044921875,9.14923095703125,1,-1,-1,-1
2081,46,285.7229919433594,327.6205139160156,8.468109130859375,4.2147216796875,1,-1,-1,-1
2081,45,230.68992614746094,330.72979736328125,21.672821044921875,9.1492919921875,1,-1,-1,-1
2101,51,228.0904541015625,331.1461486816406,21.939971923828125,9.04827880859375,1,-1,-1,-1
2101,50,228.09030151367188,331.1462707519531,21.940582275390625,9.048583984375,1,-1,-1,-1
2101,49,228.09033203125,331.1462707519531,21.940521240234375,9.048583984375,1,-1,-1,-1
2101,48,228.09033203125,331.1462707519531,21.940521240234375,9.048583984375,1,-1,-1,-1
2101,47,228.09030151367188,331.1462707519531,21.940582275390625,9.048583984375,1,-1,-1,-1
2101,46,294.8719482421875,321.12115478515625,8.22576904296875,4.38787841796875,1,-1,-1,-1
2101,45,228.09033203125,331.1462707519531,21.940521240234375,9.048583984375,1,-1,-1,-1
2121,51,227.2434844970703,330.73486328125,22.948486328125,9.55828857421875,1,-1,-1,-1
2121,50,227.2434844970703,330.73486328125,22.948486328125,9.55828857421875,1,-1,-1,-1
2121,49,227.2435302734375,330.73486328125,22.948455810546875,9.55828857421875,1,-1,-1,-1
2121,48,227.2434844970703,330.73486328125,22.948486328125,9.55828857421875,1,-1,-1,-1
2121,47,227.2434844970703,330.73486328125,22.948486328125,9.55828857421875,1,-1,-1,-1
2121,46,304.949462890625,313.75347900390625,7.925537109375,4.87152099609375,1,-1,-1,-1
2121,45,227.2435302734375,330.73486328125,22.948455810546875,9.55828857421875,1,-1,-1,-1
2141,51,225.5418701171875,332.4737243652344,18.004196166992188,9.19635009765625,1,-1,-1,-1
2141,50,225.5418701171875,332.4737243652344,18.004196166992188,9.19635009765625,1,-1,-1,-1
2141,49,225.5418701171875,332.4737243652344,18.004196166992188,9.19635009765625,1,-1,-1,-1
2141,48,225.5418701171875,332.4737243652344,18.004196166992188,9.19635009765625,1,-1,-1,-1
2141,47,225.5418701171875,332.4737243652344,18.004196166992188,9.19635009765625,1,-1,-1,-1
2141,46,306.88372802734375,313.6643371582031,8.402374267578125,4.6964111328125,1,-1,-1,-1
2141,45,225.5418701171875,332.4737243652344,18.004196166992188,9.19635009765625,1,-1,-1,-1
2161,51,195.16847229003906,338.3514404296875,25.804061889648438,11.30181884765625,1,-1,-1,-1
2161,50,195.16847229003906,338.3514709472656,25.804031372070312,11.3017578125,1,-1,-1,-1
2161,49,195.16848754882812,338.3514709472656,25.804031372070312,11.3017578125,1,-1,-1,-1
2161,48,195.16848754882812,338.3514709472656,25.804031372070312,11.3017578125,1,-1,-1,-1
2161,47,195.16848754882812,338.3514709472656,25.804031372070312,11.3017578125,1,-1,-1,-1
2161,46,306.7322082519531,315.34344482421875,8.85015869140625,4.45501708984375,1,-1,-1,-1
2161,45,195.16848754882812,338.3514709472656,25.804031372070312,11.3017578125,1,-1,-1,-1
2181,51,168.4909210205078,346.8064270019531,18.668289184570312,9.10650634765625,1,-1,-1,-1
2181,50,168.4909210205078,346.8064270019531,18.668289184570312,9.10650634765625,1,-1,-1,-1
2181,49,168.4909210205078,346.8064270019531,18.668289184570312,9.10650634765625,1,-1,-1,-1
2181,48,168.4909210205078,346.8064270019531,18.668289184570312,9.10650634765625,1,-1,-1,-1
2181,47,168.4909210205078,346.8064270019531,18.668289184570312,9.10650634765625,1,-1,-1,-1
2181,46,306.3515319824219,316.0461730957031,9.190093994140625,4.58203125,1,-1,-1,-1
2181,45,168.4909210205078,346.8064270019531,18.668289184570312,9.10650634765625,1,-1,-1,-1
2201,51,131.08067321777344,356.74609375,18.098663330078125,8.0191650390625,1,-1,-1,-1
2201,50,131.08067321777344,356.74609375,18.098663330078125,8.0191650390625,1,-1,-1,-1
2201,49,131.08067321777344,356.74609375,18.098663330078125,8.0191650390625,1,-1,-1,-1
2201,48,131.08067321777344,356.74609375,18.098663330078125,8.0191650390625,1,-1,-1,-1
2201,47,131.08067321777344,356.74609375,18.098663330078125,8.0191650390625,1,-1,-1,-1
2201,46,308.2048034667969,316.07122802734375,8.336334228515625,3.2896728515625,1,-1,-1,-1
2201,45,131.08067321777344,356.74609375,18.098663330078125,8.0191650390625,1,-1,-1,-1
