1,258,4.282456398010254,226.91314697265625,23.595799446105957,14.71343994140625,1,-1,-1,-1
21,258,65.04414367675781,239.8738555908203,27.279624938964844,10.499420166015625,1,-1,-1,-1
41,258,66.62744140625,277.61199951171875,24.40465545654297,10.04791259765625,1,-1,-1,-1
61,258,57.47032928466797,303.12945556640625,29.995689392089844,12.618896484375,1,-1,-1,-1
81,258,116.2308578491211,307.59295654296875,32.47797393798828,16.73016357421875,1,-1,-1,-1
101,258,208.07925415039062,314.11669921875,27.8961181640625,10.81610107421875,1,-1,-1,-1
121,259,277.0779113769531,320.8654479980469,25.8011474609375,10.53173828125,1,-1,-1,-1
141,260,298.9740295410156,361.0452575683594,27.227081298828125,9.96319580078125,1,-1,-1,-1
161,260,282.7697448730469,365.8283996582031,30.972991943359375,15.170654296875,1,-1,-1,-1
181,260,253.62550354003906,386.4407653808594,24.396560668945312,10.255859375,1,-1,-1,-1
201,260,233.56005859375,400.556884765625,19.579010009765625,11.30084228515625,1,-1,-1,-1
221,260,224.914794921875,402.46087646484375,21.732330322265625,9.43145751953125,1,-1,-1,-1
241,260,224.5955047607422,402.62506103515625,19.4178466796875,9.00067138671875,1,-1,-1,-1
261,260,225.75318908691406,403.6368408203125,19.292877197265625,8.24951171875,1,-1,-1,-1
281,260,226.27662658691406,403.04693603515625,23.435287475585938,9.1793212890625,1,-1,-1,-1
301,260,215.528564453125,402.1475524902344,20.580673217773438,9.43115234375,1,-1,-1,-1
321,260,201.20407104492188,394.8648681640625,22.94781494140625,12.02178955078125,1,-1,-1,-1
341,260,182.64846801757812,395.0689392089844,24.880142211914062,11.45074462890625,1,-1,-1,-1
361,260,143.04794311523438,378.9690856933594,26.091583251953125,11.5118408203125,1,-1,-1,-1
381,260,103.04833984375,365.1905212402344,27.879486083984375,11.39599609375,1,-1,-1,-1
401,260,89.6818618774414,362.1182861328125,26.181320190429688,11.72979736328125,1,-1,-1,-1
421,260,84.96626281738281,356.4484558105469,29.11029052734375,12.39990234375,1,-1,-1,-1
441,260,75.92786407470703,342.72381591796875,23.574607849121094,11.625732421875,1,-1,-1,-1
461,260,66.01515197753906,326.7100524902344,32.64849853515625,12.01025390625,1,-1,-1,-1
481,260,55.17277526855469,305.4188232421875,33.893524169921875,13.35113525390625,1,-1,-1,-1
501,260,39.1036376953125,283.5048522949219,42.347442626953125,14.71649169921875,1,-1,-1,-1
521,260,22.305715560913086,252.79269409179688,43.28898048400879,12.94830322265625,1,-1,-1,-1
541,260,7.727956771850586,220.25123596191406,44.64007377624512,15.442474365234375,1,-1,-1,-1
561,260,-1.9751739501953125,188.8944549560547,38.889461517333984,19.399261474609375,1,-1,-1,-1
581,260,-2.0422494411468506,246.7978973388672,23.599729299545288,16.814376831054688,1,-1,-1,-1
601,260,-4.676220893859863,324.35235595703125,28.446106910705566,16.0777587890625,1,-1,-1,-1
621,260,-4.013470649719238,333.23846435546875,34.263604164123535,16.92156982421875,1,-1,-1,-1
641,260,3.496215343475342,350.5506896972656,46.14121675491333,18.76336669921875,1,-1,-1,-1
661,260,33.487117767333984,373.52294921875,42.72507858276367,17.024658203125,1,-1,-1,-1
681,260,63.850364685058594,388.1734619140625,38.438072204589844,14.2899169921875,1,-1,-1,-1
701,260,91.81359100341797,387.63397216796875,29.315032958984375,11.68719482421875,1,-1,-1,-1
721,260,109.0257568359375,384.80218505859375,28.510147094726562,11.76641845703125,1,-1,-1,-1
741,260,122.26884460449219,378.0926208496094,25.81427001953125,10.52606201171875,1,-1,-1,-1
761,260,133.49688720703125,371.1117858886719,23.65521240234375,10.63714599609375,1,-1,-1,-1
781,260,136.6151580810547,373.07037353515625,23.921493530273438,10.66522216796875,1,-1,-1,-1
801,260,137.69049072265625,365.83099365234375,24.4075927734375,10.09954833984375,1,-1,-1,-1
821,260,133.419677734375,351.8109436035156,25.78265380859375,11.10870361328125,1,-1,-1,-1
841,260,125.61265563964844,333.919921875,27.560394287109375,10.00360107421875,1,-1,-1,-1
861,260,111.79595184326172,306.7823791503906,34.24817657470703,12.42401123046875,1,-1,-1,-1
881,260,90.17609405517578,278.07757568359375,35.14575958251953,15.5408935546875,1,-1,-1,-1
901,260,73.03527069091797,317.54473876953125,40.907203674316406,16.34796142578125,1,-1,-1,-1
921,260,79.04486083984375,360.7974548339844,45.137611389160156,19.087646484375,1,-1,-1,-1
941,260,167.57000732421875,366.3010559082031,44.42230224609375,15.01971435546875,1,-1,-1,-1
961,260,219.24339294433594,363.9974060058594,45.55049133300781,18.1619873046875,1,-1,-1,-1
981,260,256.64129638671875,342.2686462402344,52.059326171875,18.67462158203125,1,-1,-1,-1
1001,260,316.6024475097656,288.9757385253906,56.060546875,32.95086669921875,1,-1,-1,-1
1021,260,332.77337646484375,320.56341552734375,68.67584228515625,24.18780517578125,1,-1,-1,-1
1041,260,300.81396484375,372.1236267089844,63.75640869140625,27.4110107421875,1,-1,-1,-1
1061,260,86.75240325927734,371.16156005859375,61.74077606201172,24.45977783203125,1,-1,-1,-1
1081,260,-5.297035217285156,381.54083251953125,12.423850536346436,7.630859375,1,-1,-1,-1
1161,261,30.119152069091797,315.07830810546875,87.06491470336914,44.29034423828125,1,-1,-1,-1
1181,261,116.34446716308594,383.112548828125,70.932373046875,23.10638427734375,1,-1,-1,-1
1201,261,149.29307556152344,363.22979736328125,50.504669189453125,19.08203125,1,-1,-1,-1
1221,261,163.08026123046875,367.3767395019531,42.630615234375,17.65301513671875,1,-1,-1,-1
1241,261,168.71832275390625,369.6763000488281,39.023468017578125,14.99005126953125,1,-1,-1,-1
1261,261,177.44712829589844,373.9643859863281,32.386474609375,15.49481201171875,1,-1,-1,-1
1281,261,219.77938842773438,383.11083984375,31.694229125976562,14.57269287109375,1,-1,-1,-1
1301,261,291.84661865234375,385.1356506347656,30.056732177734375,12.1676025390625,1,-1,-1,-1
1321,261,345.3080749511719,379.0462341308594,27.602935791015625,10.65240478515625,1,-1,-1,-1
1341,261,325.9407043457031,377.7890930175781,25.535888671875,12.42767333984375,1,-1,-1,-1
1361,261,254.68634033203125,375.34002685546875,30.344879150390625,13.599609375,1,-1,-1,-1
1381,261,209.70623779296875,362.41839599609375,33.81048583984375,12.7725830078125,1,-1,-1,-1
1401,261,199.7332763671875,361.1767883300781,34.805450439453125,14.61602783203125,1,-1,-1,-1
1421,261,197.448486328125,351.1951599121094,34.60273742675781,15.49481201171875,1,-1,-1,-1
1441,261,201.303466796875,333.5315856933594,38.136138916015625,18.474853515625,1,-1,-1,-1
1461,262,206.53369140625,274.13031005859375,42.07012939453125,21.00921630859375,1,-1,-1,-1
1481,264,180.813232421875,287.4837646484375,51.19636535644531,16.26251220703125,1,-1,-1,-1
1501,264,171.4322052001953,361.86871337890625,47.914276123046875,18.65887451171875,1,-1,-1,-1
1521,264,134.73532104492188,376.1648864746094,52.756683349609375,21.02081298828125,1,-1,-1,-1
1541,264,62.273826599121094,371.32421875,48.232574462890625,15.8875732421875,1,-1,-1,-1
1561,264,61.882511138916016,308.7608947753906,47.21438217163086,26.79742431640625,1,-1,-1,-1
1581,264,81.98677062988281,345.58306884765625,38.51362609863281,18.3682861328125,1,-1,-1,-1
1601,264,87.6902084350586,356.16796875,39.093040466308594,14.80963134765625,1,-1,-1,-1
1621,264,92.72012329101562,357.2001953125,36.64666748046875,15.43109130859375,1,-1,-1,-1
1641,264,103.43234252929688,372.9966735839844,33.287261962890625,13.62017822265625,1,-1,-1,-1
1661,264,107.80315399169922,380.765625,31.11756134033203,14.05596923828125,1,-1,-1,-1
1681,264,78.40425109863281,377.2037353515625,27.359535217285156,11.19927978515625,1,-1,-1,-1
1701,264,74.83831024169922,367.9794921875,31.472190856933594,15.1839599609375,1,-1,-1,-1
1721,264,82.21240997314453,361.6585693359375,22.50732421875,10.4647216796875,1,-1,-1,-1
1741,264,89.50538635253906,295.4286193847656,25.485397338867188,10.30438232421875,1,-1,-1,-1
1761,264,85.63874816894531,278.8752746582031,27.802833557128906,10.66015625,1,-1,-1,-1
1781,264,67.66053771972656,240.81036376953125,32.29713439941406,10.376922607421875,1,-1,-1,-1
1801,264,47.3543586730957,201.22779846191406,34.861873626708984,20.244659423828125,1,-1,-1,-1
1821,264,29.75457763671875,285.4012756347656,41.02122497558594,19.65673828125,1,-1,-1,-1
1841,264,21.839590072631836,311.7685852050781,42.18265724182129,22.26751708984375,1,-1,-1,-1
1861,264,-1.7370760440826416,262.7895812988281,40.04962182044983,22.2685546875,1,-1,-1,-1
1881,264,61.45002365112305,236.47128295898438,52.13701248168945,26.062591552734375,1,-1,-1,-1
1901,264,103.1221694946289,288.31341552734375,57.642601013183594,23.30914306640625,1,-1,-1,-1
1921,264,99.64264678955078,366.1080627441406,59.44483184814453,21.00634765625,1,-1,-1,-1
1941,265,307.45367431640625,272.2654724121094,20.281494140625,11.36651611328125,1,-1,-1,-1
1941,264,60.031036376953125,369.38006591796875,61.002593994140625,20.40911865234375,1,-1,-1,-1
1961,265,262.12152099609375,271.26849365234375,21.145172119140625,9.85333251953125,1,-1,-1,-1
1961,264,-3.17075252532959,367.16827392578125,46.988505363464355,23.61285400390625,1,-1,-1,-1
1981,265,253.1983642578125,318.5570983886719,27.635498046875,11.38970947265625,1,-1,-1,-1
1981,264,7.759864330291748,366.6498718261719,58.124496936798096,27.14501953125,1,-1,-1,-1
2001,265,285.5396423339844,349.150634765625,23.675994873046875,11.65606689453125,1,-1,-1,-1
2001,264,36.897369384765625,373.12103271484375,58.268402099609375,24.714599609375,1,-1,-1,-1
2021,265,358.0942077636719,347.796630859375,26.23773193359375,10.6611328125,1,-1,-1,-1
2021,264,55.01751708984375,349.0174865722656,46.83732604980469,21.73138427734375,1,-1,-1,-1
2041,265,433.21612548828125,347.19927978515625,24.3756103515625,10.904296875,1,-1,-1,-1
2041,264,79.37976837158203,353.3514404296875,39.59220886230469,18.48834228515625,1,-1,-1,-1
2061,265,514.9715576171875,336.2574462890625,27.32269287109375,11.1807861328125,1,-1,-1,-1
2061,264,86.33168029785156,318.2046813964844,38.41486358642578,17.0711669921875,1,-1,-1,-1
2081,265,595.9804077148438,260.4076232910156,22.74493408203125,12.00653076171875,1,-1,-1,-1
2081,264,98.14338684082031,342.65350341796875,33.54795837402344,15.35516357421875,1,-1,-1,-1
2101,265,610.2080688476562,191.78570556640625,21.6478271484375,13.2171630859375,1,-1,-1,-1
2101,264,108.60200500488281,327.0622863769531,29.285858154296875,11.90338134765625,1,-1,-1,-1
2121,265,567.840087890625,220.30894470214844,23.55633544921875,12.792144775390625,1,-1,-1,-1
2121,264,119.17427062988281,327.30633544921875,29.030441284179688,11.1861572265625,1,-1,-1,-1
2141,265,503.196044921875,269.31793212890625,19.04583740234375,6.86956787109375,1,-1,-1,-1
2141,264,149.97555541992188,333.3037109375,29.560150146484375,10.49835205078125,1,-1,-1,-1
