1,434,411.07373046875,330.0381774902344,20.6192626953125,8.31280517578125,1,-1,-1,-1
1,435,247.0675811767578,256.1076965332031,6.7812347412109375,3.25250244140625,1,-1,-1,-1
21,434,371.12725830078125,279.0729675292969,19.4949951171875,7.4141845703125,1,-1,-1,-1
21,435,247.71749877929688,256.1104736328125,7.0703887939453125,3.4349365234375,1,-1,-1,-1
41,434,371.66802978515625,261.77154541015625,21.91229248046875,6.2310791015625,1,-1,-1,-1
41,435,253.47625732421875,256.24261474609375,7.365753173828125,3.09490966796875,1,-1,-1,-1
61,434,375.18914794921875,282.892822265625,21.906646728515625,6.09600830078125,1,-1,-1,-1
61,435,254.61050415039062,256.0863952636719,7.35748291015625,3.1431884765625,1,-1,-1,-1
81,434,374.23822021484375,278.9455261230469,22.3721923828125,5.908935546875,1,-1,-1,-1
81,435,254.1808319091797,256.1190185546875,7.3494415283203125,2.82305908203125,1,-1,-1,-1
101,434,373.7723388671875,314.0238037109375,22.95281982421875,9.20037841796875,1,-1,-1,-1
101,435,253.7122344970703,255.62709045410156,7.1230010986328125,3.0618743896484375,1,-1,-1,-1
121,434,381.75653076171875,328.2816467285156,24.64111328125,9.20526123046875,1,-1,-1,-1
121,435,253.71437072753906,239.44801330566406,7.5789642333984375,3.517578125,1,-1,-1,-1
141,434,407.98345947265625,348.6614685058594,27.118621826171875,10.36865234375,1,-1,-1,-1
141,435,253.48538208007812,243.50521850585938,7.459564208984375,3.482513427734375,1,-1,-1,-1
161,434,466.3168640136719,310.1244201660156,31.2396240234375,13.69549560546875,1,-1,-1,-1
161,435,253.55191040039062,275.98956298828125,6.907196044921875,3.08636474609375,1,-1,-1,-1
181,434,486.75347900390625,290.4327697753906,35.42120361328125,13.36480712890625,1,-1,-1,-1
181,435,256.1642761230469,283.0888366699219,6.489654541015625,3.1322021484375,1,-1,-1,-1
201,434,390.1475524902344,284.05255126953125,37.451019287109375,12.52337646484375,1,-1,-1,-1
201,435,265.6766662597656,276.8331604003906,6.49505615234375,2.9693603515625,1,-1,-1,-1
221,434,181.45729064941406,274.122802734375,37.674713134765625,15.88958740234375,1,-1,-1,-1
221,435,278.91278076171875,264.88031005859375,8.2376708984375,4.59716796875,1,-1,-1,-1
241,434,114.27549743652344,271.13238525390625,37.53703308105469,12.81103515625,1,-1,-1,-1
241,435,284.0325622558594,262.73016357421875,8.100372314453125,4.12310791015625,1,-1,-1,-1
261,434,216.92344665527344,271.3656921386719,38.201141357421875,16.838134765625,1,-1,-1,-1
261,435,276.6512451171875,266.25225830078125,8.46783447265625,3.16253662109375,1,-1,-1,-1
281,434,264.9759216308594,267.64251708984375,7.25701904296875,3.23431396484375,1,-1,-1,-1
281,435,264.9759216308594,267.64251708984375,7.25701904296875,3.23431396484375,1,-1,-1,-1
301,434,238.07760620117188,263.8687744140625,9.474746704101562,3.985107421875,1,-1,-1,-1
301,435,238.07760620117188,263.8687744140625,9.474746704101562,3.985107421875,1,-1,-1,-1
321,434,221.261474609375,255.78065490722656,8.2672119140625,3.8609466552734375,1,-1,-1,-1
321,435,221.261474609375,255.78065490722656,8.2672119140625,3.8609466552734375,1,-1,-1,-1
341,434,228.7962188720703,244.0982208251953,8.990554809570312,5.17291259765625,1,-1,-1,-1
341,435,228.7962188720703,244.0982208251953,8.990554809570312,5.17291259765625,1,-1,-1,-1
361,434,266.2569885253906,231.21371459960938,10.75689697265625,5.08203125,1,-1,-1,-1
361,435,266.2569885253906,231.21371459960938,10.75689697265625,5.08203125,1,-1,-1,-1
381,434,335.551513671875,212.531494140625,13.09295654296875,6.59686279296875,1,-1,-1,-1
381,435,335.551513671875,212.531494140625,13.09295654296875,6.59686279296875,1,-1,-1,-1
401,434,378.4185485839844,207.36402893066406,11.9085693359375,4.973175048828125,1,-1,-1,-1
401,435,378.4185485839844,207.36402893066406,11.9085693359375,4.973175048828125,1,-1,-1,-1
421,436,612.521484375,280.8883972167969,27.15673828125,11.3941650390625,1,-1,-1,-1
421,434,372.5404357910156,204.20809936523438,12.424224853515625,4.35015869140625,1,-1,-1,-1
421,435,372.5404357910156,204.20809936523438,12.424224853515625,4.35015869140625,1,-1,-1,-1
441,436,544.2949829101562,280.32049560546875,33.91033935546875,11.191650390625,1,-1,-1,-1
441,434,334.18927001953125,196.75433349609375,13.4451904296875,4.81109619140625,1,-1,-1,-1
441,435,334.18927001953125,196.75433349609375,13.4451904296875,4.81109619140625,1,-1,-1,-1
461,436,415.82330322265625,273.1118469238281,39.0107421875,16.52435302734375,1,-1,-1,-1
461,434,294.4457702636719,174.87632751464844,13.162628173828125,6.642852783203125,1,-1,-1,-1
461,435,294.4457702636719,174.87632751464844,13.162628173828125,6.642852783203125,1,-1,-1,-1
481,436,391.3636779785156,270.8497619628906,40.18157958984375,9.9600830078125,1,-1,-1,-1
481,434,288.4076843261719,150.61314392089844,15.5250244140625,8.2890625,1,-1,-1,-1
481,435,288.4076843261719,150.61314392089844,15.5250244140625,8.2890625,1,-1,-1,-1
501,436,412.680419921875,269.32037353515625,40.80194091796875,13.32623291015625,1,-1,-1,-1
501,434,280.1947021484375,152.26266479492188,15.63909912109375,7.7659912109375,1,-1,-1,-1
501,435,280.1947326660156,152.26266479492188,15.639068603515625,7.7659912109375,1,-1,-1,-1
521,436,470.26544189453125,246.1463623046875,38.18115234375,11.420806884765625,1,-1,-1,-1
521,434,262.0049133300781,201.04835510253906,14.49896240234375,9.551513671875,1,-1,-1,-1
521,435,262.0049133300781,201.04835510253906,14.49896240234375,9.551513671875,1,-1,-1,-1
541,436,483.594482421875,155.14657592773438,38.37841796875,14.3133544921875,1,-1,-1,-1
541,434,238.5023651123047,275.3961181640625,12.05975341796875,5.26385498046875,1,-1,-1,-1
541,435,238.50238037109375,275.3961181640625,12.05975341796875,5.26385498046875,1,-1,-1,-1
561,436,437.6596374511719,189.28138732910156,39.81292724609375,12.604705810546875,1,-1,-1,-1
561,434,218.26898193359375,295.4689025878906,11.939697265625,5.83819580078125,1,-1,-1,-1
561,435,218.26898193359375,295.4689025878906,11.939697265625,5.83819580078125,1,-1,-1,-1
581,436,388.49462890625,204.1862030029297,39.5526123046875,11.255828857421875,1,-1,-1,-1
601,436,384.7772521972656,204.42739868164062,38.14971923828125,10.0986328125,1,-1,-1,-1
621,436,388.68511962890625,203.68832397460938,39.40283203125,10.22650146484375,1,-1,-1,-1
641,436,390.5387878417969,201.62767028808594,39.101043701171875,10.555328369140625,1,-1,-1,-1
661,437,244.06820678710938,247.43231201171875,9.265243530273438,4.716888427734375,1,-1,-1,-1
661,436,389.18255615234375,200.44374084472656,39.146728515625,10.56585693359375,1,-1,-1,-1
681,437,268.422607421875,245.9484100341797,8.632415771484375,4.303802490234375,1,-1,-1,-1
681,436,371.64947509765625,198.82281494140625,39.59405517578125,11.084381103515625,1,-1,-1,-1
701,437,313.5190124511719,249.04917907714844,8.563934326171875,4.000091552734375,1,-1,-1,-1
701,436,337.54718017578125,196.62918090820312,38.65350341796875,11.53009033203125,1,-1,-1,-1
721,437,343.9764099121094,248.78614807128906,8.773040771484375,3.43267822265625,1,-1,-1,-1
721,436,354.12835693359375,194.52369689941406,38.81939697265625,18.745147705078125,1,-1,-1,-1
741,437,362.2093505859375,249.23532104492188,9.723907470703125,4.122772216796875,1,-1,-1,-1
741,436,439.8023986816406,201.85186767578125,42.053741455078125,13.779571533203125,1,-1,-1,-1
761,437,366.32879638671875,288.7095947265625,7.5716552734375,3.84326171875,1,-1,-1,-1
761,436,422.31732177734375,201.7488250732422,41.002349853515625,14.30804443359375,1,-1,-1,-1
781,437,323.79833984375,205.51504516601562,37.8228759765625,16.505462646484375,1,-1,-1,-1
781,436,323.5887451171875,205.386962890625,38.309783935546875,16.6383056640625,1,-1,-1,-1
801,437,303.64019775390625,271.08929443359375,36.87872314453125,13.7174072265625,1,-1,-1,-1
801,436,303.64019775390625,271.08929443359375,36.87872314453125,13.7174072265625,1,-1,-1,-1
821,437,328.5687255859375,252.43568420410156,39.87615966796875,16.075820922851562,1,-1,-1,-1
821,436,328.5686950683594,252.43569946289062,39.876251220703125,16.0758056640625,1,-1,-1,-1
841,438,186.04864501953125,247.50975036621094,8.371810913085938,4.7086181640625,1,-1,-1,-1
841,437,352.72296142578125,256.1603088378906,49.4244384765625,13.542236328125,1,-1,-1,-1
841,436,352.72296142578125,256.1603088378906,49.4244384765625,13.542236328125,1,-1,-1,-1
861,438,160.51263427734375,228.38613891601562,8.486907958984375,5.744140625,1,-1,-1,-1
861,437,393.5946350097656,254.86544799804688,57.23455810546875,16.9996337890625,1,-1,-1,-1
861,436,393.5946350097656,254.86544799804688,57.23455810546875,16.9996337890625,1,-1,-1,-1
881,438,163.5071563720703,232.0821533203125,8.469192504882812,5.082550048828125,1,-1,-1,-1
881,437,434.6353759765625,275.8131103515625,63.4947509765625,18.37249755859375,1,-1,-1,-1
881,436,434.63543701171875,275.8131103515625,63.49462890625,18.37249755859375,1,-1,-1,-1
901,438,193.73635864257812,236.5960235595703,8.97503662109375,4.671966552734375,1,-1,-1,-1
901,437,481.32843017578125,296.451904296875,73.25311279296875,25.94189453125,1,-1,-1,-1
901,436,481.32843017578125,296.451904296875,73.25311279296875,25.94189453125,1,-1,-1,-1
921,438,235.3030548095703,240.23318481445312,9.199417114257812,3.271820068359375,1,-1,-1,-1
921,437,552.5855102539062,332.2869567871094,75.21527099609375,30.15423583984375,1,-1,-1,-1
921,436,552.5855102539062,332.28692626953125,75.21527099609375,30.154296875,1,-1,-1,-1
941,438,255.55914306640625,240.812255859375,7.94036865234375,2.75787353515625,1,-1,-1,-1
961,438,261.0303039550781,239.86500549316406,8.623382568359375,3.3763427734375,1,-1,-1,-1
981,438,248.58628845214844,238.60800170898438,8.127029418945312,3.931854248046875,1,-1,-1,-1
1001,438,226.97402954101562,237.22174072265625,7.95989990234375,3.755828857421875,1,-1,-1,-1
1021,438,206.15579223632812,235.56796264648438,7.900360107421875,3.779327392578125,1,-1,-1,-1
1041,438,189.42039489746094,233.83157348632812,8.355941772460938,4.389617919921875,1,-1,-1,-1
1061,438,196.76577758789062,234.81536865234375,7.72442626953125,3.188232421875,1,-1,-1,-1
1081,438,205.94200134277344,233.8887176513672,7.9051971435546875,4.20892333984375,1,-1,-1,-1
1101,438,219.94583129882812,234.7345428466797,8.48797607421875,3.06005859375,1,-1,-1,-1
1121,438,224.91305541992188,229.3093719482422,7.916534423828125,3.627685546875,1,-1,-1,-1
1141,438,225.1539764404297,204.0128631591797,7.7777862548828125,3.346588134765625,1,-1,-1,-1
1161,438,225.864501953125,191.24842834472656,8.25439453125,3.817138671875,1,-1,-1,-1
1181,438,227.16802978515625,161.98033142089844,7.5960845947265625,3.202301025390625,1,-1,-1,-1
1201,438,225.05856323242188,154.998779296875,8.083099365234375,3.378387451171875,1,-1,-1,-1
1221,438,223.6062774658203,154.17327880859375,8.289871215820312,3.29071044921875,1,-1,-1,-1
1241,439,223.56533813476562,152.86111450195312,7.17181396484375,3.013092041015625,1,-1,-1,-1
1261,439,224.12782287597656,150.92367553710938,7.4002532958984375,3.26983642578125,1,-1,-1,-1
1281,439,223.94232177734375,149.7119903564453,7.9232025146484375,3.440704345703125,1,-1,-1,-1
1301,439,227.50181579589844,148.2584686279297,8.41571044921875,4.46099853515625,1,-1,-1,-1
1321,440,227.77757263183594,188.46658325195312,8.773849487304688,4.592376708984375,1,-1,-1,-1
1361,441,225.5914306640625,257.73895263671875,8.38165283203125,4.28173828125,1,-1,-1,-1
1381,441,228.30233764648438,276.58740234375,8.2271728515625,3.28680419921875,1,-1,-1,-1
1401,441,326.7643737792969,304.7642517089844,10.09002685546875,9.29864501953125,1,-1,-1,-1
1421,441,326.74481201171875,304.77435302734375,10.118011474609375,9.25946044921875,1,-1,-1,-1
1441,441,327.1850891113281,305.609619140625,9.739166259765625,8.906494140625,1,-1,-1,-1
1481,443,178.41673278808594,143.75364685058594,18.901626586914062,7.399749755859375,1,-1,-1,-1
1501,443,180.951904296875,193.37400817871094,16.629867553710938,7.6219482421875,1,-1,-1,-1
1521,443,181.24920654296875,259.93524169921875,15.91876220703125,5.86346435546875,1,-1,-1,-1
1541,443,184.0129852294922,253.30398559570312,15.091140747070312,7.381103515625,1,-1,-1,-1
1561,443,223.20066833496094,247.76803588867188,16.580612182617188,7.405181884765625,1,-1,-1,-1
1581,443,274.4637145996094,251.0037841796875,16.2998046875,5.64080810546875,1,-1,-1,-1
1601,443,281.5267333984375,250.76942443847656,17.654693603515625,4.8675537109375,1,-1,-1,-1
1621,443,280.7977600097656,258.10430908203125,15.97283935546875,5.0931396484375,1,-1,-1,-1
1641,443,278.6329345703125,278.8744201660156,19.527557373046875,6.95147705078125,1,-1,-1,-1
1661,443,286.56182861328125,256.1053161621094,16.403106689453125,6.0274658203125,1,-1,-1,-1
1681,443,292.7122802734375,187.7388153076172,18.46923828125,7.238555908203125,1,-1,-1,-1
1701,443,294.11981201171875,182.1936492919922,18.675018310546875,6.109832763671875,1,-1,-1,-1
1721,443,294.4735107421875,221.78480529785156,18.722625732421875,7.568756103515625,1,-1,-1,-1
1741,444,295.6946105957031,265.80712890625,18.2216796875,5.74493408203125,1,-1,-1,-1
1741,443,295.69464111328125,265.8070983886719,18.22161865234375,5.7449951171875,1,-1,-1,-1
1761,444,294.1307373046875,214.90353393554688,17.631072998046875,7.657012939453125,1,-1,-1,-1
1761,443,294.1307373046875,214.90353393554688,17.631072998046875,7.657012939453125,1,-1,-1,-1
1781,444,296.9293518066406,170.45050048828125,18.439971923828125,6.041534423828125,1,-1,-1,-1
1781,443,296.92938232421875,170.45050048828125,18.43994140625,6.041534423828125,1,-1,-1,-1
1801,444,296.5450439453125,148.98814392089844,18.384124755859375,5.880096435546875,1,-1,-1,-1
1801,443,296.5450439453125,148.98814392089844,18.384124755859375,5.880096435546875,1,-1,-1,-1
1821,444,296.51666259765625,125.51398468017578,18.295928955078125,6.907127380371094,1,-1,-1,-1
1821,443,296.51666259765625,125.51398468017578,18.295928955078125,6.907127380371094,1,-1,-1,-1
1841,445,254.97457885742188,284.021728515625,27.65966796875,9.3082275390625,1,-1,-1,-1
1841,444,297.0101318359375,98.9132308959961,18.02911376953125,6.3584442138671875,1,-1,-1,-1
1841,443,297.0101318359375,98.9132308959961,18.02911376953125,6.3584442138671875,1,-1,-1,-1
1861,445,283.9625244140625,260.9462585449219,35.39398193359375,19.4808349609375,1,-1,-1,-1
1861,444,297.39874267578125,163.2437286376953,17.0291748046875,8.156280517578125,1,-1,-1,-1
1861,443,297.39874267578125,163.24374389648438,17.0291748046875,8.15625,1,-1,-1,-1
1881,445,540.0555419921875,340.6255187988281,34.30352783203125,32.69549560546875,1,-1,-1,-1
1881,444,540.0550537109375,340.6278381347656,34.3037109375,32.69476318359375,1,-1,-1,-1
1881,443,540.0550537109375,340.6277770996094,34.3037109375,32.69476318359375,1,-1,-1,-1
1901,446,271.94451904296875,245.95535278320312,50.852752685546875,21.3109130859375,1,-1,-1,-1
1921,446,304.81072998046875,236.75881958007812,20.8143310546875,7.816558837890625,1,-1,-1,-1
1941,446,310.32080078125,231.3797149658203,22.314239501953125,6.646881103515625,1,-1,-1,-1
1961,446,321.0361328125,220.71334838867188,22.88934326171875,7.87103271484375,1,-1,-1,-1
1981,446,321.1446838378906,220.89271545410156,23.163604736328125,6.76409912109375,1,-1,-1,-1
2001,448,320.1363525390625,218.9043426513672,25.051483154296875,8.978057861328125,1,-1,-1,-1
2021,449,338.7816162109375,201.32733154296875,27.579742431640625,7.718475341796875,1,-1,-1,-1
2041,449,355.8413391113281,182.52532958984375,30.00250244140625,9.27288818359375,1,-1,-1,-1
2061,449,357.1041564941406,178.73011779785156,29.85784912109375,9.099609375,1,-1,-1,-1
2081,449,355.8995361328125,179.76699829101562,29.883270263671875,8.132171630859375,1,-1,-1,-1
2101,449,309.07525634765625,176.01876831054688,30.42584228515625,11.9766845703125,1,-1,-1,-1
2121,449,271.4464111328125,184.1082763671875,28.061920166015625,10.24322509765625,1,-1,-1,-1
2141,449,264.4017028808594,252.5463409423828,26.934906005859375,9.331436157226562,1,-1,-1,-1
