1,473,262.5986328125,189.97618103027344,23.79046630859375,7.905731201171875,1,-1,-1,-1
1,474,340.854248046875,224.57012939453125,38.313995361328125,10.356597900390625,1,-1,-1,-1
21,473,263.1376647949219,190.377685546875,23.304046630859375,7.7071533203125,1,-1,-1,-1
21,474,340.870849609375,224.6442108154297,37.71392822265625,9.763458251953125,1,-1,-1,-1
41,473,262.749755859375,190.44422912597656,24.5614013671875,7.8748779296875,1,-1,-1,-1
41,474,340.09820556640625,224.26202392578125,37.997650146484375,10.15081787109375,1,-1,-1,-1
61,473,263.5372619628906,190.621337890625,23.57757568359375,7.853363037109375,1,-1,-1,-1
61,474,338.6597900390625,222.5939483642578,37.365020751953125,13.597076416015625,1,-1,-1,-1
81,473,258.9767150878906,218.48635864257812,37.81988525390625,17.81988525390625,1,-1,-1,-1
81,474,258.97723388671875,218.48655700683594,37.81805419921875,17.819488525390625,1,-1,-1,-1
101,475,263.35247802734375,280.24169921875,20.55914306640625,6.5030517578125,1,-1,-1,-1
101,473,131.7692413330078,212.7523651123047,36.270599365234375,15.724365234375,1,-1,-1,-1
101,474,131.7692413330078,212.7523651123047,36.270599365234375,15.724365234375,1,-1,-1,-1
121,475,261.3941650390625,311.2475280761719,21.76849365234375,6.0518798828125,1,-1,-1,-1
121,473,141.4539031982422,210.1910858154297,37.52995300292969,18.851837158203125,1,-1,-1,-1
121,474,141.4539031982422,210.1910858154297,37.52998352050781,18.851837158203125,1,-1,-1,-1
141,475,262.1279296875,269.2793273925781,19.86083984375,8.54534912109375,1,-1,-1,-1
141,473,274.00213623046875,217.03558349609375,40.01605224609375,14.800048828125,1,-1,-1,-1
141,474,274.00213623046875,217.03558349609375,40.01605224609375,14.800048828125,1,-1,-1,-1
161,475,264.0472717285156,173.73252868652344,21.500152587890625,8.97802734375,1,-1,-1,-1
161,473,329.4998779296875,220.8279571533203,36.43365478515625,12.373291015625,1,-1,-1,-1
161,474,329.4998779296875,220.8279571533203,36.43365478515625,12.373291015625,1,-1,-1,-1
181,475,264.0648498535156,164.5274200439453,23.434173583984375,8.337432861328125,1,-1,-1,-1
181,473,274.77984619140625,217.9142303466797,39.63934326171875,11.40313720703125,1,-1,-1,-1
181,474,274.7798156738281,217.9142303466797,39.639404296875,11.40313720703125,1,-1,-1,-1
201,475,264.520751953125,163.9845428466797,23.8468017578125,8.795806884765625,1,-1,-1,-1
201,473,231.1746368408203,216.42788696289062,36.61750793457031,10.48388671875,1,-1,-1,-1
201,474,231.1746368408203,216.42788696289062,36.61750793457031,10.48388671875,1,-1,-1,-1
221,475,263.59393310546875,163.6381378173828,22.766876220703125,8.37335205078125,1,-1,-1,-1
221,473,205.87249755859375,214.00241088867188,37.8858642578125,12.30218505859375,1,-1,-1,-1
221,474,205.87249755859375,214.00241088867188,37.8858642578125,12.30218505859375,1,-1,-1,-1
241,475,262.28167724609375,170.94569396972656,22.6912841796875,8.627227783203125,1,-1,-1,-1
241,473,225.8427734375,211.61810302734375,37.2371826171875,17.4541015625,1,-1,-1,-1
241,474,225.8427734375,211.61810302734375,37.2371826171875,17.4541015625,1,-1,-1,-1
261,475,261.07403564453125,219.93678283691406,21.735931396484375,8.315155029296875,1,-1,-1,-1
261,473,334.1358947753906,218.72073364257812,37.81829833984375,14.3170166015625,1,-1,-1,-1
261,474,334.13592529296875,218.7207489013672,37.8182373046875,14.316986083984375,1,-1,-1,-1
281,475,261.671142578125,272.6829833984375,20.793914794921875,6.82318115234375,1,-1,-1,-1
281,473,332.0547790527344,219.37425231933594,38.414093017578125,14.466705322265625,1,-1,-1,-1
281,474,332.0547790527344,219.37425231933594,38.414093017578125,14.466705322265625,1,-1,-1,-1
301,475,259.7282409667969,316.7012023925781,22.432464599609375,7.096435546875,1,-1,-1,-1
301,473,276.9935302734375,274.29803466796875,37.440704345703125,10.62432861328125,1,-1,-1,-1
301,474,276.9935302734375,274.29803466796875,37.440704345703125,10.62432861328125,1,-1,-1,-1
321,475,260.13311767578125,327.1795349121094,22.076324462890625,7.2705078125,1,-1,-1,-1
321,473,267.9658203125,269.6207275390625,29.3599853515625,13.6993408203125,1,-1,-1,-1
321,474,267.9658203125,269.6207275390625,29.3599853515625,13.6993408203125,1,-1,-1,-1
341,475,247.98519897460938,250.46669006347656,29.3875732421875,11.418136596679688,1,-1,-1,-1
341,473,247.98486328125,250.46749877929688,29.3878173828125,11.41748046875,1,-1,-1,-1
341,474,247.98486328125,250.46749877929688,29.3878173828125,11.41748046875,1,-1,-1,-1
361,475,262.86181640625,289.8760070800781,29.72021484375,12.5001220703125,1,-1,-1,-1
361,473,262.86181640625,289.8760070800781,29.72021484375,12.5001220703125,1,-1,-1,-1
361,474,262.86181640625,289.8760070800781,29.72021484375,12.5001220703125,1,-1,-1,-1
381,475,315.1796875,233.65077209472656,27.52728271484375,17.36749267578125,1,-1,-1,-1
381,473,315.1796875,233.65077209472656,27.52728271484375,17.36749267578125,1,-1,-1,-1
381,474,315.1796875,233.65077209472656,27.52728271484375,17.36749267578125,1,-1,-1,-1
401,475,323.2498779296875,114.07523345947266,34.59197998046875,14.371681213378906,1,-1,-1,-1
401,473,323.2498779296875,114.07523345947266,34.59197998046875,14.371681213378906,1,-1,-1,-1
401,474,323.2498779296875,114.07523345947266,34.59197998046875,14.371681213378906,1,-1,-1,-1
421,475,327.1256103515625,169.77000427246094,38.321014404296875,17.15338134765625,1,-1,-1,-1
421,473,327.1256103515625,169.77000427246094,38.321014404296875,17.15338134765625,1,-1,-1,-1
421,474,327.1256103515625,169.77000427246094,38.321014404296875,17.15338134765625,1,-1,-1,-1
441,475,243.9097442626953,217.8473663330078,43.04090881347656,14.075958251953125,1,-1,-1,-1
441,473,243.9097442626953,217.8473663330078,43.04090881347656,14.075958251953125,1,-1,-1,-1
441,474,243.9097442626953,217.8473663330078,43.04090881347656,14.075958251953125,1,-1,-1,-1
461,476,216.44540405273438,78.16802215576172,33.497314453125,21.026718139648438,1,-1,-1,-1
481,476,263.7333984375,26.525775909423828,32.687744140625,13.59765625,1,-1,-1,-1
501,476,268.3412170410156,115.65460968017578,49.622528076171875,18.80638885498047,1,-1,-1,-1
521,476,266.4214782714844,187.80410766601562,22.869293212890625,10.33282470703125,1,-1,-1,-1
541,476,263.5424499511719,249.50286865234375,20.33905029296875,7.716339111328125,1,-1,-1,-1
561,476,260.8126525878906,258.9968566894531,20.328460693359375,7.5146484375,1,-1,-1,-1
581,476,262.986083984375,152.33517456054688,21.081939697265625,12.569488525390625,1,-1,-1,-1
601,477,164.876708984375,255.1982421875,51.28791809082031,18.61907958984375,1,-1,-1,-1
601,476,265.8106689453125,76.58216857910156,20.502777099609375,8.49285888671875,1,-1,-1,-1
621,477,169.27047729492188,120.47015380859375,47.226287841796875,28.621002197265625,1,-1,-1,-1
621,476,266.8987121582031,110.934814453125,20.847198486328125,10.187652587890625,1,-1,-1,-1
641,477,273.855712890625,50.42898941040039,45.891571044921875,18.333019256591797,1,-1,-1,-1
641,476,267.6772766113281,182.45425415039062,21.374176025390625,10.10552978515625,1,-1,-1,-1
661,477,294.45208740234375,165.30569458007812,46.455047607421875,19.1024169921875,1,-1,-1,-1
661,476,266.1063232421875,245.9456787109375,20.061767578125,7.76861572265625,1,-1,-1,-1
681,477,298.691650390625,250.68783569335938,48.759552001953125,21.87274169921875,1,-1,-1,-1
681,476,260.47967529296875,295.2401428222656,21.447265625,8.5240478515625,1,-1,-1,-1
701,477,426.900390625,260.5008239746094,55.55780029296875,15.73272705078125,1,-1,-1,-1
701,476,259.5296630859375,289.7715759277344,22.61102294921875,10.63299560546875,1,-1,-1,-1
721,477,506.52496337890625,263.2818298339844,47.84783935546875,16.81817626953125,1,-1,-1,-1
721,476,263.3392639160156,165.3092803955078,20.064361572265625,14.584442138671875,1,-1,-1,-1
741,477,426.5667724609375,261.9858703613281,55.6610107421875,16.974853515625,1,-1,-1,-1
741,476,268.23565673828125,12.374223709106445,18.379669189453125,11.4078369140625,1,-1,-1,-1
761,477,201.02694702148438,246.763916015625,49.968719482421875,23.25164794921875,1,-1,-1,-1
761,476,201.02694702148438,246.76393127441406,49.968719482421875,23.251632690429688,1,-1,-1,-1
781,477,139.55467224121094,101.19117736816406,43.89533996582031,21.06103515625,1,-1,-1,-1
801,477,168.55227661132812,38.8236083984375,42.4825439453125,17.785400390625,1,-1,-1,-1
821,477,161.03501892089844,153.68186950683594,50.98625183105469,17.065460205078125,1,-1,-1,-1
841,477,162.83935546875,232.50750732421875,50.799072265625,18.855499267578125,1,-1,-1,-1
861,477,229.0196075439453,251.1369171142578,54.32408142089844,28.448928833007812,1,-1,-1,-1
881,477,263.117431640625,246.50149536132812,19.6192626953125,8.554168701171875,1,-1,-1,-1
901,477,264.225341796875,109.34233856201172,20.7855224609375,12.707489013671875,1,-1,-1,-1
921,477,267.5103454589844,8.99383544921875,18.73956298828125,9.03843879699707,1,-1,-1,-1
941,477,269.857666015625,20.043123245239258,18.87335205078125,9.35137939453125,1,-1,-1,-1
961,477,268.3466491699219,88.90660095214844,20.170257568359375,9.420333862304688,1,-1,-1,-1
981,477,266.5700988769531,159.53001403808594,20.912933349609375,10.50201416015625,1,-1,-1,-1
1001,477,261.6563720703125,224.9512939453125,22.540435791015625,7.663818359375,1,-1,-1,-1
1021,477,259.05389404296875,233.56686401367188,22.601654052734375,7.066253662109375,1,-1,-1,-1
1041,477,260.6717224121094,234.1680145263672,22.236358642578125,6.999908447265625,1,-1,-1,-1
1061,477,262.8534851074219,184.45457458496094,20.65521240234375,10.721160888671875,1,-1,-1,-1
1081,477,265.2935485839844,100.83683776855469,21.02374267578125,8.29998779296875,1,-1,-1,-1
1101,477,267.4649353027344,113.37242126464844,20.317047119140625,9.45147705078125,1,-1,-1,-1
1121,477,265.537841796875,177.79904174804688,22.0391845703125,9.7559814453125,1,-1,-1,-1
1141,477,261.8952331542969,220.25967407226562,23.788604736328125,6.91363525390625,1,-1,-1,-1
1161,477,262.49041748046875,167.0347442626953,21.55377197265625,9.69091796875,1,-1,-1,-1
1181,477,261.47686767578125,152.76959228515625,22.85577392578125,9.119415283203125,1,-1,-1,-1
1201,477,260.14703369140625,203.63284301757812,22.143341064453125,7.947540283203125,1,-1,-1,-1
1221,477,262.58062744140625,255.13616943359375,20.860321044921875,7.08575439453125,1,-1,-1,-1
1241,477,260.1588134765625,303.1908874511719,22.367889404296875,7.98919677734375,1,-1,-1,-1
1261,477,257.8746032714844,337.3977355957031,22.14019775390625,6.87506103515625,1,-1,-1,-1
1281,477,257.9228210449219,349.2876281738281,22.860809326171875,7.20013427734375,1,-1,-1,-1
1301,477,242.72970581054688,254.27923583984375,53.924591064453125,19.470947265625,1,-1,-1,-1
1321,477,244.65399169921875,226.9845733642578,49.2633056640625,17.81646728515625,1,-1,-1,-1
1341,477,253.16307067871094,138.38815307617188,49.02864074707031,29.61614990234375,1,-1,-1,-1
1361,477,253.15579223632812,152.58328247070312,48.576873779296875,15.5145263671875,1,-1,-1,-1
1381,477,252.72817993164062,152.5279083251953,47.643280029296875,16.01361083984375,1,-1,-1,-1
1401,477,251.8058624267578,145.79287719726562,47.24116516113281,21.4969482421875,1,-1,-1,-1
1421,477,245.31600952148438,158.17294311523438,54.245758056640625,21.234771728515625,1,-1,-1,-1
1441,477,265.0321960449219,131.30653381347656,49.32476806640625,21.214569091796875,1,-1,-1,-1
1461,477,271.4385986328125,132.9497528076172,49.56414794921875,18.15655517578125,1,-1,-1,-1
1481,477,263.8872375488281,172.7154541015625,65.11630249023438,26.75628662109375,1,-1,-1,-1
1501,477,260.0008850097656,167.68507385253906,23.586273193359375,7.025177001953125,1,-1,-1,-1
1521,477,260.1669616699219,160.7814178466797,23.31085205078125,8.87158203125,1,-1,-1,-1
1541,477,259.86810302734375,185.47988891601562,23.880279541015625,10.38507080078125,1,-1,-1,-1
1561,477,258.34326171875,242.04803466796875,23.78106689453125,7.95928955078125,1,-1,-1,-1
1581,477,258.4506530761719,292.0130615234375,23.012786865234375,9.65521240234375,1,-1,-1,-1
1601,477,255.17520141601562,332.43310546875,22.353057861328125,7.1834716796875,1,-1,-1,-1
1621,477,253.3939208984375,356.1800231933594,25.386199951171875,8.038330078125,1,-1,-1,-1
1641,477,254.39576721191406,346.2439880371094,24.068618774414062,8.54351806640625,1,-1,-1,-1
1661,477,266.0450134277344,243.40087890625,48.472259521484375,21.5113525390625,1,-1,-1,-1
1681,477,280.0079650878906,265.628662109375,53.06805419921875,16.67376708984375,1,-1,-1,-1
1701,477,282.5837097167969,157.28330993652344,57.19012451171875,19.417694091796875,1,-1,-1,-1
1721,477,280.9247741699219,141.685791015625,54.882720947265625,17.795074462890625,1,-1,-1,-1
1761,478,281.1413269042969,90.07425689697266,49.312744140625,24.18792724609375,1,-1,-1,-1
1781,478,288.5372619628906,-1.795109748840332,47.38067626953125,17.01921272277832,1,-1,-1,-1
1801,478,284.2042236328125,108.34783935546875,53.121826171875,21.891189575195312,1,-1,-1,-1
1821,478,278.6691589355469,125.74734497070312,52.197601318359375,19.904937744140625,1,-1,-1,-1
1841,478,276.8029479980469,123.49981689453125,51.955657958984375,19.826690673828125,1,-1,-1,-1
1861,478,284.1056823730469,126.0281982421875,54.11114501953125,17.5115966796875,1,-1,-1,-1
1881,478,287.6434020996094,165.85147094726562,56.388153076171875,20.707550048828125,1,-1,-1,-1
1901,478,285.578369140625,231.71334838867188,60.089996337890625,16.1964111328125,1,-1,-1,-1
1921,478,252.86773681640625,230.51882934570312,23.271331787109375,8.621551513671875,1,-1,-1,-1
1941,478,252.3428497314453,277.45465087890625,21.900039672851562,6.09649658203125,1,-1,-1,-1
1961,478,251.86984252929688,299.2853698730469,22.362823486328125,7.83404541015625,1,-1,-1,-1
1981,478,251.80433654785156,294.2069396972656,23.921768188476562,9.6207275390625,1,-1,-1,-1
2001,478,256.4026184082031,202.43577575683594,24.0472412109375,9.01318359375,1,-1,-1,-1
2021,478,260.3481750488281,214.41114807128906,23.6514892578125,8.629302978515625,1,-1,-1,-1
2041,478,258.6230163574219,221.2001495361328,25.143157958984375,7.511260986328125,1,-1,-1,-1
2061,478,261.1773986816406,170.4623565673828,23.033538818359375,11.384796142578125,1,-1,-1,-1
2081,478,266.3729248046875,106.82279205322266,22.188507080078125,9.26214599609375,1,-1,-1,-1
2101,478,275.3681640625,120.47250366210938,45.20947265625,14.800247192382812,1,-1,-1,-1
2121,478,273.8136291503906,144.44309997558594,45.223480224609375,16.803955078125,1,-1,-1,-1
2141,478,274.2452392578125,167.8694305419922,48.20977783203125,13.35479736328125,1,-1,-1,-1
