1,525,66.9467544555664,176.639892578125,25.367843627929688,9.933929443359375,1,-1,-1,-1
21,525,64.79446411132812,176.9153594970703,25.169837951660156,9.92901611328125,1,-1,-1,-1
41,525,63.67893600463867,177.49349975585938,25.218883514404297,9.893096923828125,1,-1,-1,-1
61,525,64.13873291015625,175.78648376464844,25.401588439941406,9.31103515625,1,-1,-1,-1
81,525,64.28416442871094,190.90003967285156,24.734176635742188,10.13922119140625,1,-1,-1,-1
101,526,355.9721374511719,345.1508483886719,9.961395263671875,3.7589111328125,1,-1,-1,-1
101,525,58.47041320800781,253.5812530517578,24.221084594726562,8.423385620117188,1,-1,-1,-1
121,526,335.21966552734375,346.0234375,10.3275146484375,3.330322265625,1,-1,-1,-1
121,525,51.57463073730469,301.6809997558594,24.668312072753906,9.58160400390625,1,-1,-1,-1
141,526,315.5733642578125,343.9208068847656,13.050750732421875,4.49658203125,1,-1,-1,-1
141,525,51.649192810058594,317.25457763671875,25.788253784179688,10.340576171875,1,-1,-1,-1
161,526,280.16876220703125,331.1658630371094,9.897003173828125,3.67266845703125,1,-1,-1,-1
161,525,81.17276000976562,292.14202880859375,25.2762451171875,10.527587890625,1,-1,-1,-1
181,526,104.70121765136719,175.73561096191406,22.670059204101562,14.062957763671875,1,-1,-1,-1
181,525,104.70124053955078,175.73570251464844,22.66985321044922,14.063262939453125,1,-1,-1,-1
201,527,272.4876403808594,293.62078857421875,11.939788818359375,4.06378173828125,1,-1,-1,-1
201,526,134.57688903808594,180.26510620117188,24.297164916992188,10.662139892578125,1,-1,-1,-1
201,525,134.57688903808594,180.26510620117188,24.297164916992188,10.662139892578125,1,-1,-1,-1
221,527,243.00732421875,292.5460205078125,10.43182373046875,3.4434814453125,1,-1,-1,-1
221,526,152.44932556152344,246.84130859375,24.742813110351562,8.98004150390625,1,-1,-1,-1
221,525,152.44932556152344,246.84130859375,24.742813110351562,8.98004150390625,1,-1,-1,-1
241,527,149.46885681152344,300.4621276855469,24.433151245117188,8.589111328125,1,-1,-1,-1
241,526,149.37493896484375,300.4675598144531,24.59197998046875,8.52398681640625,1,-1,-1,-1
241,525,149.37493896484375,300.4675598144531,24.59197998046875,8.52398681640625,1,-1,-1,-1
261,527,145.555908203125,326.7235107421875,27.157546997070312,9.305419921875,1,-1,-1,-1
261,526,145.555908203125,326.7235107421875,27.157546997070312,9.305419921875,1,-1,-1,-1
261,525,145.555908203125,326.7235107421875,27.157546997070312,9.305419921875,1,-1,-1,-1
281,527,167.4612579345703,326.0126037597656,25.616073608398438,7.7244873046875,1,-1,-1,-1
281,526,167.4612579345703,326.0126037597656,25.616073608398438,7.7244873046875,1,-1,-1,-1
281,525,167.4612579345703,326.0126037597656,25.616073608398438,7.7244873046875,1,-1,-1,-1
301,528,145.62806701660156,351.5309753417969,7.1852874755859375,4.01654052734375,1,-1,-1,-1
301,527,191.09762573242188,249.09814453125,23.039657592773438,11.414642333984375,1,-1,-1,-1
301,526,191.09762573242188,249.09814453125,23.039657592773438,11.414642333984375,1,-1,-1,-1
301,525,191.09762573242188,249.09820556640625,23.039657592773438,11.414642333984375,1,-1,-1,-1
321,528,184.47694396972656,356.14215087890625,9.357681274414062,3.35882568359375,1,-1,-1,-1
321,527,205.5113525390625,224.7100372314453,24.241729736328125,12.266845703125,1,-1,-1,-1
321,526,205.5113525390625,224.7100372314453,24.241729736328125,12.266845703125,1,-1,-1,-1
321,525,205.5113525390625,224.7100372314453,24.241729736328125,12.266845703125,1,-1,-1,-1
341,528,253.25131225585938,359.6924743652344,9.053436279296875,3.1192626953125,1,-1,-1,-1
341,527,239.37339782714844,266.41015625,23.021255493164062,9.0574951171875,1,-1,-1,-1
341,526,239.37339782714844,266.41015625,23.021255493164062,9.0574951171875,1,-1,-1,-1
341,525,239.37339782714844,266.41015625,23.021255493164062,9.0574951171875,1,-1,-1,-1
361,528,291.256591796875,361.0318603515625,10.811004638671875,3.7891845703125,1,-1,-1,-1
361,527,241.40426635742188,316.7723388671875,23.364044189453125,7.0784912109375,1,-1,-1,-1
361,526,241.40426635742188,316.7723388671875,23.364044189453125,7.0784912109375,1,-1,-1,-1
361,525,241.40426635742188,316.7723388671875,23.364044189453125,7.0784912109375,1,-1,-1,-1
381,528,296.443115234375,361.68841552734375,11.17474365234375,3.37994384765625,1,-1,-1,-1
381,527,246.05697631835938,330.2376708984375,25.74981689453125,7.82989501953125,1,-1,-1,-1
381,526,246.05697631835938,330.2376708984375,25.74981689453125,7.82989501953125,1,-1,-1,-1
381,525,246.05697631835938,330.2376708984375,25.74981689453125,7.82989501953125,1,-1,-1,-1
401,528,296.1343078613281,362.33587646484375,10.675933837890625,3.4892578125,1,-1,-1,-1
401,527,279.8109436035156,306.7249755859375,24.63623046875,7.05645751953125,1,-1,-1,-1
401,526,279.8109436035156,306.7249755859375,24.63623046875,7.05645751953125,1,-1,-1,-1
401,525,279.8109436035156,306.7249755859375,24.63623046875,7.05645751953125,1,-1,-1,-1
421,528,280.6441345214844,361.9866638183594,11.743133544921875,3.3428955078125,1,-1,-1,-1
421,527,294.5887756347656,267.1629638671875,23.93341064453125,7.99896240234375,1,-1,-1,-1
421,526,294.5887756347656,267.1629638671875,23.93341064453125,7.99896240234375,1,-1,-1,-1
421,525,294.5887756347656,267.1629638671875,23.93341064453125,7.99896240234375,1,-1,-1,-1
441,528,280.21209716796875,347.152099609375,8.814666748046875,3.46551513671875,1,-1,-1,-1
441,527,305.71514892578125,264.9810485839844,24.878173828125,7.509765625,1,-1,-1,-1
441,526,305.71514892578125,264.9810485839844,24.878173828125,7.509765625,1,-1,-1,-1
441,525,305.71514892578125,264.9810485839844,24.878173828125,7.509765625,1,-1,-1,-1
461,528,280.9735412597656,327.79278564453125,9.29681396484375,3.59039306640625,1,-1,-1,-1
461,527,318.5956726074219,313.2847900390625,26.25970458984375,8.63641357421875,1,-1,-1,-1
461,526,318.5956726074219,313.2847900390625,26.25970458984375,8.63641357421875,1,-1,-1,-1
461,525,318.5956726074219,313.2847900390625,26.25970458984375,8.63641357421875,1,-1,-1,-1
481,528,264.8019714355469,325.6849060058594,9.0791015625,2.84423828125,1,-1,-1,-1
481,527,264.8019714355469,325.6849060058594,9.0791015625,2.84423828125,1,-1,-1,-1
481,526,264.8019714355469,325.6849060058594,9.0791015625,2.84423828125,1,-1,-1,-1
481,525,264.8019714355469,325.6849060058594,9.0791015625,2.84423828125,1,-1,-1,-1
501,528,323.62847900390625,357.85479736328125,20.515045166015625,5.86627197265625,1,-1,-1,-1
501,527,323.62847900390625,357.85479736328125,20.515045166015625,5.86627197265625,1,-1,-1,-1
501,526,323.62847900390625,357.85479736328125,20.515045166015625,5.86627197265625,1,-1,-1,-1
501,525,323.62847900390625,357.85479736328125,20.515045166015625,5.86627197265625,1,-1,-1,-1
521,528,201.98837280273438,310.9656066894531,15.769577026367188,4.54937744140625,1,-1,-1,-1
521,527,201.98854064941406,310.96514892578125,15.769805908203125,4.54931640625,1,-1,-1,-1
521,526,201.9886016845703,310.96502685546875,15.769851684570312,4.54931640625,1,-1,-1,-1
521,525,201.98855590820312,310.96514892578125,15.769805908203125,4.54931640625,1,-1,-1,-1
541,528,210.9052734375,314.8792419433594,10.49322509765625,3.1885986328125,1,-1,-1,-1
541,527,210.9052734375,314.8792419433594,10.49322509765625,3.1885986328125,1,-1,-1,-1
541,526,210.9052734375,314.8792419433594,10.49322509765625,3.1885986328125,1,-1,-1,-1
541,525,210.9052734375,314.8792419433594,10.49322509765625,3.1885986328125,1,-1,-1,-1
561,528,211.66983032226562,315.7770080566406,10.925857543945312,3.22119140625,1,-1,-1,-1
561,527,211.6698455810547,315.7770080566406,10.925827026367188,3.22119140625,1,-1,-1,-1
561,526,211.66983032226562,315.7770080566406,10.925857543945312,3.22119140625,1,-1,-1,-1
561,525,211.6698455810547,315.7770080566406,10.925827026367188,3.22119140625,1,-1,-1,-1
581,528,211.30862426757812,316.53656005859375,10.024261474609375,2.82781982421875,1,-1,-1,-1
581,527,211.30862426757812,316.53656005859375,10.024261474609375,2.82781982421875,1,-1,-1,-1
581,526,211.30862426757812,316.53656005859375,10.024261474609375,2.82781982421875,1,-1,-1,-1
581,525,211.30862426757812,316.53656005859375,10.024261474609375,2.82781982421875,1,-1,-1,-1
601,528,211.25650024414062,316.8448181152344,9.522857666015625,2.84051513671875,1,-1,-1,-1
601,527,211.25650024414062,316.8448181152344,9.522857666015625,2.84051513671875,1,-1,-1,-1
601,526,211.25650024414062,316.8448181152344,9.522857666015625,2.84051513671875,1,-1,-1,-1
601,525,211.25650024414062,316.8448181152344,9.522857666015625,2.84051513671875,1,-1,-1,-1
621,528,210.17330932617188,308.0583190917969,10.7645263671875,3.851318359375,1,-1,-1,-1
621,527,210.17330932617188,308.0583190917969,10.7645263671875,3.851318359375,1,-1,-1,-1
621,526,210.17330932617188,308.0583190917969,10.7645263671875,3.851318359375,1,-1,-1,-1
621,525,210.17330932617188,308.0583190917969,10.7645263671875,3.851318359375,1,-1,-1,-1
641,528,209.8662109375,291.1587219238281,10.034072875976562,3.752197265625,1,-1,-1,-1
641,527,209.8662109375,291.1587219238281,10.034072875976562,3.752197265625,1,-1,-1,-1
641,526,209.8662109375,291.1587219238281,10.034072875976562,3.752197265625,1,-1,-1,-1
641,525,209.8662109375,291.1587219238281,10.034072875976562,3.752197265625,1,-1,-1,-1
661,528,212.56866455078125,243.2645721435547,10.267364501953125,3.807373046875,1,-1,-1,-1
661,527,212.56866455078125,243.2645721435547,10.267364501953125,3.807373046875,1,-1,-1,-1
661,526,212.56866455078125,243.2645721435547,10.267364501953125,3.807373046875,1,-1,-1,-1
661,525,212.56866455078125,243.2645721435547,10.267364501953125,3.807373046875,1,-1,-1,-1
681,528,205.4167022705078,234.17935180664062,9.649505615234375,3.666351318359375,1,-1,-1,-1
681,527,205.4167022705078,234.17935180664062,9.649505615234375,3.666351318359375,1,-1,-1,-1
681,526,205.4167022705078,234.17935180664062,9.649505615234375,3.666351318359375,1,-1,-1,-1
681,525,205.4167022705078,234.17935180664062,9.649505615234375,3.666351318359375,1,-1,-1,-1
701,528,171.33352661132812,241.45834350585938,10.36944580078125,5.672119140625,1,-1,-1,-1
701,527,171.33352661132812,241.45834350585938,10.36944580078125,5.672119140625,1,-1,-1,-1
701,526,171.33352661132812,241.45834350585938,10.36944580078125,5.672119140625,1,-1,-1,-1
701,525,171.33352661132812,241.45834350585938,10.36944580078125,5.672119140625,1,-1,-1,-1
721,528,427.0872497558594,248.7021484375,29.721771240234375,8.3348388671875,1,-1,-1,-1
721,527,427.0872497558594,248.7021484375,29.721771240234375,8.3348388671875,1,-1,-1,-1
721,526,427.0872497558594,248.7021484375,29.721771240234375,8.3348388671875,1,-1,-1,-1
721,525,427.08721923828125,248.7021484375,29.721832275390625,8.3348388671875,1,-1,-1,-1
741,529,157.51904296875,325.8074951171875,10.656387329101562,3.0894775390625,1,-1,-1,-1
741,528,389.25396728515625,261.0101013183594,25.76385498046875,9.98529052734375,1,-1,-1,-1
741,527,389.25396728515625,261.0101013183594,25.76385498046875,9.98529052734375,1,-1,-1,-1
741,526,389.25396728515625,261.0101013183594,25.76385498046875,9.98529052734375,1,-1,-1,-1
741,525,389.25396728515625,261.0101013183594,25.76385498046875,9.98529052734375,1,-1,-1,-1
761,529,163.91091918945312,335.0947570800781,12.829055786132812,4.124267578125,1,-1,-1,-1
761,528,380.90380859375,313.74896240234375,25.2069091796875,7.22271728515625,1,-1,-1,-1
761,527,380.90380859375,313.74896240234375,25.2069091796875,7.22271728515625,1,-1,-1,-1
761,526,380.90380859375,313.74896240234375,25.2069091796875,7.22271728515625,1,-1,-1,-1
761,525,380.90380859375,313.74896240234375,25.2069091796875,7.22271728515625,1,-1,-1,-1
781,529,191.94598388671875,337.106201171875,9.076324462890625,3.13067626953125,1,-1,-1,-1
781,528,379.51629638671875,317.34429931640625,25.40277099609375,7.57806396484375,1,-1,-1,-1
781,527,379.51629638671875,317.34429931640625,25.40277099609375,7.57806396484375,1,-1,-1,-1
781,526,379.51629638671875,317.34429931640625,25.40277099609375,7.57806396484375,1,-1,-1,-1
781,525,379.51629638671875,317.34429931640625,25.40277099609375,7.57806396484375,1,-1,-1,-1
801,529,200.171630859375,337.7226867675781,10.704147338867188,3.05731201171875,1,-1,-1,-1
801,528,349.0527038574219,300.4248962402344,25.3997802734375,7.21197509765625,1,-1,-1,-1
801,527,349.0527038574219,300.4248962402344,25.3997802734375,7.21197509765625,1,-1,-1,-1
801,526,349.0526123046875,300.4248962402344,25.399871826171875,7.21197509765625,1,-1,-1,-1
801,525,349.0527038574219,300.4248962402344,25.3997802734375,7.21197509765625,1,-1,-1,-1
821,529,201.4071502685547,337.9051513671875,10.345718383789062,3.02899169921875,1,-1,-1,-1
821,528,306.7769775390625,262.9647216796875,26.03240966796875,8.33966064453125,1,-1,-1,-1
821,527,306.7769775390625,262.9646911621094,26.03240966796875,8.33966064453125,1,-1,-1,-1
821,526,306.7769775390625,262.9647216796875,26.03240966796875,8.33966064453125,1,-1,-1,-1
821,525,306.7769775390625,262.9647216796875,26.03240966796875,8.33966064453125,1,-1,-1,-1
841,529,202.46742248535156,337.7376403808594,10.941390991210938,3.43878173828125,1,-1,-1,-1
841,528,238.53187561035156,282.78814697265625,22.106521606445312,11.00152587890625,1,-1,-1,-1
841,527,238.53187561035156,282.78814697265625,22.106521606445312,11.00152587890625,1,-1,-1,-1
841,526,238.53187561035156,282.78814697265625,22.106521606445312,11.00152587890625,1,-1,-1,-1
841,525,238.53187561035156,282.78814697265625,22.106521606445312,11.00152587890625,1,-1,-1,-1
861,529,219.6671905517578,337.4657897949219,11.01715087890625,4.45098876953125,1,-1,-1,-1
861,528,223.47998046875,321.6927185058594,24.696273803710938,7.60357666015625,1,-1,-1,-1
861,527,223.47998046875,321.6927185058594,24.696273803710938,7.60357666015625,1,-1,-1,-1
861,526,223.47998046875,321.6927185058594,24.696273803710938,7.60357666015625,1,-1,-1,-1
861,525,223.47998046875,321.6927185058594,24.696273803710938,7.60357666015625,1,-1,-1,-1
881,529,196.80776977539062,306.4681396484375,26.43939208984375,9.2099609375,1,-1,-1,-1
881,528,196.80776977539062,306.4681396484375,26.43939208984375,9.2099609375,1,-1,-1,-1
881,527,196.80776977539062,306.4681396484375,26.43939208984375,9.2099609375,1,-1,-1,-1
881,526,196.80776977539062,306.4681396484375,26.43939208984375,9.2099609375,1,-1,-1,-1
881,525,196.80776977539062,306.4681396484375,26.43939208984375,9.2099609375,1,-1,-1,-1
901,530,348.89776611328125,335.4786071777344,9.69720458984375,3.32794189453125,1,-1,-1,-1
901,529,180.90142822265625,243.576416015625,26.5272216796875,9.09686279296875,1,-1,-1,-1
901,528,180.90142822265625,243.576416015625,26.5272216796875,9.09686279296875,1,-1,-1,-1
901,527,180.90142822265625,243.576416015625,26.5272216796875,9.09686279296875,1,-1,-1,-1
901,526,180.90142822265625,243.576416015625,26.5272216796875,9.09686279296875,1,-1,-1,-1
901,525,180.90142822265625,243.576416015625,26.5272216796875,9.09686279296875,1,-1,-1,-1
921,531,137.0856475830078,243.8919219970703,27.686172485351562,8.632720947265625,1,-1,-1,-1
941,532,377.79949951171875,263.8629455566406,11.08221435546875,3.66595458984375,1,-1,-1,-1
941,531,90.03050994873047,292.1886901855469,28.158798217773438,11.03436279296875,1,-1,-1,-1
961,532,354.44122314453125,263.12103271484375,10.2535400390625,3.52972412109375,1,-1,-1,-1
961,531,74.20763397216797,298.75921630859375,27.058921813964844,8.43365478515625,1,-1,-1,-1
981,532,321.4933776855469,278.8618469238281,10.905242919921875,3.58770751953125,1,-1,-1,-1
981,531,46.067039489746094,210.32815551757812,27.01494598388672,12.03656005859375,1,-1,-1,-1
1001,532,322.45611572265625,285.5674743652344,9.4564208984375,2.7393798828125,1,-1,-1,-1
1001,531,16.999876022338867,180.19290161132812,29.220308303833008,13.55572509765625,1,-1,-1,-1
1021,532,324.1354064941406,284.65435791015625,10.819549560546875,3.11474609375,1,-1,-1,-1
1021,531,2.0846056938171387,209.74923706054688,29.985588550567627,10.797882080078125,1,-1,-1,-1
1041,532,325.309814453125,284.2444152832031,10.43841552734375,3.21636962890625,1,-1,-1,-1
1041,531,5.78211784362793,209.81985473632812,29.549280166625977,10.22998046875,1,-1,-1,-1
1061,532,326.5615539550781,311.4156494140625,10.89910888671875,3.40325927734375,1,-1,-1,-1
1061,531,6.997888088226318,209.71641540527344,28.570913791656494,10.131927490234375,1,-1,-1,-1
1081,532,323.99261474609375,338.64349365234375,11.16094970703125,3.95068359375,1,-1,-1,-1
1081,531,6.838387489318848,209.54148864746094,28.864436149597168,10.286834716796875,1,-1,-1,-1
1101,532,324.3265075683594,348.7223815917969,9.14849853515625,3.87322998046875,1,-1,-1,-1
1101,531,5.497981071472168,228.34300231933594,27.73180103302002,10.7120361328125,1,-1,-1,-1
1121,532,324.541748046875,364.8224182128906,9.181976318359375,3.60626220703125,1,-1,-1,-1
1121,531,324.541748046875,364.8224182128906,9.181976318359375,3.60626220703125,1,-1,-1,-1
1141,532,322.9036865234375,367.0448303222656,8.8052978515625,2.81719970703125,1,-1,-1,-1
1141,531,322.9036865234375,367.0448303222656,8.8052978515625,2.81719970703125,1,-1,-1,-1
1161,532,295.40032958984375,365.0886535644531,9.89825439453125,3.26629638671875,1,-1,-1,-1
1161,531,295.40032958984375,365.0886535644531,9.89825439453125,3.26629638671875,1,-1,-1,-1
1181,532,240.5445556640625,362.4359436035156,10.154266357421875,3.8131103515625,1,-1,-1,-1
1181,531,240.5445556640625,362.4359436035156,10.154266357421875,3.8131103515625,1,-1,-1,-1
1201,532,208.07620239257812,354.61602783203125,9.892059326171875,3.62890625,1,-1,-1,-1
1201,531,208.07620239257812,354.61602783203125,9.892059326171875,3.62890625,1,-1,-1,-1
1221,532,210.387451171875,354.1775817871094,11.219146728515625,3.95404052734375,1,-1,-1,-1
1221,531,210.387451171875,354.1775817871094,11.219146728515625,3.95404052734375,1,-1,-1,-1
1241,532,248.6649932861328,356.6302795410156,9.115982055664062,4.0233154296875,1,-1,-1,-1
1241,531,248.6649932861328,356.6302795410156,9.115982055664062,4.0233154296875,1,-1,-1,-1
1261,532,276.4131164550781,359.0578918457031,9.700836181640625,3.5234375,1,-1,-1,-1
1261,531,276.4130859375,359.0578918457031,9.70086669921875,3.5234375,1,-1,-1,-1
1281,532,41.58875274658203,290.11834716796875,26.64507293701172,10.4619140625,1,-1,-1,-1
1281,531,41.58875274658203,290.11834716796875,26.64507293701172,10.4619140625,1,-1,-1,-1
1301,534,283.5545654296875,294.7359619140625,10.95098876953125,3.03729248046875,1,-1,-1,-1
1301,533,44.38514709472656,310.9591064453125,27.30042266845703,10.9290771484375,1,-1,-1,-1
1301,532,44.385169982910156,310.9591064453125,27.30042266845703,10.9290771484375,1,-1,-1,-1
1301,531,44.38514709472656,310.9591064453125,27.30042266845703,10.9290771484375,1,-1,-1,-1
1321,534,278.57061767578125,291.2092590332031,9.5399169921875,2.89520263671875,1,-1,-1,-1
1321,533,71.06362915039062,231.2191925048828,25.48016357421875,10.568145751953125,1,-1,-1,-1
1321,532,71.06362915039062,231.2191925048828,25.48016357421875,10.568145751953125,1,-1,-1,-1
1321,531,71.06362915039062,231.2191925048828,25.48017120361328,10.568145751953125,1,-1,-1,-1
1341,534,247.29551696777344,290.3833923339844,9.577590942382812,3.12371826171875,1,-1,-1,-1
1341,533,87.19999694824219,193.5480499267578,26.905288696289062,11.64910888671875,1,-1,-1,-1
1341,532,87.19999694824219,193.54803466796875,26.905288696289062,11.649139404296875,1,-1,-1,-1
1341,531,87.19999694824219,193.5480499267578,26.905288696289062,11.64910888671875,1,-1,-1,-1
1361,534,110.83800506591797,243.2628631591797,24.82672882080078,8.5594482421875,1,-1,-1,-1
1361,533,110.83069610595703,243.2487030029297,24.85218048095703,8.569549560546875,1,-1,-1,-1
1361,532,110.83069610595703,243.2487030029297,24.85218048095703,8.569549560546875,1,-1,-1,-1
1361,531,110.83069610595703,243.2487030029297,24.85218048095703,8.569549560546875,1,-1,-1,-1
1381,535,187.24501037597656,332.50384521484375,9.237014770507812,3.13665771484375,1,-1,-1,-1
1381,534,187.24510192871094,332.50390625,9.236907958984375,3.13653564453125,1,-1,-1,-1
1381,533,187.24508666992188,332.50384521484375,9.2369384765625,3.1365966796875,1,-1,-1,-1
1381,532,187.24508666992188,332.50384521484375,9.2369384765625,3.1365966796875,1,-1,-1,-1
1381,531,187.24508666992188,332.50384521484375,9.2369384765625,3.1365966796875,1,-1,-1,-1
1401,535,190.53285217285156,352.1949462890625,8.417251586914062,3.37139892578125,1,-1,-1,-1
1401,534,190.53285217285156,352.1949462890625,8.417251586914062,3.37139892578125,1,-1,-1,-1
1401,533,190.53285217285156,352.1949462890625,8.417251586914062,3.37139892578125,1,-1,-1,-1
1401,532,190.53285217285156,352.1949462890625,8.417251586914062,3.37139892578125,1,-1,-1,-1
1401,531,190.53285217285156,352.1949462890625,8.417251586914062,3.37139892578125,1,-1,-1,-1
1421,535,183.75550842285156,358.0358581542969,10.774459838867188,3.60223388671875,1,-1,-1,-1
1421,534,183.75550842285156,358.0358581542969,10.774459838867188,3.60223388671875,1,-1,-1,-1
1421,533,183.75550842285156,358.0358581542969,10.774459838867188,3.60223388671875,1,-1,-1,-1
1421,532,183.75550842285156,358.0358581542969,10.774459838867188,3.60223388671875,1,-1,-1,-1
1421,531,183.75550842285156,358.0358581542969,10.774459838867188,3.60223388671875,1,-1,-1,-1
1441,535,154.0174560546875,354.31463623046875,11.588699340820312,4.72900390625,1,-1,-1,-1
1441,534,154.0174560546875,354.31463623046875,11.588699340820312,4.72900390625,1,-1,-1,-1
1441,533,154.0174560546875,354.31463623046875,11.588699340820312,4.72900390625,1,-1,-1,-1
1441,532,154.0174560546875,354.31463623046875,11.588699340820312,4.72900390625,1,-1,-1,-1
1441,531,154.0174560546875,354.31463623046875,11.588699340820312,4.72900390625,1,-1,-1,-1
1461,535,144.04116821289062,354.51971435546875,9.10919189453125,3.73663330078125,1,-1,-1,-1
1461,534,144.04116821289062,354.51971435546875,9.10919189453125,3.73663330078125,1,-1,-1,-1
1461,533,144.04116821289062,354.51971435546875,9.10919189453125,3.73663330078125,1,-1,-1,-1
1461,532,144.04116821289062,354.51971435546875,9.10919189453125,3.73663330078125,1,-1,-1,-1
1461,531,144.04116821289062,354.51971435546875,9.10919189453125,3.73663330078125,1,-1,-1,-1
1481,535,171.38568115234375,214.95423889160156,25.8931884765625,11.97003173828125,1,-1,-1,-1
1481,534,171.38568115234375,214.95423889160156,25.8931884765625,11.97003173828125,1,-1,-1,-1
1481,533,171.38568115234375,214.95423889160156,25.8931884765625,11.97003173828125,1,-1,-1,-1
1481,532,171.38568115234375,214.95423889160156,25.8931884765625,11.97003173828125,1,-1,-1,-1
1481,531,171.38568115234375,214.95423889160156,25.8931884765625,11.97003173828125,1,-1,-1,-1
1501,536,166.65443420410156,280.9588317871094,24.738265991210938,7.680908203125,1,-1,-1,-1
1521,536,162.25645446777344,311.85723876953125,28.060150146484375,8.38702392578125,1,-1,-1,-1
1541,536,161.1799774169922,311.66644287109375,26.186981201171875,7.7276611328125,1,-1,-1,-1
1561,536,169.70867919921875,311.50469970703125,26.55340576171875,11.1458740234375,1,-1,-1,-1
1581,536,204.8074493408203,235.85130310058594,24.196670532226562,11.937591552734375,1,-1,-1,-1
1601,536,223.62229919433594,162.79824829101562,23.694122314453125,13.973785400390625,1,-1,-1,-1
1621,536,254.97647094726562,198.08078002929688,24.134857177734375,9.3382568359375,1,-1,-1,-1
1641,536,259.16290283203125,263.1833801269531,24.119598388671875,8.4564208984375,1,-1,-1,-1
1661,536,255.91392517089844,312.0169677734375,22.602310180664062,6.29681396484375,1,-1,-1,-1
1681,536,270.5322570800781,314.3056640625,24.921051025390625,7.0618896484375,1,-1,-1,-1
1701,536,298.3521728515625,264.3547668457031,23.98150634765625,8.6339111328125,1,-1,-1,-1
1721,536,330.01690673828125,281.4345703125,24.496368408203125,6.98968505859375,1,-1,-1,-1
1741,536,340.5218811035156,327.73406982421875,24.1488037109375,7.33258056640625,1,-1,-1,-1
1761,536,336.6915588378906,343.51904296875,25.08087158203125,6.82635498046875,1,-1,-1,-1
1781,536,336.8907470703125,341.1639404296875,22.075042724609375,6.9649658203125,1,-1,-1,-1
1801,536,334.34979248046875,241.5085906982422,24.20355224609375,11.15185546875,1,-1,-1,-1
1821,536,340.8006591796875,128.26724243164062,22.721405029296875,14.212890625,1,-1,-1,-1
1841,537,338.7457580566406,305.4753112792969,12.256561279296875,3.09619140625,1,-1,-1,-1
1841,536,360.1925964355469,149.8711395263672,24.633941650390625,12.01458740234375,1,-1,-1,-1
1861,537,276.598876953125,300.1245422363281,13.1864013671875,3.88531494140625,1,-1,-1,-1
1861,536,368.2299499511719,212.83978271484375,24.398193359375,8.71954345703125,1,-1,-1,-1
1881,537,267.5908203125,309.6796875,12.61932373046875,3.7969970703125,1,-1,-1,-1
1881,536,367.4873046875,272.2076110839844,24.240478515625,7.7591552734375,1,-1,-1,-1
1901,537,268.9582824707031,339.7829284667969,14.00634765625,4.1429443359375,1,-1,-1,-1
1901,536,361.9786071777344,321.404296875,24.400787353515625,6.9090576171875,1,-1,-1,-1
1921,537,268.9397888183594,357.4366149902344,13.90985107421875,4.89886474609375,1,-1,-1,-1
1921,536,358.90618896484375,346.0843200683594,26.20880126953125,6.93572998046875,1,-1,-1,-1
1941,537,232.30694580078125,356.078857421875,13.466751098632812,4.392578125,1,-1,-1,-1
1941,536,388.3798828125,330.6156921386719,20.6942138671875,8.17755126953125,1,-1,-1,-1
1961,537,180.26609802246094,328.3633117675781,14.816970825195312,4.793212890625,1,-1,-1,-1
1961,536,398.6249084472656,231.87974548339844,23.267608642578125,9.26214599609375,1,-1,-1,-1
1981,537,411.17462158203125,212.62539672851562,24.88739013671875,8.88116455078125,1,-1,-1,-1
1981,536,411.17462158203125,212.62539672851562,24.88739013671875,8.88116455078125,1,-1,-1,-1
2001,537,429.1094665527344,271.67718505859375,23.61297607421875,6.9324951171875,1,-1,-1,-1
2001,536,429.1094665527344,271.67718505859375,23.61297607421875,6.9324951171875,1,-1,-1,-1
2021,537,429.04254150390625,321.3793029785156,24.831695556640625,7.47503662109375,1,-1,-1,-1
2021,536,429.04254150390625,321.3793029785156,24.831695556640625,7.47503662109375,1,-1,-1,-1
2041,537,426.2626953125,345.1037292480469,27.117919921875,7.78436279296875,1,-1,-1,-1
2041,536,426.2626953125,345.1037292480469,27.117919921875,7.78436279296875,1,-1,-1,-1
2061,537,450.0019836425781,331.73455810546875,25.093841552734375,8.5516357421875,1,-1,-1,-1
2061,536,450.0019836425781,331.73455810546875,25.093841552734375,8.5516357421875,1,-1,-1,-1
2081,537,464.3726806640625,268.3876647949219,24.610809326171875,7.711181640625,1,-1,-1,-1
2081,536,464.3726806640625,268.3876647949219,24.610809326171875,7.711181640625,1,-1,-1,-1
2101,537,466.2935791015625,224.86585998535156,25.41259765625,7.1951904296875,1,-1,-1,-1
2101,536,466.2935791015625,224.86585998535156,25.41259765625,7.1951904296875,1,-1,-1,-1
2121,538,157.04354858398438,288.3305969238281,12.46148681640625,5.502197265625,1,-1,-1,-1
2121,537,455.5337829589844,223.9498291015625,26.564117431640625,7.19012451171875,1,-1,-1,-1
2121,536,455.5337829589844,223.9498291015625,26.564117431640625,7.19012451171875,1,-1,-1,-1
