1,630,312.75286865234375,67.39389038085938,13.041839599609375,6.4825286865234375,1,-1,-1,-1
1,631,332.10626220703125,286.7552490234375,8.6907958984375,4.2032470703125,1,-1,-1,-1
1,632,155.5198516845703,153.22996520996094,13.157501220703125,4.691192626953125,1,-1,-1,-1
21,630,314.2569274902344,28.776103973388672,12.845306396484375,6.181159973144531,1,-1,-1,-1
21,631,335.62445068359375,286.4770812988281,8.534942626953125,4.142578125,1,-1,-1,-1
21,632,154.73838806152344,139.45375061035156,12.9693603515625,5.404083251953125,1,-1,-1,-1
41,630,306.0486755371094,26.724103927612305,12.849884033203125,6.764406204223633,1,-1,-1,-1
41,632,156.62998962402344,96.946044921875,13.130325317382812,5.009979248046875,1,-1,-1,-1
61,633,340.4565124511719,291.5525817871094,8.561309814453125,5.02166748046875,1,-1,-1,-1
61,630,276.035400390625,26.385549545288086,12.38482666015625,7.338048934936523,1,-1,-1,-1
61,632,153.90145874023438,119.53204345703125,13.869903564453125,5.6613922119140625,1,-1,-1,-1
81,634,341.1787109375,296.1039123535156,8.705596923828125,3.98492431640625,1,-1,-1,-1
81,630,266.0215148925781,28.161163330078125,12.430816650390625,6.3558197021484375,1,-1,-1,-1
81,632,151.69363403320312,180.6778106689453,12.7095947265625,5.09979248046875,1,-1,-1,-1
101,635,339.9254150390625,296.44921875,7.745513916015625,3.474365234375,1,-1,-1,-1
101,630,267.3270263671875,29.303836822509766,13.413238525390625,5.980926513671875,1,-1,-1,-1
101,632,151.24899291992188,172.20782470703125,14.000885009765625,5.29425048828125,1,-1,-1,-1
121,635,321.705078125,296.81536865234375,9.10357666015625,3.84454345703125,1,-1,-1,-1
121,630,268.2217712402344,30.34522819519043,13.175567626953125,5.709611892700195,1,-1,-1,-1
121,632,154.59657287597656,120.58396911621094,13.49652099609375,5.3482818603515625,1,-1,-1,-1
141,635,317.7886657714844,296.0375671386719,8.6265869140625,4.36126708984375,1,-1,-1,-1
141,630,267.7623291015625,30.415081024169922,13.260833740234375,6.206031799316406,1,-1,-1,-1
141,632,154.93898010253906,121.70570373535156,13.768203735351562,4.5606536865234375,1,-1,-1,-1
161,635,319.323974609375,296.6188659667969,8.250030517578125,4.494140625,1,-1,-1,-1
161,630,262.4176330566406,30.053163528442383,13.000579833984375,6.47749137878418,1,-1,-1,-1
161,632,156.02777099609375,115.08317565917969,13.116043090820312,5.1375579833984375,1,-1,-1,-1
181,635,326.72894287109375,297.72735595703125,7.330230712890625,3.15069580078125,1,-1,-1,-1
181,630,240.07229614257812,28.284814834594727,13.242645263671875,6.915849685668945,1,-1,-1,-1
181,632,158.6367950439453,86.98778533935547,13.170013427734375,5.3921051025390625,1,-1,-1,-1
201,635,329.4197998046875,297.43597412109375,7.63250732421875,4.009521484375,1,-1,-1,-1
201,630,213.92990112304688,26.018381118774414,12.734909057617188,6.335382461547852,1,-1,-1,-1
201,632,157.26959228515625,114.57273864746094,13.440933227539062,5.1904144287109375,1,-1,-1,-1
221,635,329.20123291015625,296.5258483886719,8.391510009765625,4.258056640625,1,-1,-1,-1
221,630,203.05316162109375,24.02187728881836,14.016006469726562,5.969295501708984,1,-1,-1,-1
221,632,165.09616088867188,119.16902160644531,12.7510986328125,7.303924560546875,1,-1,-1,-1
241,635,328.3865051269531,296.8606262207031,7.19000244140625,2.84881591796875,1,-1,-1,-1
241,630,190.46798706054688,21.519418716430664,13.573150634765625,6.644157409667969,1,-1,-1,-1
241,632,210.61849975585938,120.26692962646484,13.417892456054688,6.74334716796875,1,-1,-1,-1
261,635,327.5865478515625,295.8887939453125,7.3409423828125,2.98126220703125,1,-1,-1,-1
261,630,176.75767517089844,35.30733871459961,13.459320068359375,6.8890228271484375,1,-1,-1,-1
261,632,219.99769592285156,119.63491821289062,13.092910766601562,7.1023712158203125,1,-1,-1,-1
281,635,327.92889404296875,295.7478332519531,7.307586669921875,3.27001953125,1,-1,-1,-1
281,630,176.798583984375,46.279441833496094,13.409423828125,6.251556396484375,1,-1,-1,-1
281,632,188.24871826171875,118.03160858154297,12.256576538085938,8.097122192382812,1,-1,-1,-1
301,635,326.9862365722656,299.1668395996094,9.6234130859375,4.363037109375,1,-1,-1,-1
301,630,183.7267303466797,5.319136619567871,13.558242797851562,6.588161468505859,1,-1,-1,-1
301,632,217.8667449951172,118.93264770507812,12.6666259765625,7.3326568603515625,1,-1,-1,-1
321,635,325.03851318359375,305.99176025390625,8.9595947265625,4.44329833984375,1,-1,-1,-1
321,630,200.20387268066406,-3.0346872806549072,11.724319458007812,6.196728229522705,1,-1,-1,-1
321,632,271.28363037109375,123.33277893066406,12.233306884765625,5.4636383056640625,1,-1,-1,-1
341,635,324.6560974121094,308.3195495605469,10.69757080078125,5.06353759765625,1,-1,-1,-1
341,630,249.77297973632812,-2.843755006790161,12.697052001953125,5.697747707366943,1,-1,-1,-1
341,632,279.8980407714844,125.21650695800781,12.502044677734375,4.464691162109375,1,-1,-1,-1
361,635,327.15765380859375,307.9346923828125,10.380859375,4.57586669921875,1,-1,-1,-1
361,630,328.210205078125,-3.6685147285461426,13.67333984375,7.347545146942139,1,-1,-1,-1
361,632,280.2157287597656,125.62321472167969,12.367218017578125,4.4185333251953125,1,-1,-1,-1
381,635,327.5529479980469,304.86279296875,10.783538818359375,4.78662109375,1,-1,-1,-1
381,630,424.4712829589844,-11.915872573852539,17.03369140625,23.889501571655273,1,-1,-1,-1
381,632,280.19512939453125,125.63142395019531,12.60150146484375,4.5685272216796875,1,-1,-1,-1
401,635,329.69622802734375,301.50836181640625,7.393798828125,5.12615966796875,1,-1,-1,-1
401,630,519.8367309570312,56.183372497558594,15.25531005859375,10.295845031738281,1,-1,-1,-1
401,632,254.17483520507812,118.60801696777344,12.54498291015625,7.22076416015625,1,-1,-1,-1
421,635,328.1630859375,296.55999755859375,9.17669677734375,3.54888916015625,1,-1,-1,-1
421,630,568.1436767578125,142.3508758544922,13.71405029296875,7.82916259765625,1,-1,-1,-1
421,632,194.74632263183594,111.06320190429688,12.069473266601562,7.07098388671875,1,-1,-1,-1
441,635,329.2054748535156,290.3605651855469,8.215484619140625,3.251953125,1,-1,-1,-1
441,630,568.021728515625,177.06698608398438,15.81842041015625,7.593597412109375,1,-1,-1,-1
441,632,187.38548278808594,110.31150817871094,13.168685913085938,5.1732177734375,1,-1,-1,-1
461,635,330.41070556640625,283.004150390625,9.675811767578125,4.79803466796875,1,-1,-1,-1
461,630,522.4635620117188,171.25103759765625,13.9329833984375,7.83587646484375,1,-1,-1,-1
461,632,189.11227416992188,109.178466796875,13.318603515625,5.085968017578125,1,-1,-1,-1
481,635,332.877685546875,275.51361083984375,9.04595947265625,4.673095703125,1,-1,-1,-1
481,630,430.50543212890625,157.3087615966797,15.8006591796875,6.074462890625,1,-1,-1,-1
481,632,191.6249237060547,99.43985748291016,12.069244384765625,5.068878173828125,1,-1,-1,-1
501,635,331.3961181640625,270.3518981933594,9.358428955078125,4.649658203125,1,-1,-1,-1
501,630,318.5569763183594,98.17570495605469,15.853363037109375,10.566802978515625,1,-1,-1,-1
501,632,195.11216735839844,56.164554595947266,12.225997924804688,5.439056396484375,1,-1,-1,-1
521,636,332.1577453613281,267.7663269042969,9.475006103515625,3.8597412109375,1,-1,-1,-1
521,630,243.40780639648438,87.76844787597656,12.77923583984375,9.68829345703125,1,-1,-1,-1
521,632,196.536865234375,46.961570739746094,12.47454833984375,5.305351257324219,1,-1,-1,-1
541,636,331.6902160644531,262.9201965332031,9.16259765625,4.67724609375,1,-1,-1,-1
541,630,234.37303161621094,85.55314636230469,14.39300537109375,6.6079254150390625,1,-1,-1,-1
541,632,201.12344360351562,7.390030860900879,11.52935791015625,5.563447952270508,1,-1,-1,-1
561,636,331.2357177734375,257.85089111328125,9.9249267578125,3.5177001953125,1,-1,-1,-1
561,630,235.8756866455078,82.88152313232422,15.02960205078125,6.381500244140625,1,-1,-1,-1
561,632,235.87570190429688,82.88157653808594,15.02960205078125,6.3814239501953125,1,-1,-1,-1
581,636,332.05584716796875,251.31626892089844,9.98773193359375,4.24334716796875,1,-1,-1,-1
581,630,238.35708618164062,81.07755279541016,14.924240112304688,5.924713134765625,1,-1,-1,-1
581,632,238.35708618164062,81.07755279541016,14.924240112304688,5.924713134765625,1,-1,-1,-1
601,636,331.67626953125,246.4694366455078,9.621337890625,3.4952392578125,1,-1,-1,-1
601,630,243.15826416015625,72.17510986328125,14.297149658203125,6.10565185546875,1,-1,-1,-1
601,632,243.15826416015625,72.17510986328125,14.297149658203125,6.10565185546875,1,-1,-1,-1
621,636,331.0810852050781,242.50425720214844,10.81268310546875,3.66925048828125,1,-1,-1,-1
621,630,245.514404296875,88.92448425292969,14.607696533203125,6.4642333984375,1,-1,-1,-1
621,632,245.514404296875,88.92448425292969,14.607696533203125,6.4642333984375,1,-1,-1,-1
641,636,331.9166564941406,237.81336975097656,9.80224609375,3.607513427734375,1,-1,-1,-1
641,630,245.2294158935547,146.9319305419922,14.848556518554688,6.6390380859375,1,-1,-1,-1
641,632,245.2294158935547,146.9319305419922,14.848556518554688,6.6390380859375,1,-1,-1,-1
661,636,333.1159973144531,233.6805419921875,10.027557373046875,3.6458740234375,1,-1,-1,-1
661,630,217.0447998046875,153.00527954101562,15.905258178710938,6.884918212890625,1,-1,-1,-1
661,632,217.0447998046875,153.00527954101562,15.905258178710938,6.884918212890625,1,-1,-1,-1
681,637,131.22720336914062,45.22697830200195,13.328826904296875,6.0096893310546875,1,-1,-1,-1
681,636,333.2305908203125,231.23696899414062,10.869293212890625,4.00506591796875,1,-1,-1,-1
681,630,180.9549560546875,148.08514404296875,14.909011840820312,6.816314697265625,1,-1,-1,-1
681,632,180.9549560546875,148.08514404296875,14.909011840820312,6.816314697265625,1,-1,-1,-1
701,637,155.3700408935547,47.55590057373047,13.119125366210938,5.116523742675781,1,-1,-1,-1
701,636,333.33935546875,230.3387908935547,10.636810302734375,4.193878173828125,1,-1,-1,-1
701,630,181.10960388183594,150.72760009765625,16.390487670898438,6.76287841796875,1,-1,-1,-1
701,632,181.10960388183594,150.72760009765625,16.390487670898438,6.76287841796875,1,-1,-1,-1
721,637,181.54977416992188,48.229087829589844,12.396621704101562,7.13525390625,1,-1,-1,-1
721,636,333.59552001953125,230.8927001953125,10.615447998046875,3.89739990234375,1,-1,-1,-1
721,630,184.99253845214844,180.12240600585938,17.247970581054688,7.214508056640625,1,-1,-1,-1
721,632,184.99252319335938,180.12240600585938,17.248001098632812,7.214508056640625,1,-1,-1,-1
741,637,234.67979431152344,52.20362091064453,13.250778198242188,5.6846160888671875,1,-1,-1,-1
741,636,333.2374572753906,232.60284423828125,10.660491943359375,3.73724365234375,1,-1,-1,-1
741,630,187.26031494140625,219.6092529296875,16.63604736328125,7.559967041015625,1,-1,-1,-1
741,632,187.26031494140625,219.6092529296875,16.63604736328125,7.559967041015625,1,-1,-1,-1
761,637,264.76922607421875,54.62213897705078,12.543243408203125,5.5511322021484375,1,-1,-1,-1
761,636,333.1994934082031,234.53224182128906,10.471954345703125,3.861724853515625,1,-1,-1,-1
761,630,147.0287628173828,215.3272705078125,16.936538696289062,9.0751953125,1,-1,-1,-1
761,632,147.0287628173828,215.3272705078125,16.936538696289062,9.0751953125,1,-1,-1,-1
781,637,270.4771728515625,71.96451568603516,12.343658447265625,5.032318115234375,1,-1,-1,-1
781,636,334.43743896484375,236.033447265625,10.68353271484375,4.14508056640625,1,-1,-1,-1
781,630,44.13151550292969,206.7895050048828,18.310138702392578,8.8416748046875,1,-1,-1,-1
781,632,44.13151550292969,206.7895050048828,18.310138702392578,8.8416748046875,1,-1,-1,-1
801,637,270.3904724121094,94.12864685058594,12.951507568359375,5.3686370849609375,1,-1,-1,-1
801,636,336.3433837890625,233.6996612548828,11.16729736328125,4.34783935546875,1,-1,-1,-1
801,630,336.3433532714844,233.6996612548828,11.16729736328125,4.34783935546875,1,-1,-1,-1
801,632,336.3433532714844,233.6996612548828,11.16729736328125,4.34783935546875,1,-1,-1,-1
821,637,269.0628662109375,123.41804504394531,13.160064697265625,4.9393310546875,1,-1,-1,-1
821,636,338.96881103515625,228.08876037597656,10.78857421875,4.187408447265625,1,-1,-1,-1
821,630,338.96881103515625,228.0887451171875,10.78857421875,4.18743896484375,1,-1,-1,-1
821,632,338.96881103515625,228.0887451171875,10.78857421875,4.18743896484375,1,-1,-1,-1
841,637,268.9895324707031,133.58444213867188,13.353973388671875,5.335693359375,1,-1,-1,-1
841,636,343.9364013671875,221.4733123779297,11.727508544921875,4.471343994140625,1,-1,-1,-1
841,630,343.9364013671875,221.47328186035156,11.727508544921875,4.471343994140625,1,-1,-1,-1
841,632,343.9364013671875,221.47328186035156,11.727508544921875,4.471343994140625,1,-1,-1,-1
861,637,268.52142333984375,149.57232666015625,13.7032470703125,5.004150390625,1,-1,-1,-1
861,636,346.726806640625,218.98387145996094,11.621551513671875,4.137847900390625,1,-1,-1,-1
861,630,346.726806640625,218.98387145996094,11.621551513671875,4.137847900390625,1,-1,-1,-1
861,632,346.726806640625,218.98387145996094,11.621551513671875,4.137847900390625,1,-1,-1,-1
881,637,268.1140441894531,158.9542694091797,13.124420166015625,4.763397216796875,1,-1,-1,-1
881,636,349.06976318359375,217.91090393066406,11.802734375,4.130645751953125,1,-1,-1,-1
881,630,349.06976318359375,217.91090393066406,11.802734375,4.130645751953125,1,-1,-1,-1
881,632,349.06976318359375,217.91090393066406,11.802734375,4.130645751953125,1,-1,-1,-1
901,637,274.1119689941406,155.56378173828125,13.1287841796875,7.678253173828125,1,-1,-1,-1
901,636,351.2611389160156,214.40513610839844,11.882415771484375,4.64117431640625,1,-1,-1,-1
901,630,351.2611389160156,214.40513610839844,11.882415771484375,4.64117431640625,1,-1,-1,-1
901,632,351.2611083984375,214.40512084960938,11.882476806640625,4.641204833984375,1,-1,-1,-1
921,637,324.36456298828125,155.79925537109375,14.2152099609375,6.819061279296875,1,-1,-1,-1
921,636,353.11639404296875,214.9969940185547,12.088226318359375,5.16119384765625,1,-1,-1,-1
921,630,353.1163330078125,214.99703979492188,12.08831787109375,5.16119384765625,1,-1,-1,-1
921,632,353.1163330078125,214.9969940185547,12.08831787109375,5.16119384765625,1,-1,-1,-1
941,637,345.494140625,154.8743896484375,12.39068603515625,7.551513671875,1,-1,-1,-1
941,636,354.9893493652344,224.53189086914062,12.06231689453125,4.167144775390625,1,-1,-1,-1
941,630,354.9893493652344,224.53189086914062,12.06231689453125,4.167144775390625,1,-1,-1,-1
941,632,354.9893493652344,224.5319061279297,12.06231689453125,4.1671142578125,1,-1,-1,-1
961,637,297.13092041015625,151.84889221191406,14.637451171875,5.6463623046875,1,-1,-1,-1
961,636,354.26483154296875,230.4121856689453,11.5072021484375,4.259857177734375,1,-1,-1,-1
961,630,354.26483154296875,230.4121856689453,11.5072021484375,4.259857177734375,1,-1,-1,-1
961,632,354.26483154296875,230.4121856689453,11.5072021484375,4.259857177734375,1,-1,-1,-1
981,637,250.903076171875,143.8963623046875,12.013763427734375,8.4178466796875,1,-1,-1,-1
981,636,352.6429443359375,231.0465087890625,12.201904296875,4.11138916015625,1,-1,-1,-1
981,630,352.6429443359375,231.0465087890625,12.201904296875,4.11138916015625,1,-1,-1,-1
981,632,352.6429443359375,231.0465087890625,12.201904296875,4.11138916015625,1,-1,-1,-1
1001,637,292.2091064453125,144.56570434570312,13.394287109375,7.72003173828125,1,-1,-1,-1
1001,636,350.24560546875,229.96746826171875,12.32830810546875,4.03875732421875,1,-1,-1,-1
1001,630,350.24554443359375,229.96746826171875,12.32843017578125,4.03875732421875,1,-1,-1,-1
1001,632,350.24554443359375,229.96746826171875,12.32843017578125,4.03875732421875,1,-1,-1,-1
1021,637,305.11212158203125,145.3912811279297,12.42681884765625,6.73919677734375,1,-1,-1,-1
1021,636,347.4598388671875,229.217529296875,11.8167724609375,4.158935546875,1,-1,-1,-1
1021,630,347.4598388671875,229.217529296875,11.8167724609375,4.158935546875,1,-1,-1,-1
1021,632,347.4598388671875,229.217529296875,11.8167724609375,4.158935546875,1,-1,-1,-1
1041,637,291.8004150390625,144.80978393554688,13.338775634765625,4.42034912109375,1,-1,-1,-1
1041,636,343.2143859863281,228.5858154296875,11.708587646484375,4.241668701171875,1,-1,-1,-1
1041,630,343.21441650390625,228.5858154296875,11.7086181640625,4.241668701171875,1,-1,-1,-1
1041,632,343.2143859863281,228.5858154296875,11.708587646484375,4.241668701171875,1,-1,-1,-1
1061,637,293.968017578125,144.79901123046875,13.3621826171875,4.620819091796875,1,-1,-1,-1
1061,636,335.6011962890625,228.0135498046875,11.750244140625,3.8660888671875,1,-1,-1,-1
1061,630,335.6011962890625,228.0135498046875,11.750244140625,3.8660888671875,1,-1,-1,-1
1061,632,335.6011962890625,228.0135498046875,11.750244140625,3.8660888671875,1,-1,-1,-1
1081,637,295.58453369140625,145.5538330078125,13.283355712890625,4.75445556640625,1,-1,-1,-1
1081,636,327.696044921875,227.19998168945312,11.66107177734375,3.73260498046875,1,-1,-1,-1
1081,630,327.696044921875,227.19998168945312,11.66107177734375,3.73260498046875,1,-1,-1,-1
1081,632,327.696044921875,227.19998168945312,11.66107177734375,3.73260498046875,1,-1,-1,-1
1101,637,296.201171875,147.58261108398438,12.713653564453125,4.6888427734375,1,-1,-1,-1
1101,636,317.75762939453125,227.35202026367188,11.95330810546875,4.079071044921875,1,-1,-1,-1
1101,630,317.75762939453125,227.3520050048828,11.95330810546875,4.0791015625,1,-1,-1,-1
1101,632,317.75762939453125,227.35202026367188,11.95330810546875,4.079071044921875,1,-1,-1,-1
1121,637,296.5749816894531,149.6048126220703,13.100921630859375,4.364501953125,1,-1,-1,-1
1121,636,304.2091064453125,227.43667602539062,11.584381103515625,3.80181884765625,1,-1,-1,-1
1121,630,304.2091064453125,227.43667602539062,11.584381103515625,3.80181884765625,1,-1,-1,-1
1121,632,304.2091064453125,227.43667602539062,11.584381103515625,3.80181884765625,1,-1,-1,-1
1141,637,296.5436706542969,150.78326416015625,13.195281982421875,4.42974853515625,1,-1,-1,-1
1141,636,289.1322937011719,226.1338653564453,11.9793701171875,4.245635986328125,1,-1,-1,-1
1141,630,289.1322937011719,226.1338653564453,11.9793701171875,4.245635986328125,1,-1,-1,-1
1141,632,289.1322937011719,226.1338653564453,11.9793701171875,4.245635986328125,1,-1,-1,-1
1161,637,295.9698181152344,150.73475646972656,13.00115966796875,4.64288330078125,1,-1,-1,-1
1161,636,272.2474060058594,227.79043579101562,11.543609619140625,4.37298583984375,1,-1,-1,-1
1161,630,272.24737548828125,227.79043579101562,11.543670654296875,4.37298583984375,1,-1,-1,-1
1161,632,272.2474060058594,227.79043579101562,11.543609619140625,4.37298583984375,1,-1,-1,-1
1181,637,296.40606689453125,151.6868133544922,13.221221923828125,4.645416259765625,1,-1,-1,-1
1181,636,253.15878295898438,234.25015258789062,11.589508056640625,4.22808837890625,1,-1,-1,-1
1181,630,253.15878295898438,234.25015258789062,11.589508056640625,4.22808837890625,1,-1,-1,-1
1181,632,253.15875244140625,234.25015258789062,11.589508056640625,4.22808837890625,1,-1,-1,-1
1201,637,287.033447265625,152.4405517578125,12.69110107421875,6.9744873046875,1,-1,-1,-1
1201,636,233.0821990966797,233.89573669433594,11.739089965820312,4.070220947265625,1,-1,-1,-1
1201,630,233.0821990966797,233.8957977294922,11.739089965820312,4.070220947265625,1,-1,-1,-1
1201,632,233.0821990966797,233.8957977294922,11.739089965820312,4.070220947265625,1,-1,-1,-1
1221,637,226.63360595703125,148.90200805664062,12.019119262695312,8.09185791015625,1,-1,-1,-1
1221,636,215.9353485107422,232.98423767089844,11.8804931640625,4.16864013671875,1,-1,-1,-1
1221,630,215.9353485107422,232.98423767089844,11.8804931640625,4.16864013671875,1,-1,-1,-1
1221,632,215.9353485107422,232.98423767089844,11.8804931640625,4.16864013671875,1,-1,-1,-1
1241,637,214.98562622070312,151.58010864257812,13.4295654296875,4.695953369140625,1,-1,-1,-1
1241,636,201.0287628173828,231.1204071044922,12.281845092773438,4.284149169921875,1,-1,-1,-1
1241,630,201.0287628173828,231.1204071044922,12.281845092773438,4.284149169921875,1,-1,-1,-1
1241,632,201.0287628173828,231.1204071044922,12.281845092773438,4.284149169921875,1,-1,-1,-1
1261,637,217.36676025390625,151.56063842773438,13.45672607421875,4.677490234375,1,-1,-1,-1
1261,636,188.93862915039062,227.11534118652344,12.63916015625,4.3231201171875,1,-1,-1,-1
1261,630,188.93862915039062,227.11534118652344,12.63916015625,4.3231201171875,1,-1,-1,-1
1261,632,188.93862915039062,227.11534118652344,12.63916015625,4.3231201171875,1,-1,-1,-1
1281,637,219.48162841796875,152.38714599609375,14.20184326171875,4.6026611328125,1,-1,-1,-1
1281,636,179.43988037109375,223.19688415527344,12.320755004882812,4.41900634765625,1,-1,-1,-1
1281,630,179.43988037109375,223.19688415527344,12.320755004882812,4.41900634765625,1,-1,-1,-1
1281,632,179.43988037109375,223.19688415527344,12.320755004882812,4.41900634765625,1,-1,-1,-1
1301,637,221.26510620117188,153.66726684570312,13.846893310546875,4.869964599609375,1,-1,-1,-1
1301,636,173.98153686523438,220.46136474609375,13.053390502929688,4.660247802734375,1,-1,-1,-1
1301,630,173.98153686523438,220.46136474609375,13.053390502929688,4.660247802734375,1,-1,-1,-1
1301,632,173.98153686523438,220.46136474609375,13.053390502929688,4.660247802734375,1,-1,-1,-1
1321,637,227.43003845214844,156.63497924804688,13.88702392578125,4.92303466796875,1,-1,-1,-1
1321,636,174.91897583007812,218.6222686767578,12.901229858398438,4.398529052734375,1,-1,-1,-1
1321,630,174.91897583007812,218.6222686767578,12.901229858398438,4.398529052734375,1,-1,-1,-1
1321,632,174.91897583007812,218.6222686767578,12.901229858398438,4.398529052734375,1,-1,-1,-1
1341,637,231.6351318359375,157.46868896484375,12.947113037109375,5.851654052734375,1,-1,-1,-1
1341,636,181.67893981933594,217.39639282226562,13.7896728515625,4.193389892578125,1,-1,-1,-1
1341,630,181.67893981933594,217.39639282226562,13.7896728515625,4.193389892578125,1,-1,-1,-1
1341,632,181.67893981933594,217.39639282226562,13.7896728515625,4.193389892578125,1,-1,-1,-1
1361,638,368.52325439453125,296.1058654785156,9.58624267578125,3.614990234375,1,-1,-1,-1
1361,637,259.90716552734375,160.4259490966797,14.48565673828125,4.813812255859375,1,-1,-1,-1
1361,636,196.5066375732422,215.98452758789062,14.3829345703125,4.73272705078125,1,-1,-1,-1
1361,630,196.50662231445312,215.98455810546875,14.3829345703125,4.732757568359375,1,-1,-1,-1
1361,632,196.5066375732422,215.98455810546875,14.3829345703125,4.732757568359375,1,-1,-1,-1
1381,638,342.29248046875,290.1917419433594,11.025146484375,5.16876220703125,1,-1,-1,-1
1381,637,279.95562744140625,161.82032775878906,12.828460693359375,4.611480712890625,1,-1,-1,-1
1381,636,215.83937072753906,214.9935302734375,13.971359252929688,4.70062255859375,1,-1,-1,-1
1381,630,215.83937072753906,214.9935302734375,13.971359252929688,4.70062255859375,1,-1,-1,-1
1381,632,215.83938598632812,214.9935302734375,13.971328735351562,4.70062255859375,1,-1,-1,-1
1401,638,313.0834655761719,274.60711669921875,8.561920166015625,3.6239013671875,1,-1,-1,-1
1401,637,283.6452941894531,161.90101623535156,13.049896240234375,4.561309814453125,1,-1,-1,-1
1401,636,236.60018920898438,215.32254028320312,14.80755615234375,4.7578125,1,-1,-1,-1
1401,630,236.60018920898438,215.32254028320312,14.80755615234375,4.7578125,1,-1,-1,-1
1401,632,236.60018920898438,215.32254028320312,14.80755615234375,4.7578125,1,-1,-1,-1
1421,638,279.273193359375,266.4555969238281,8.30841064453125,3.8367919921875,1,-1,-1,-1
1421,637,284.1907958984375,160.97354125976562,13.564666748046875,4.415252685546875,1,-1,-1,-1
1421,636,261.83740234375,216.82313537597656,13.579010009765625,4.556060791015625,1,-1,-1,-1
1421,630,261.83740234375,216.82313537597656,13.579010009765625,4.556060791015625,1,-1,-1,-1
1421,632,261.83740234375,216.82313537597656,13.579010009765625,4.556060791015625,1,-1,-1,-1
1441,638,248.03591918945312,245.1357879638672,9.299346923828125,4.458465576171875,1,-1,-1,-1
1441,637,284.9030456542969,154.9782257080078,12.953582763671875,4.545623779296875,1,-1,-1,-1
1441,636,287.3477783203125,218.42092895507812,13.124786376953125,4.449951171875,1,-1,-1,-1
1441,630,287.3477783203125,218.42092895507812,13.124786376953125,4.449951171875,1,-1,-1,-1
1441,632,287.3477783203125,218.42092895507812,13.124786376953125,4.449951171875,1,-1,-1,-1
1461,638,215.28404235839844,271.9022216796875,10.339614868164062,4.718505859375,1,-1,-1,-1
1461,637,285.092529296875,150.47540283203125,12.530517578125,4.414642333984375,1,-1,-1,-1
1461,636,311.29443359375,219.8269500732422,13.224273681640625,4.773040771484375,1,-1,-1,-1
1461,630,311.29443359375,219.82696533203125,13.224273681640625,4.77301025390625,1,-1,-1,-1
1461,632,311.29443359375,219.82696533203125,13.224273681640625,4.77301025390625,1,-1,-1,-1
1481,638,182.71481323242188,308.3946533203125,9.222671508789062,3.92083740234375,1,-1,-1,-1
1481,637,284.8001403808594,146.6650848388672,12.814544677734375,4.74310302734375,1,-1,-1,-1
1481,636,333.30096435546875,221.6512908935547,13.733062744140625,4.33819580078125,1,-1,-1,-1
1481,630,333.30096435546875,221.6512908935547,13.733062744140625,4.33819580078125,1,-1,-1,-1
1481,632,333.30096435546875,221.6512908935547,13.733062744140625,4.33819580078125,1,-1,-1,-1
1501,638,151.65879821777344,299.82586669921875,11.205154418945312,4.79498291015625,1,-1,-1,-1
1501,637,284.9301452636719,143.93734741210938,12.660614013671875,4.61700439453125,1,-1,-1,-1
1501,636,352.7299499511719,222.16583251953125,13.409881591796875,4.4215087890625,1,-1,-1,-1
1501,630,352.7299499511719,222.16583251953125,13.409881591796875,4.4215087890625,1,-1,-1,-1
1501,632,352.7299499511719,222.16583251953125,13.409881591796875,4.4215087890625,1,-1,-1,-1
1521,638,127.49186706542969,239.07447814941406,10.033966064453125,6.342926025390625,1,-1,-1,-1
1521,637,285.0601501464844,141.59010314941406,13.785369873046875,4.88519287109375,1,-1,-1,-1
1521,636,370.7412109375,221.6027069091797,13.08935546875,4.621978759765625,1,-1,-1,-1
1521,630,370.7412109375,221.6027069091797,13.08935546875,4.621978759765625,1,-1,-1,-1
1521,632,370.7412109375,221.6027069091797,13.08935546875,4.621978759765625,1,-1,-1,-1
1541,638,107.90719604492188,156.58502197265625,9.733642578125,6.601318359375,1,-1,-1,-1
1541,637,286.0101623535156,138.50030517578125,12.871612548828125,4.8818359375,1,-1,-1,-1
1541,636,385.9661865234375,221.8118438720703,13.711395263671875,4.65838623046875,1,-1,-1,-1
1541,630,385.966064453125,221.8118438720703,13.7115478515625,4.65838623046875,1,-1,-1,-1
1541,632,385.966064453125,221.8118438720703,13.7115478515625,4.65838623046875,1,-1,-1,-1
1561,638,92.43672180175781,83.35906219482422,9.322166442871094,6.76861572265625,1,-1,-1,-1
1561,637,286.7252197265625,134.61407470703125,12.994140625,4.7738037109375,1,-1,-1,-1
1561,636,394.0896301269531,221.70962524414062,13.55596923828125,5.419219970703125,1,-1,-1,-1
1561,630,394.0896301269531,221.70962524414062,13.55596923828125,5.419219970703125,1,-1,-1,-1
1561,632,394.0896301269531,221.70962524414062,13.55596923828125,5.419219970703125,1,-1,-1,-1
1581,638,81.37889099121094,49.812034606933594,9.358291625976562,6.0503387451171875,1,-1,-1,-1
1581,637,286.15802001953125,133.92031860351562,12.6571044921875,4.91424560546875,1,-1,-1,-1
1581,636,390.7055969238281,223.21127319335938,13.47991943359375,4.577117919921875,1,-1,-1,-1
1581,630,390.7055969238281,223.21127319335938,13.47991943359375,4.577117919921875,1,-1,-1,-1
1581,632,390.7055969238281,223.21127319335938,13.47991943359375,4.577117919921875,1,-1,-1,-1
1601,638,79.63773345947266,51.64373779296875,10.023689270019531,5.354583740234375,1,-1,-1,-1
1601,637,286.0901184082031,132.9275360107422,12.560760498046875,4.87823486328125,1,-1,-1,-1
1601,636,369.40625,221.8203125,12.957305908203125,4.98785400390625,1,-1,-1,-1
1601,630,369.40625,221.8203125,12.957305908203125,4.98785400390625,1,-1,-1,-1
1601,632,369.40625,221.8203125,12.957305908203125,4.98785400390625,1,-1,-1,-1
1621,638,80.30025482177734,72.505126953125,10.024391174316406,5.5184173583984375,1,-1,-1,-1
1621,637,285.87750244140625,132.41160583496094,12.937774658203125,4.74755859375,1,-1,-1,-1
1621,636,335.22625732421875,220.6663055419922,13.696044921875,4.946624755859375,1,-1,-1,-1
1621,630,335.22625732421875,220.6663055419922,13.696044921875,4.946624755859375,1,-1,-1,-1
1621,632,335.2261962890625,220.6663055419922,13.6961669921875,4.946624755859375,1,-1,-1,-1
1641,638,76.13431549072266,107.23291015625,10.663871765136719,5.944854736328125,1,-1,-1,-1
1641,637,286.6428527832031,134.6153106689453,12.969390869140625,4.83636474609375,1,-1,-1,-1
1641,636,293.3582763671875,219.09996032714844,13.784637451171875,4.628509521484375,1,-1,-1,-1
1641,630,293.3582763671875,219.09996032714844,13.784637451171875,4.628509521484375,1,-1,-1,-1
1641,632,293.3582763671875,219.09996032714844,13.784637451171875,4.628509521484375,1,-1,-1,-1
1661,638,71.33619689941406,150.4981689453125,9.670204162597656,6.18902587890625,1,-1,-1,-1
1661,637,286.66131591796875,136.51779174804688,12.9730224609375,4.937896728515625,1,-1,-1,-1
1661,636,247.07913208007812,218.10870361328125,13.920989990234375,4.138275146484375,1,-1,-1,-1
1661,630,247.07913208007812,218.10870361328125,13.920989990234375,4.138275146484375,1,-1,-1,-1
1661,632,247.07913208007812,218.10870361328125,13.920989990234375,4.138275146484375,1,-1,-1,-1
1681,638,70.13587188720703,170.13319396972656,10.520164489746094,5.4527587890625,1,-1,-1,-1
1681,637,287.08721923828125,138.58624267578125,12.795257568359375,4.9420166015625,1,-1,-1,-1
1681,636,217.50921630859375,217.66424560546875,12.979080200195312,4.598388671875,1,-1,-1,-1
1681,630,217.50921630859375,217.66424560546875,12.979080200195312,4.598388671875,1,-1,-1,-1
1681,632,217.50917053222656,217.66424560546875,12.979095458984375,4.598388671875,1,-1,-1,-1
1701,638,71.54353332519531,170.07936096191406,10.007064819335938,5.957489013671875,1,-1,-1,-1
1701,637,287.2750244140625,140.75582885742188,12.337799072265625,5.05389404296875,1,-1,-1,-1
1701,636,215.02822875976562,217.4920196533203,13.53680419921875,4.2696533203125,1,-1,-1,-1
1701,630,215.02822875976562,217.4920196533203,13.53680419921875,4.2696533203125,1,-1,-1,-1
1701,632,215.02822875976562,217.4920196533203,13.53680419921875,4.2696533203125,1,-1,-1,-1
1721,638,93.14372253417969,170.96629333496094,9.471473693847656,5.52496337890625,1,-1,-1,-1
1721,637,286.1072998046875,142.2427978515625,13.436981201171875,4.75274658203125,1,-1,-1,-1
1721,636,217.1310272216797,216.5323944091797,13.692474365234375,4.697418212890625,1,-1,-1,-1
1721,630,217.13104248046875,216.5323944091797,13.69244384765625,4.697418212890625,1,-1,-1,-1
1721,632,217.1310272216797,216.5323944091797,13.692474365234375,4.697418212890625,1,-1,-1,-1
1741,638,128.79295349121094,172.08460998535156,9.892776489257812,4.856689453125,1,-1,-1,-1
1741,637,286.3209228515625,142.69300842285156,13.197601318359375,4.806549072265625,1,-1,-1,-1
1741,636,223.11683654785156,215.9630126953125,13.593063354492188,4.524658203125,1,-1,-1,-1
1741,630,223.11683654785156,215.9630126953125,13.593063354492188,4.524658203125,1,-1,-1,-1
1741,632,223.11683654785156,215.9630126953125,13.593063354492188,4.524658203125,1,-1,-1,-1
1761,638,163.86949157714844,172.53439331054688,9.717025756835938,5.74560546875,1,-1,-1,-1
1761,637,286.4865417480469,142.36679077148438,14.146453857421875,5.066192626953125,1,-1,-1,-1
1761,636,237.93978881835938,216.40744018554688,14.091842651367188,4.3375244140625,1,-1,-1,-1
1761,630,237.93978881835938,216.40744018554688,14.091842651367188,4.3375244140625,1,-1,-1,-1
1761,632,237.93978881835938,216.40744018554688,14.091842651367188,4.3375244140625,1,-1,-1,-1
1781,638,173.3422088623047,176.7015838623047,9.287643432617188,4.5218505859375,1,-1,-1,-1
1781,637,285.6112365722656,141.75437927246094,15.069732666015625,5.51177978515625,1,-1,-1,-1
1781,636,251.9452667236328,217.37869262695312,14.344253540039062,4.385650634765625,1,-1,-1,-1
1781,630,251.9452667236328,217.37869262695312,14.344253540039062,4.385650634765625,1,-1,-1,-1
1781,632,251.9452667236328,217.37869262695312,14.344253540039062,4.385650634765625,1,-1,-1,-1
1801,638,172.29957580566406,187.0511932373047,10.088348388671875,4.885650634765625,1,-1,-1,-1
1801,637,286.46282958984375,141.14657592773438,12.54052734375,5.546722412109375,1,-1,-1,-1
1801,636,259.361083984375,217.5948028564453,13.329833984375,4.2044677734375,1,-1,-1,-1
1801,630,259.361083984375,217.5948028564453,13.329833984375,4.2044677734375,1,-1,-1,-1
1801,632,259.361083984375,217.5948028564453,13.329833984375,4.2044677734375,1,-1,-1,-1
1821,638,171.00904846191406,202.13848876953125,9.957534790039062,5.064056396484375,1,-1,-1,-1
1821,637,287.6868591308594,141.51133728027344,11.004150390625,5.81475830078125,1,-1,-1,-1
1821,636,266.7669982910156,213.49029541015625,12.9603271484375,4.730377197265625,1,-1,-1,-1
1821,630,266.7669982910156,213.49029541015625,12.9603271484375,4.730377197265625,1,-1,-1,-1
1821,632,266.7669982910156,213.49029541015625,12.9603271484375,4.730377197265625,1,-1,-1,-1
1841,638,170.9684600830078,233.61294555664062,9.996292114257812,4.7823486328125,1,-1,-1,-1
1841,637,287.67633056640625,143.90505981445312,11.247772216796875,5.8380126953125,1,-1,-1,-1
1841,636,278.7303771972656,210.97999572753906,13.564605712890625,4.63299560546875,1,-1,-1,-1
1841,630,278.7303771972656,210.97999572753906,13.564605712890625,4.63299560546875,1,-1,-1,-1
1841,632,278.7303771972656,210.97999572753906,13.564605712890625,4.63299560546875,1,-1,-1,-1
1861,638,171.61572265625,241.90658569335938,10.295928955078125,5.149383544921875,1,-1,-1,-1
1861,637,287.5231628417969,145.6719207763672,11.264923095703125,5.82611083984375,1,-1,-1,-1
1861,636,292.9764404296875,210.49757385253906,13.7529296875,4.596527099609375,1,-1,-1,-1
1861,630,292.9764404296875,210.49757385253906,13.7529296875,4.596527099609375,1,-1,-1,-1
1861,632,292.9764404296875,210.49757385253906,13.7529296875,4.596527099609375,1,-1,-1,-1
1881,638,191.7458953857422,242.30865478515625,9.654922485351562,5.32843017578125,1,-1,-1,-1
1881,637,284.567138671875,147.99954223632812,14.178863525390625,5.729766845703125,1,-1,-1,-1
1881,636,307.24267578125,210.86782836914062,13.95684814453125,4.880889892578125,1,-1,-1,-1
1881,630,307.24267578125,210.86782836914062,13.95684814453125,4.880889892578125,1,-1,-1,-1
1881,632,307.24267578125,210.86782836914062,13.95684814453125,4.880889892578125,1,-1,-1,-1
1901,638,225.65994262695312,244.09710693359375,9.280059814453125,5.670135498046875,1,-1,-1,-1
1901,637,284.50537109375,149.3880157470703,14.03985595703125,5.573760986328125,1,-1,-1,-1
1901,636,323.41650390625,212.1596221923828,13.219696044921875,4.68817138671875,1,-1,-1,-1
1901,630,323.41650390625,212.1596221923828,13.219696044921875,4.68817138671875,1,-1,-1,-1
1901,632,323.41656494140625,212.1596221923828,13.21966552734375,4.68817138671875,1,-1,-1,-1
1921,638,233.61280822753906,244.39060974121094,9.13104248046875,4.265045166015625,1,-1,-1,-1
1921,637,284.2895812988281,149.90626525878906,14.0970458984375,5.351654052734375,1,-1,-1,-1
1921,636,342.13311767578125,214.10545349121094,14.029296875,4.601470947265625,1,-1,-1,-1
1921,630,342.13311767578125,214.10545349121094,14.029296875,4.601470947265625,1,-1,-1,-1
1921,632,342.13311767578125,214.10545349121094,14.029296875,4.601470947265625,1,-1,-1,-1
1941,638,233.33120727539062,243.8185272216797,9.387008666992188,4.344940185546875,1,-1,-1,-1
1941,637,283.7264099121094,150.37091064453125,14.895538330078125,5.39263916015625,1,-1,-1,-1
1941,636,362.36785888671875,215.5594024658203,13.893890380859375,4.833770751953125,1,-1,-1,-1
1941,630,362.36785888671875,215.5594024658203,13.893890380859375,4.833770751953125,1,-1,-1,-1
1941,632,362.36785888671875,215.5594024658203,13.893890380859375,4.833770751953125,1,-1,-1,-1
1961,638,233.6363983154297,235.8538818359375,9.474716186523438,4.864654541015625,1,-1,-1,-1
1961,637,283.24114990234375,150.18801879882812,15.157562255859375,5.749481201171875,1,-1,-1,-1
1961,636,382.30609130859375,220.08987426757812,13.8116455078125,5.172637939453125,1,-1,-1,-1
1961,630,382.30609130859375,220.08987426757812,13.8116455078125,5.172637939453125,1,-1,-1,-1
1961,632,382.30609130859375,220.08987426757812,13.8116455078125,5.172637939453125,1,-1,-1,-1
1981,638,234.15753173828125,226.10581970214844,9.749862670898438,4.4130859375,1,-1,-1,-1
1981,637,283.0982360839844,153.3167724609375,15.70361328125,5.403839111328125,1,-1,-1,-1
1981,636,400.2127380371094,227.8229217529297,13.25128173828125,4.983001708984375,1,-1,-1,-1
1981,630,400.2127380371094,227.8229217529297,13.25128173828125,4.983001708984375,1,-1,-1,-1
1981,632,400.2127380371094,227.8229217529297,13.25128173828125,4.983001708984375,1,-1,-1,-1
2001,638,235.88925170898438,207.66421508789062,9.072677612304688,4.453460693359375,1,-1,-1,-1
2001,637,285.134765625,156.65660095214844,13.4083251953125,4.991668701171875,1,-1,-1,-1
2001,636,407.7534484863281,239.58346557617188,13.083709716796875,4.446380615234375,1,-1,-1,-1
2001,630,407.7534484863281,239.58346557617188,13.083709716796875,4.446380615234375,1,-1,-1,-1
2001,632,407.7534484863281,239.58346557617188,13.083709716796875,4.446380615234375,1,-1,-1,-1
2021,638,237.10191345214844,173.97171020507812,9.423110961914062,5.421356201171875,1,-1,-1,-1
2021,637,284.67877197265625,157.73524475097656,13.97564697265625,5.042755126953125,1,-1,-1,-1
2021,636,407.9153747558594,252.55064392089844,13.498077392578125,4.4570159912109375,1,-1,-1,-1
2021,630,407.9153747558594,252.55064392089844,13.498077392578125,4.4570159912109375,1,-1,-1,-1
2021,632,407.9153747558594,252.55064392089844,13.498077392578125,4.4570159912109375,1,-1,-1,-1
2041,638,238.36288452148438,146.12319946289062,8.87615966796875,4.43377685546875,1,-1,-1,-1
2041,637,286.15252685546875,159.24465942382812,12.9998779296875,4.61773681640625,1,-1,-1,-1
2041,636,405.75457763671875,256.7599792480469,11.857147216796875,4.6192626953125,1,-1,-1,-1
2041,630,405.75457763671875,256.7599792480469,11.857147216796875,4.6192626953125,1,-1,-1,-1
2041,632,405.75457763671875,256.7599792480469,11.857147216796875,4.6192626953125,1,-1,-1,-1
2061,638,286.4165954589844,161.60719299316406,13.232177734375,4.49127197265625,1,-1,-1,-1
2061,637,286.4139404296875,161.60763549804688,13.234771728515625,4.49176025390625,1,-1,-1,-1
2061,636,383.3055419921875,256.30340576171875,12.25128173828125,4.4276123046875,1,-1,-1,-1
2061,630,383.3055419921875,256.30340576171875,12.25128173828125,4.4276123046875,1,-1,-1,-1
2061,632,383.3055419921875,256.30340576171875,12.25128173828125,4.4276123046875,1,-1,-1,-1
2081,638,288.2239990234375,163.4379119873047,13.5557861328125,7.113739013671875,1,-1,-1,-1
2081,637,288.2239990234375,163.4379119873047,13.555755615234375,7.113739013671875,1,-1,-1,-1
2081,636,351.9029235839844,255.49191284179688,13.213043212890625,4.15142822265625,1,-1,-1,-1
2081,630,351.9029235839844,255.49191284179688,13.213043212890625,4.15142822265625,1,-1,-1,-1
2081,632,351.9029235839844,255.49191284179688,13.213043212890625,4.15142822265625,1,-1,-1,-1
2101,638,247.28904724121094,161.91644287109375,13.720230102539062,4.52923583984375,1,-1,-1,-1
2101,637,247.28904724121094,161.91644287109375,13.720230102539062,4.52923583984375,1,-1,-1,-1
2101,636,316.2174987792969,254.93153381347656,13.158721923828125,3.9487762451171875,1,-1,-1,-1
2101,630,316.2174987792969,254.93153381347656,13.158721923828125,3.9487762451171875,1,-1,-1,-1
2101,632,316.2174987792969,254.93153381347656,13.158721923828125,3.9487762451171875,1,-1,-1,-1
2121,638,218.509521484375,159.7867431640625,13.178253173828125,5.405029296875,1,-1,-1,-1
2121,637,218.509521484375,159.7867431640625,13.178253173828125,5.405029296875,1,-1,-1,-1
2121,636,277.4219970703125,253.20835876464844,13.899505615234375,5.0504302978515625,1,-1,-1,-1
2121,630,277.4219970703125,253.20835876464844,13.899505615234375,5.0504302978515625,1,-1,-1,-1
2121,632,277.4219970703125,253.20835876464844,13.899505615234375,5.0504302978515625,1,-1,-1,-1
