1,649,278.5879821777344,68.9875717163086,19.072723388671875,8.117263793945312,1,-1,-1,-1
1,650,346.0513000488281,136.5465850830078,23.20556640625,7.89312744140625,1,-1,-1,-1
1,651,134.14439392089844,190.4605712890625,13.656997680664062,5.847412109375,1,-1,-1,-1
21,649,285.66156005859375,65.63819122314453,18.645172119140625,7.474212646484375,1,-1,-1,-1
21,650,326.19635009765625,123.39134979248047,22.3741455078125,8.155815124511719,1,-1,-1,-1
21,651,182.7901611328125,180.61363220214844,13.815963745117188,5.4566650390625,1,-1,-1,-1
41,649,289.74163818359375,70.6557388305664,18.447357177734375,6.0819549560546875,1,-1,-1,-1
41,650,308.35028076171875,112.44248962402344,22.1187744140625,7.9049530029296875,1,-1,-1,-1
41,651,235.2273406982422,176.37005615234375,13.98773193359375,5.4510498046875,1,-1,-1,-1
61,649,297.367431640625,41.839256286621094,18.04345703125,7.826286315917969,1,-1,-1,-1
61,650,292.951171875,133.7480010986328,21.7349853515625,8.485443115234375,1,-1,-1,-1
61,651,291.76116943359375,172.53309631347656,14.117889404296875,5.540863037109375,1,-1,-1,-1
81,649,305.1002502441406,5.562489986419678,16.991973876953125,7.507744312286377,1,-1,-1,-1
81,650,279.1001281738281,165.01031494140625,23.6962890625,7.84765625,1,-1,-1,-1
81,651,350.5990905761719,162.74392700195312,13.450714111328125,5.2283935546875,1,-1,-1,-1
101,649,304.71044921875,12.91327953338623,17.556854248046875,7.1558427810668945,1,-1,-1,-1
101,650,274.76422119140625,160.62161254882812,23.23492431640625,8.17230224609375,1,-1,-1,-1
101,651,407.25518798828125,166.7154541015625,15.32666015625,5.8309326171875,1,-1,-1,-1
121,649,303.4525146484375,10.70417594909668,16.9349365234375,7.73158073425293,1,-1,-1,-1
121,650,272.8113098144531,157.3641357421875,23.79833984375,8.010345458984375,1,-1,-1,-1
121,651,464.28167724609375,194.98731994628906,13.3101806640625,5.01385498046875,1,-1,-1,-1
141,649,301.31610107421875,9.10338020324707,17.207763671875,7.29570198059082,1,-1,-1,-1
141,650,274.9400634765625,149.00704956054688,22.7540283203125,7.676055908203125,1,-1,-1,-1
141,651,518.5311279296875,197.32313537597656,13.873291015625,5.114013671875,1,-1,-1,-1
161,649,299.033203125,8.92880630493164,17.49676513671875,7.252452850341797,1,-1,-1,-1
161,650,276.4959411621094,138.62266540527344,22.654205322265625,7.889892578125,1,-1,-1,-1
161,651,555.9144897460938,180.9530792236328,13.7401123046875,5.724884033203125,1,-1,-1,-1
181,649,297.63433837890625,9.35478687286377,17.93939208984375,7.172213554382324,1,-1,-1,-1
181,650,278.3178405761719,128.28570556640625,22.46978759765625,8.1783447265625,1,-1,-1,-1
181,651,583.6295776367188,180.1848907470703,13.45086669921875,6.121490478515625,1,-1,-1,-1
201,649,296.45361328125,13.634123802185059,16.394561767578125,9.74596881866455,1,-1,-1,-1
201,650,289.9693298339844,123.43892669677734,22.3741455078125,8.594230651855469,1,-1,-1,-1
201,651,599.4800415039062,182.94715881347656,13.35546875,5.55731201171875,1,-1,-1,-1
221,649,293.2357482910156,45.128665924072266,15.72943115234375,5.009429931640625,1,-1,-1,-1
221,650,313.66326904296875,125.213623046875,23.24017333984375,8.321502685546875,1,-1,-1,-1
221,651,607.3436279296875,184.856689453125,12.26092529296875,5.104461669921875,1,-1,-1,-1
241,649,297.39056396484375,63.882144927978516,15.162322998046875,5.721035003662109,1,-1,-1,-1
241,650,342.9053039550781,128.6567840576172,22.7767333984375,7.581939697265625,1,-1,-1,-1
241,651,608.6392822265625,184.07611083984375,13.72735595703125,5.55462646484375,1,-1,-1,-1
261,649,301.8688659667969,99.79148864746094,15.61798095703125,6.6874237060546875,1,-1,-1,-1
261,650,359.45294189453125,129.4327392578125,22.81005859375,8.10247802734375,1,-1,-1,-1
261,651,608.60498046875,182.82591247558594,13.43603515625,5.4906005859375,1,-1,-1,-1
281,649,304.0154113769531,124.6230239868164,16.437774658203125,6.359504699707031,1,-1,-1,-1
281,650,351.07568359375,130.38095092773438,21.75537109375,8.1669921875,1,-1,-1,-1
281,651,608.6170654296875,182.52001953125,13.419189453125,5.67218017578125,1,-1,-1,-1
301,649,269.1934509277344,121.38209533691406,16.314239501953125,9.516952514648438,1,-1,-1,-1
301,650,330.3404541015625,130.4405975341797,22.859283447265625,8.3990478515625,1,-1,-1,-1
301,651,604.1814575195312,181.72048950195312,13.45733642578125,5.845123291015625,1,-1,-1,-1
321,649,185.84072875976562,114.38126373291016,15.89971923828125,9.484634399414062,1,-1,-1,-1
321,650,295.230224609375,131.6671600341797,22.597503662109375,7.9073486328125,1,-1,-1,-1
321,651,579.1600952148438,178.41549682617188,12.8873291015625,6.430816650390625,1,-1,-1,-1
341,649,204.7081298828125,115.98408508300781,17.390228271484375,8.009201049804688,1,-1,-1,-1
341,650,254.50106811523438,133.64755249023438,23.574798583984375,8.302093505859375,1,-1,-1,-1
341,651,540.260986328125,169.04232788085938,15.56793212890625,5.746063232421875,1,-1,-1,-1
361,649,218.5464324951172,107.48495483398438,16.862411499023438,6.73681640625,1,-1,-1,-1
361,650,211.10311889648438,134.6680145263672,23.952178955078125,8.160186767578125,1,-1,-1,-1
361,651,498.50958251953125,146.62767028808594,13.929443359375,5.56463623046875,1,-1,-1,-1
381,649,221.6964874267578,75.69552612304688,16.136627197265625,6.739654541015625,1,-1,-1,-1
381,650,172.74197387695312,128.67420959472656,24.276885986328125,8.526641845703125,1,-1,-1,-1
381,651,457.41802978515625,153.00677490234375,14.205841064453125,5.146484375,1,-1,-1,-1
401,649,217.62179565429688,119.10956573486328,16.144912719726562,6.679901123046875,1,-1,-1,-1
401,650,153.31759643554688,120.33555603027344,24.709976196289062,9.076889038085938,1,-1,-1,-1
401,651,415.79461669921875,182.6385498046875,14.020599365234375,6.053466796875,1,-1,-1,-1
421,649,214.42666625976562,139.69784545898438,17.511184692382812,6.224273681640625,1,-1,-1,-1
421,650,146.9239959716797,116.65161895751953,25.267242431640625,8.675750732421875,1,-1,-1,-1
421,651,373.2823486328125,223.32138061523438,14.093170166015625,5.920867919921875,1,-1,-1,-1
441,649,214.09324645996094,139.15170288085938,16.881057739257812,9.060028076171875,1,-1,-1,-1
441,650,145.08653259277344,115.07213592529297,26.092849731445312,9.052322387695312,1,-1,-1,-1
441,651,331.6371154785156,250.54356384277344,12.896575927734375,5.12677001953125,1,-1,-1,-1
461,649,216.96998596191406,155.17300415039062,16.266525268554688,5.353363037109375,1,-1,-1,-1
461,650,154.9696807861328,114.74581146240234,25.744354248046875,8.663116455078125,1,-1,-1,-1
461,651,292.4227600097656,246.0225067138672,13.1650390625,4.897552490234375,1,-1,-1,-1
481,649,220.33738708496094,135.80343627929688,15.12890625,6.431427001953125,1,-1,-1,-1
481,650,177.60475158691406,116.71883392333984,24.776046752929688,8.8018798828125,1,-1,-1,-1
481,651,255.12496948242188,243.26934814453125,13.734100341796875,5.400390625,1,-1,-1,-1
501,649,225.36119079589844,71.60758209228516,14.33331298828125,5.9480743408203125,1,-1,-1,-1
501,650,210.33929443359375,119.71846008300781,24.90399169921875,8.879791259765625,1,-1,-1,-1
501,651,223.4210968017578,242.71925354003906,13.326156616210938,6.41131591796875,1,-1,-1,-1
521,649,230.0897216796875,54.06817626953125,13.55120849609375,8.92620849609375,1,-1,-1,-1
521,650,245.67991638183594,121.65293884277344,25.359634399414062,8.9866943359375,1,-1,-1,-1
521,651,197.11822509765625,246.10365295410156,14.378128051757812,6.623809814453125,1,-1,-1,-1
541,649,283.71160888671875,58.49607467651367,15.568267822265625,7.171794891357422,1,-1,-1,-1
541,650,282.8850402832031,123.33675384521484,24.29486083984375,8.433326721191406,1,-1,-1,-1
541,651,179.26382446289062,252.23890686035156,12.51068115234375,6.3366241455078125,1,-1,-1,-1
561,649,339.47113037109375,64.0584716796875,13.52569580078125,8.3426513671875,1,-1,-1,-1
561,650,318.5007629394531,124.5102310180664,24.533477783203125,8.746330261230469,1,-1,-1,-1
561,651,167.3936309814453,260.15087890625,11.622161865234375,6.62017822265625,1,-1,-1,-1
581,649,312.6548767089844,65.53913879394531,14.16546630859375,7.50360107421875,1,-1,-1,-1
581,650,350.816162109375,129.19923400878906,23.748931884765625,8.8197021484375,1,-1,-1,-1
581,651,161.20957946777344,270.13885498046875,10.044525146484375,5.42449951171875,1,-1,-1,-1
601,649,247.39993286132812,64.42694854736328,13.977813720703125,7.8999786376953125,1,-1,-1,-1
601,650,365.2526550292969,140.6757049560547,25.00518798828125,8.597625732421875,1,-1,-1,-1
601,651,159.12538146972656,277.899658203125,9.952560424804688,5.13525390625,1,-1,-1,-1
621,649,238.85206604003906,67.67047119140625,13.461456298828125,8.882049560546875,1,-1,-1,-1
621,650,367.3856201171875,169.40304565429688,24.374267578125,8.620086669921875,1,-1,-1,-1
621,651,160.0695037841797,281.97027587890625,9.192550659179688,4.730224609375,1,-1,-1,-1
641,649,290.3202209472656,73.4542007446289,14.449432373046875,7.829681396484375,1,-1,-1,-1
641,650,363.6959533691406,195.66616821289062,25.422576904296875,7.6475830078125,1,-1,-1,-1
641,651,180.66458129882812,283.2147216796875,9.20135498046875,6.1898193359375,1,-1,-1,-1
661,649,291.8120422363281,75.83622741699219,13.4671630859375,8.382827758789062,1,-1,-1,-1
661,650,357.4538879394531,195.68235778808594,26.33697509765625,8.77679443359375,1,-1,-1,-1
661,651,232.68826293945312,288.5755920410156,9.562026977539062,3.87652587890625,1,-1,-1,-1
681,652,298.05706787109375,293.1063537597656,11.612762451171875,4.84979248046875,1,-1,-1,-1
681,649,222.02621459960938,72.71846771240234,14.4813232421875,7.9796600341796875,1,-1,-1,-1
681,650,348.8511962890625,197.68206787109375,28.083953857421875,8.852020263671875,1,-1,-1,-1
681,651,348.8511962890625,197.68206787109375,28.083953857421875,8.852020263671875,1,-1,-1,-1
701,652,341.9250793457031,198.80575561523438,27.747039794921875,7.927825927734375,1,-1,-1,-1
701,649,186.5801239013672,73.98545837402344,14.169052124023438,6.3712615966796875,1,-1,-1,-1
701,650,341.8612976074219,198.83456420898438,27.965789794921875,7.8204345703125,1,-1,-1,-1
701,651,341.8612976074219,198.83456420898438,27.965789794921875,7.8204345703125,1,-1,-1,-1
721,652,305.4525451660156,199.03457641601562,28.71795654296875,7.605621337890625,1,-1,-1,-1
721,649,184.31698608398438,74.3035659790039,14.16015625,6.1197662353515625,1,-1,-1,-1
721,650,305.3477478027344,199.08563232421875,28.982452392578125,7.481597900390625,1,-1,-1,-1
721,651,305.3477478027344,199.08563232421875,28.982452392578125,7.481597900390625,1,-1,-1,-1
741,652,259.8916015625,196.11050415039062,28.608154296875,8.736785888671875,1,-1,-1,-1
741,649,184.56155395507812,74.37982940673828,14.135665893554688,6.369842529296875,1,-1,-1,-1
741,650,259.88812255859375,196.17938232421875,28.7310791015625,8.642791748046875,1,-1,-1,-1
741,651,259.88812255859375,196.17938232421875,28.7310791015625,8.642791748046875,1,-1,-1,-1
761,652,218.45181274414062,186.37710571289062,27.01129150390625,8.35357666015625,1,-1,-1,-1
761,649,185.60855102539062,75.04351806640625,15.03826904296875,6.084869384765625,1,-1,-1,-1
761,650,218.4517822265625,186.3770751953125,27.011337280273438,8.35357666015625,1,-1,-1,-1
761,651,218.4517822265625,186.37710571289062,27.011337280273438,8.35357666015625,1,-1,-1,-1
781,652,181.50306701660156,177.3956298828125,26.479690551757812,8.210052490234375,1,-1,-1,-1
781,649,187.38548278808594,77.35509490966797,14.276199340820312,5.794769287109375,1,-1,-1,-1
781,650,181.50306701660156,177.3956298828125,26.479690551757812,8.210052490234375,1,-1,-1,-1
781,651,181.50306701660156,177.3956298828125,26.479690551757812,8.210052490234375,1,-1,-1,-1
801,652,152.91448974609375,171.8536376953125,26.355667114257812,9.27618408203125,1,-1,-1,-1
801,649,187.27781677246094,79.35729217529297,14.987258911132812,5.65679931640625,1,-1,-1,-1
801,650,152.91448974609375,171.8536376953125,26.355667114257812,9.27618408203125,1,-1,-1,-1
801,651,152.91448974609375,171.8536376953125,26.355667114257812,9.27618408203125,1,-1,-1,-1
821,652,143.40989685058594,169.74749755859375,25.945358276367188,9.156219482421875,1,-1,-1,-1
821,649,187.9279327392578,81.46964263916016,15.23651123046875,5.599029541015625,1,-1,-1,-1
821,650,143.40989685058594,169.74749755859375,25.945358276367188,9.156219482421875,1,-1,-1,-1
821,651,143.40989685058594,169.74749755859375,25.945358276367188,9.156219482421875,1,-1,-1,-1
841,652,145.05426025390625,167.44082641601562,26.722930908203125,9.132415771484375,1,-1,-1,-1
841,649,187.81985473632812,82.81306457519531,15.165191650390625,5.8909759521484375,1,-1,-1,-1
841,650,145.05426025390625,167.44082641601562,26.722930908203125,9.132415771484375,1,-1,-1,-1
841,651,145.0542755126953,167.44082641601562,26.722915649414062,9.132415771484375,1,-1,-1,-1
861,652,151.37818908691406,170.31500244140625,26.009521484375,9.482635498046875,1,-1,-1,-1
861,649,187.901611328125,83.49571228027344,15.064117431640625,6.0693359375,1,-1,-1,-1
861,650,151.37818908691406,170.31500244140625,26.009521484375,9.482635498046875,1,-1,-1,-1
861,651,151.37818908691406,170.31500244140625,26.009521484375,9.482635498046875,1,-1,-1,-1
881,652,159.17788696289062,185.3170623779297,24.165618896484375,8.504180908203125,1,-1,-1,-1
881,649,208.75338745117188,83.89789581298828,14.766281127929688,6.7747955322265625,1,-1,-1,-1
881,650,159.17788696289062,185.3170623779297,24.165618896484375,8.504180908203125,1,-1,-1,-1
881,651,159.17788696289062,185.3170623779297,24.165618896484375,8.504180908203125,1,-1,-1,-1
901,652,164.10736083984375,202.6254425048828,23.431732177734375,7.403533935546875,1,-1,-1,-1
901,649,246.10032653808594,85.48602294921875,13.894424438476562,7.9779205322265625,1,-1,-1,-1
901,650,164.10736083984375,202.6254425048828,23.431732177734375,7.403533935546875,1,-1,-1,-1
901,651,164.1073455810547,202.6254425048828,23.431777954101562,7.403533935546875,1,-1,-1,-1
921,652,167.81089782714844,218.59156799316406,20.8685302734375,6.3544921875,1,-1,-1,-1
921,649,218.710205078125,82.75507354736328,14.847808837890625,8.741455078125,1,-1,-1,-1
921,650,167.81088256835938,218.59156799316406,20.868560791015625,6.3544921875,1,-1,-1,-1
921,651,167.81089782714844,218.59156799316406,20.8685302734375,6.3544921875,1,-1,-1,-1
941,652,171.1360321044922,228.6066131591797,19.493026733398438,6.327911376953125,1,-1,-1,-1
941,649,156.3036346435547,77.54661560058594,13.967132568359375,9.106292724609375,1,-1,-1,-1
941,650,171.1360321044922,228.6066131591797,19.493026733398438,6.327911376953125,1,-1,-1,-1
941,651,171.1360321044922,228.6066131591797,19.493026733398438,6.327911376953125,1,-1,-1,-1
961,652,176.06594848632812,227.7960662841797,18.851959228515625,6.488128662109375,1,-1,-1,-1
961,649,183.85003662109375,78.37157440185547,15.07843017578125,6.128662109375,1,-1,-1,-1
961,650,176.06594848632812,227.7960662841797,18.851959228515625,6.488128662109375,1,-1,-1,-1
961,651,176.06594848632812,227.7960662841797,18.851959228515625,6.488128662109375,1,-1,-1,-1
981,652,180.51901245117188,221.4406280517578,18.191909790039062,6.175262451171875,1,-1,-1,-1
981,649,219.1250457763672,80.22444152832031,15.508346557617188,6.070098876953125,1,-1,-1,-1
981,650,180.51901245117188,221.4406280517578,18.191909790039062,6.175262451171875,1,-1,-1,-1
981,651,180.51901245117188,221.4406280517578,18.191909790039062,6.175262451171875,1,-1,-1,-1
1001,652,185.67694091796875,215.46360778808594,18.548080444335938,5.51837158203125,1,-1,-1,-1
1001,649,226.4954833984375,81.18324279785156,14.603836059570312,5.4748992919921875,1,-1,-1,-1
1001,650,185.67694091796875,215.46360778808594,18.548080444335938,5.51837158203125,1,-1,-1,-1
1001,651,185.67694091796875,215.46360778808594,18.548080444335938,5.51837158203125,1,-1,-1,-1
1021,652,188.908203125,212.6560516357422,17.93731689453125,5.88006591796875,1,-1,-1,-1
1021,649,227.1673583984375,81.6543960571289,15.2979736328125,5.7618255615234375,1,-1,-1,-1
1021,650,188.908203125,212.6560516357422,17.93731689453125,5.88006591796875,1,-1,-1,-1
1021,651,188.908203125,212.6560516357422,17.93731689453125,5.88006591796875,1,-1,-1,-1
1041,652,199.8829803466797,212.51626586914062,17.501449584960938,6.277587890625,1,-1,-1,-1
1041,649,227.46746826171875,82.18649291992188,14.972488403320312,5.5535125732421875,1,-1,-1,-1
1041,650,199.88299560546875,212.51626586914062,17.501419067382812,6.277587890625,1,-1,-1,-1
1041,651,199.8829803466797,212.5162811279297,17.501449584960938,6.277557373046875,1,-1,-1,-1
1061,652,224.81961059570312,212.81704711914062,18.241226196289062,6.09112548828125,1,-1,-1,-1
1061,649,201.5504150390625,79.32711791992188,14.5172119140625,8.84326171875,1,-1,-1,-1
1061,650,224.819580078125,212.81704711914062,18.241195678710938,6.09112548828125,1,-1,-1,-1
1061,651,224.819580078125,212.81704711914062,18.241195678710938,6.09112548828125,1,-1,-1,-1
1081,653,572.2640380859375,203.55474853515625,9.1346435546875,3.8062744140625,1,-1,-1,-1
1081,652,256.970458984375,214.4949188232422,18.277984619140625,5.812774658203125,1,-1,-1,-1
1081,649,121.83235168457031,74.22691345214844,14.025970458984375,9.996688842773438,1,-1,-1,-1
1081,650,256.970458984375,214.4949188232422,18.277984619140625,5.812774658203125,1,-1,-1,-1
1081,651,256.970458984375,214.4949188232422,18.277984619140625,5.812774658203125,1,-1,-1,-1
1101,653,559.0642700195312,201.4276123046875,9.300048828125,4.30804443359375,1,-1,-1,-1
1101,652,291.821533203125,215.70101928710938,18.49896240234375,5.687774658203125,1,-1,-1,-1
1101,649,124.8841552734375,74.22860717773438,15.6005859375,9.1571044921875,1,-1,-1,-1
1101,650,291.8216247558594,215.70101928710938,18.49896240234375,5.687774658203125,1,-1,-1,-1
1101,651,291.8216247558594,215.70101928710938,18.498992919921875,5.687774658203125,1,-1,-1,-1
1121,653,547.3377075195312,199.70469665527344,9.567138671875,4.56298828125,1,-1,-1,-1
1121,652,327.6907653808594,217.35585021972656,19.1510009765625,5.7105712890625,1,-1,-1,-1
1121,649,164.8982391357422,76.99000549316406,14.864395141601562,6.362548828125,1,-1,-1,-1
1121,650,327.6907653808594,217.35585021972656,19.1510009765625,5.7105712890625,1,-1,-1,-1
1121,651,327.6907653808594,217.35585021972656,19.1510009765625,5.7105712890625,1,-1,-1,-1
1141,653,539.1943359375,198.6446990966797,8.599853515625,5.036651611328125,1,-1,-1,-1
1141,652,361.6756591796875,220.4603729248047,19.120849609375,6.25396728515625,1,-1,-1,-1
1141,649,172.6101531982422,77.29393005371094,14.940902709960938,5.6893310546875,1,-1,-1,-1
1141,650,361.6756591796875,220.4603729248047,19.120849609375,6.25396728515625,1,-1,-1,-1
1141,651,361.6756591796875,220.4603729248047,19.120849609375,6.25396728515625,1,-1,-1,-1
1161,653,537.1763916015625,198.1902618408203,8.74151611328125,4.3792724609375,1,-1,-1,-1
1161,652,392.98651123046875,223.61940002441406,18.39105224609375,6.00604248046875,1,-1,-1,-1
1161,649,174.7376708984375,76.83416748046875,15.075332641601562,5.8178558349609375,1,-1,-1,-1
1161,650,392.98651123046875,223.61940002441406,18.39105224609375,6.00604248046875,1,-1,-1,-1
1161,651,392.98651123046875,223.61940002441406,18.39105224609375,6.00604248046875,1,-1,-1,-1
1181,653,537.0029296875,198.00308227539062,9.213623046875,4.655426025390625,1,-1,-1,-1
1181,652,419.8034973144531,227.64154052734375,16.716552734375,5.363494873046875,1,-1,-1,-1
1181,649,175.26686096191406,75.73204040527344,15.228652954101562,5.8890533447265625,1,-1,-1,-1
1181,650,419.8034973144531,227.64154052734375,16.716552734375,5.363494873046875,1,-1,-1,-1
1181,651,419.8034973144531,227.64154052734375,16.716552734375,5.363494873046875,1,-1,-1,-1
1201,653,535.092041015625,197.7640838623047,8.8753662109375,4.74322509765625,1,-1,-1,-1
1201,652,439.3262023925781,230.9454345703125,12.035675048828125,4.57403564453125,1,-1,-1,-1
1201,649,175.17681884765625,74.08840942382812,14.546966552734375,5.9814910888671875,1,-1,-1,-1
1201,650,439.3262023925781,230.9454345703125,12.035675048828125,4.57403564453125,1,-1,-1,-1
1201,651,439.3262023925781,230.9454345703125,12.035675048828125,4.57403564453125,1,-1,-1,-1
1221,653,530.8741455078125,197.7517852783203,8.74285888671875,3.982940673828125,1,-1,-1,-1
1221,652,441.7620849609375,232.07815551757812,15.285400390625,4.3826904296875,1,-1,-1,-1
1221,649,175.0179443359375,72.54606628417969,14.449310302734375,5.8927764892578125,1,-1,-1,-1
1221,650,441.7620849609375,232.07815551757812,15.285400390625,4.3826904296875,1,-1,-1,-1
1221,651,441.7620849609375,232.07815551757812,15.285400390625,4.3826904296875,1,-1,-1,-1
1241,653,523.36181640625,196.8866729736328,9.49151611328125,4.207305908203125,1,-1,-1,-1
1241,652,437.2290344238281,233.6848602294922,22.4334716796875,5.228851318359375,1,-1,-1,-1
1241,649,174.45639038085938,71.4989242553711,15.385513305664062,5.9826812744140625,1,-1,-1,-1
1241,650,437.2289733886719,233.6848602294922,22.43353271484375,5.228851318359375,1,-1,-1,-1
1241,651,437.2289733886719,233.6848602294922,22.43353271484375,5.228851318359375,1,-1,-1,-1
1261,653,514.8048095703125,196.05943298339844,9.04876708984375,3.920074462890625,1,-1,-1,-1
1261,652,440.8984375,239.0583953857422,10.500732421875,4.405670166015625,1,-1,-1,-1
1261,649,174.3173370361328,69.62459564208984,14.757125854492188,6.3074493408203125,1,-1,-1,-1
1261,650,440.8984375,239.0583953857422,10.500732421875,4.405670166015625,1,-1,-1,-1
1261,651,440.8984375,239.0583953857422,10.500732421875,4.405670166015625,1,-1,-1,-1
1281,653,506.05072021484375,195.04237365722656,9.47674560546875,4.213134765625,1,-1,-1,-1
1281,652,438.77490234375,243.0635223388672,14.5906982421875,4.3558349609375,1,-1,-1,-1
1281,649,174.3838653564453,68.12003326416016,15.01678466796875,6.2683868408203125,1,-1,-1,-1
1281,650,438.77490234375,243.0635223388672,14.5906982421875,4.3558349609375,1,-1,-1,-1
1281,651,438.77490234375,243.0635223388672,14.5906982421875,4.3558349609375,1,-1,-1,-1
1301,653,500.0851745605469,193.49278259277344,7.253570556640625,3.88909912109375,1,-1,-1,-1
1301,652,441.53265380859375,245.0109100341797,18.41217041015625,5.825775146484375,1,-1,-1,-1
1301,649,175.09634399414062,66.7612533569336,14.837188720703125,6.292266845703125,1,-1,-1,-1
1301,650,441.53265380859375,245.0109100341797,18.41217041015625,5.825775146484375,1,-1,-1,-1
1301,651,441.53265380859375,245.0109100341797,18.41217041015625,5.825775146484375,1,-1,-1,-1
1321,653,435.255615234375,248.3880615234375,13.8909912109375,4.1844482421875,1,-1,-1,-1
1321,652,435.255615234375,248.38807678222656,13.8909912109375,4.1844482421875,1,-1,-1,-1
1321,649,174.61160278320312,65.58035278320312,14.979904174804688,6.0043182373046875,1,-1,-1,-1
1321,650,435.255615234375,248.38807678222656,13.8909912109375,4.1844482421875,1,-1,-1,-1
1321,651,435.2555847167969,248.3880615234375,13.891082763671875,4.1844482421875,1,-1,-1,-1
1341,653,419.062744140625,247.3589324951172,16.37493896484375,4.926422119140625,1,-1,-1,-1
1341,652,419.062744140625,247.3589324951172,16.37493896484375,4.926422119140625,1,-1,-1,-1
1341,649,174.4254150390625,65.26566314697266,14.983932495117188,5.9952545166015625,1,-1,-1,-1
1341,650,419.062744140625,247.3589324951172,16.37493896484375,4.926422119140625,1,-1,-1,-1
1341,651,419.062744140625,247.3589324951172,16.37493896484375,4.926422119140625,1,-1,-1,-1
1361,653,400.4631042480469,244.9239501953125,20.895538330078125,5.702239990234375,1,-1,-1,-1
1361,652,400.4631042480469,244.9239501953125,20.895538330078125,5.702239990234375,1,-1,-1,-1
1361,649,177.8121795654297,65.20860290527344,14.757232666015625,6.057037353515625,1,-1,-1,-1
1361,650,400.4631042480469,244.9239501953125,20.895538330078125,5.702239990234375,1,-1,-1,-1
1361,651,400.4631042480469,244.9239501953125,20.895538330078125,5.702239990234375,1,-1,-1,-1
1381,653,378.5119934082031,242.46449279785156,21.37933349609375,5.955718994140625,1,-1,-1,-1
1381,652,378.5119934082031,242.46449279785156,21.37933349609375,5.955718994140625,1,-1,-1,-1
1381,649,186.19920349121094,65.64962768554688,14.710281372070312,6.0153961181640625,1,-1,-1,-1
1381,650,378.5119934082031,242.46449279785156,21.37933349609375,5.955718994140625,1,-1,-1,-1
1381,651,378.5119934082031,242.46449279785156,21.37933349609375,5.955718994140625,1,-1,-1,-1
1401,653,354.962646484375,239.77169799804688,22.4581298828125,6.126617431640625,1,-1,-1,-1
1401,652,354.962646484375,239.77169799804688,22.4581298828125,6.126617431640625,1,-1,-1,-1
1401,649,187.16091918945312,65.41413879394531,15.344192504882812,5.907501220703125,1,-1,-1,-1
1401,650,354.962646484375,239.77169799804688,22.4581298828125,6.126617431640625,1,-1,-1,-1
1401,651,354.962646484375,239.77169799804688,22.4581298828125,6.126617431640625,1,-1,-1,-1
1421,653,331.9975280761719,234.8876190185547,23.425506591796875,5.819366455078125,1,-1,-1,-1
1421,652,331.9975280761719,234.8876190185547,23.425506591796875,5.819366455078125,1,-1,-1,-1
1421,649,183.02659606933594,64.46517944335938,15.37030029296875,6.2516632080078125,1,-1,-1,-1
1421,650,331.9975280761719,234.8876190185547,23.425506591796875,5.819366455078125,1,-1,-1,-1
1421,651,331.9975280761719,234.8876190185547,23.425506591796875,5.819366455078125,1,-1,-1,-1
1441,653,303.96527099609375,230.72979736328125,22.909759521484375,6.678619384765625,1,-1,-1,-1
1441,652,303.96527099609375,230.72979736328125,22.909759521484375,6.678619384765625,1,-1,-1,-1
1441,649,175.87098693847656,63.59678649902344,15.174301147460938,8.385498046875,1,-1,-1,-1
1441,650,303.96527099609375,230.72979736328125,22.909759521484375,6.678619384765625,1,-1,-1,-1
1441,651,303.96527099609375,230.72979736328125,22.909759521484375,6.678619384765625,1,-1,-1,-1
1461,653,271.55859375,224.2306365966797,22.025543212890625,6.6273193359375,1,-1,-1,-1
1461,652,271.55859375,224.2306365966797,22.025543212890625,6.6273193359375,1,-1,-1,-1
1461,649,154.21206665039062,62.98936080932617,14.9512939453125,6.419292449951172,1,-1,-1,-1
1461,650,271.55859375,224.2306365966797,22.025543212890625,6.6273193359375,1,-1,-1,-1
1461,651,271.55859375,224.2306365966797,22.025543212890625,6.6273193359375,1,-1,-1,-1
1481,653,234.80238342285156,214.3015594482422,22.262832641601562,6.8682861328125,1,-1,-1,-1
1481,652,234.8023681640625,214.3015594482422,22.26287841796875,6.8682861328125,1,-1,-1,-1
1481,649,155.19326782226562,63.050682067871094,15.561492919921875,6.3851776123046875,1,-1,-1,-1
1481,650,234.8023681640625,214.3015594482422,22.26287841796875,6.8682861328125,1,-1,-1,-1
1481,651,234.8023681640625,214.3015594482422,22.26287841796875,6.8682861328125,1,-1,-1,-1
1501,654,321.6656799316406,240.81980895996094,9.839019775390625,4.449066162109375,1,-1,-1,-1
1501,653,195.64199829101562,206.22244262695312,23.0023193359375,7.31866455078125,1,-1,-1,-1
1501,652,195.64199829101562,206.22244262695312,23.0023193359375,7.31866455078125,1,-1,-1,-1
1501,649,183.5952911376953,63.49315643310547,14.789016723632812,7.6949310302734375,1,-1,-1,-1
1501,650,195.64199829101562,206.22244262695312,23.0023193359375,7.31866455078125,1,-1,-1,-1
1501,651,195.64199829101562,206.22244262695312,23.0023193359375,7.31866455078125,1,-1,-1,-1
1521,654,297.0921630859375,252.84095764160156,9.5225830078125,3.9272308349609375,1,-1,-1,-1
1521,653,157.4172821044922,200.82437133789062,24.764358520507812,8.04345703125,1,-1,-1,-1
1521,652,157.4172821044922,200.82437133789062,24.764358520507812,8.04345703125,1,-1,-1,-1
1521,649,263.35284423828125,67.60639953613281,14.713470458984375,8.74383544921875,1,-1,-1,-1
1521,650,157.4172821044922,200.82437133789062,24.764358520507812,8.04345703125,1,-1,-1,-1
1521,651,157.4172821044922,200.82437133789062,24.764358520507812,8.04345703125,1,-1,-1,-1
1541,654,272.52740478515625,258.0198669433594,8.7769775390625,3.46990966796875,1,-1,-1,-1
1541,653,129.838623046875,197.68582153320312,24.496368408203125,8.94696044921875,1,-1,-1,-1
1541,652,129.838623046875,197.68582153320312,24.496368408203125,8.94696044921875,1,-1,-1,-1
1541,649,290.744873046875,69.15689086914062,14.330841064453125,7.1074066162109375,1,-1,-1,-1
1541,650,129.838623046875,197.68582153320312,24.496368408203125,8.94696044921875,1,-1,-1,-1
1541,651,129.838623046875,197.68582153320312,24.496368408203125,8.94696044921875,1,-1,-1,-1
1561,654,248.17465209960938,256.3247985839844,9.130401611328125,4.29888916015625,1,-1,-1,-1
1561,653,117.3330078125,202.49493408203125,23.944015502929688,8.27935791015625,1,-1,-1,-1
1561,652,117.3330078125,202.49493408203125,23.944015502929688,8.27935791015625,1,-1,-1,-1
1561,649,259.1022033691406,66.86270904541016,15.016204833984375,6.1023712158203125,1,-1,-1,-1
1561,650,117.3330078125,202.49493408203125,23.944015502929688,8.27935791015625,1,-1,-1,-1
1561,651,117.3330078125,202.49493408203125,23.944015502929688,8.27935791015625,1,-1,-1,-1
1581,654,226.7039794921875,247.9161834716797,8.65411376953125,4.0692138671875,1,-1,-1,-1
1581,653,115.17402648925781,210.10968017578125,22.908767700195312,7.531158447265625,1,-1,-1,-1
1581,652,115.17402648925781,210.10968017578125,22.908767700195312,7.531158447265625,1,-1,-1,-1
1581,649,230.55758666992188,61.63062286376953,13.337295532226562,10.571929931640625,1,-1,-1,-1
1581,650,115.17402648925781,210.10968017578125,22.908767700195312,7.531158447265625,1,-1,-1,-1
1581,651,115.17402648925781,210.10968017578125,22.908767700195312,7.531158447265625,1,-1,-1,-1
1601,654,208.3188018798828,237.93994140625,8.973587036132812,4.773773193359375,1,-1,-1,-1
1601,653,118.1021499633789,220.0181427001953,21.873741149902344,6.65264892578125,1,-1,-1,-1
1601,652,118.1021499633789,220.0181427001953,21.873741149902344,6.65264892578125,1,-1,-1,-1
1601,649,299.624267578125,65.40088653564453,16.6561279296875,9.024002075195312,1,-1,-1,-1
1601,650,118.1021499633789,220.0181427001953,21.873741149902344,6.65264892578125,1,-1,-1,-1
1601,651,118.1021499633789,220.0181427001953,21.873741149902344,6.65264892578125,1,-1,-1,-1
1621,654,192.64732360839844,229.1542510986328,9.415634155273438,5.497833251953125,1,-1,-1,-1
1621,653,124.56452178955078,229.35292053222656,20.092430114746094,6.553955078125,1,-1,-1,-1
1621,652,124.56454467773438,229.35292053222656,20.092391967773438,6.553955078125,1,-1,-1,-1
1621,649,384.6053771972656,70.53202056884766,14.557861328125,8.1195068359375,1,-1,-1,-1
1621,650,124.56452178955078,229.35292053222656,20.092430114746094,6.553955078125,1,-1,-1,-1
1621,651,124.56454467773438,229.35292053222656,20.092391967773438,6.553955078125,1,-1,-1,-1
1641,654,180.82969665527344,221.9744110107422,9.096145629882812,5.0443115234375,1,-1,-1,-1
1641,653,136.0528564453125,238.3155059814453,19.25372314453125,6.21844482421875,1,-1,-1,-1
1641,652,136.0528564453125,238.3155059814453,19.25372314453125,6.21844482421875,1,-1,-1,-1
1641,649,379.5106506347656,67.31685638427734,14.32373046875,8.740020751953125,1,-1,-1,-1
1641,650,136.0528564453125,238.3155059814453,19.25372314453125,6.21844482421875,1,-1,-1,-1
1641,651,136.0528564453125,238.3155059814453,19.25372314453125,6.21844482421875,1,-1,-1,-1
1661,654,170.72105407714844,216.63429260253906,9.197235107421875,4.761016845703125,1,-1,-1,-1
1661,653,152.8774871826172,247.18023681640625,18.489761352539062,5.60638427734375,1,-1,-1,-1
1661,652,152.8774871826172,247.18023681640625,18.489761352539062,5.60638427734375,1,-1,-1,-1
1661,649,320.50048828125,60.8876838684082,15.05487060546875,9.068965911865234,1,-1,-1,-1
1661,650,152.8774871826172,247.18023681640625,18.489761352539062,5.60638427734375,1,-1,-1,-1
1661,651,152.8774871826172,247.18023681640625,18.489761352539062,5.60638427734375,1,-1,-1,-1
1681,654,161.24990844726562,212.7209014892578,8.861236572265625,5.23602294921875,1,-1,-1,-1
1681,653,171.53140258789062,253.97900390625,17.19171142578125,5.56298828125,1,-1,-1,-1
1681,652,171.5313720703125,253.97903442382812,17.191696166992188,5.56298828125,1,-1,-1,-1
1681,649,313.0871887207031,61.38791275024414,14.774322509765625,6.508472442626953,1,-1,-1,-1
1681,650,171.5313720703125,253.97903442382812,17.191696166992188,5.56298828125,1,-1,-1,-1
1681,651,171.5313720703125,253.97903442382812,17.191696166992188,5.56298828125,1,-1,-1,-1
1701,654,152.87570190429688,208.973388671875,9.440216064453125,4.954315185546875,1,-1,-1,-1
1701,653,190.0271453857422,259.0826416015625,15.7879638671875,4.97528076171875,1,-1,-1,-1
1701,652,190.02716064453125,259.0826721191406,15.7879638671875,4.9752197265625,1,-1,-1,-1
1701,649,314.49456787109375,60.59560775756836,15.407958984375,6.590305328369141,1,-1,-1,-1
1701,650,190.02716064453125,259.0826721191406,15.7879638671875,4.9752197265625,1,-1,-1,-1
1701,651,190.0271453857422,259.0826416015625,15.7879638671875,4.97528076171875,1,-1,-1,-1
1721,654,146.1668701171875,203.1930694580078,8.8531494140625,4.38714599609375,1,-1,-1,-1
1721,653,212.28402709960938,262.9739074707031,15.40264892578125,5.65216064453125,1,-1,-1,-1
1721,652,212.28402709960938,262.9739074707031,15.40264892578125,5.65216064453125,1,-1,-1,-1
1721,649,315.99786376953125,61.64615249633789,15.09039306640625,6.149166107177734,1,-1,-1,-1
1721,650,212.28402709960938,262.9739074707031,15.40264892578125,5.65216064453125,1,-1,-1,-1
1721,651,212.28402709960938,262.9739074707031,15.40264892578125,5.65216064453125,1,-1,-1,-1
1741,654,139.42755126953125,198.1781005859375,9.333724975585938,5.578338623046875,1,-1,-1,-1
1741,653,240.72817993164062,265.8446350097656,16.1798095703125,4.99713134765625,1,-1,-1,-1
1741,652,240.72817993164062,265.8446350097656,16.1798095703125,4.99713134765625,1,-1,-1,-1
1741,649,317.01727294921875,63.183998107910156,15.06268310546875,6.39874267578125,1,-1,-1,-1
1741,650,240.72817993164062,265.8446350097656,16.1798095703125,4.99713134765625,1,-1,-1,-1
1741,651,240.72817993164062,265.8446350097656,16.1798095703125,4.99713134765625,1,-1,-1,-1
1761,654,133.4402618408203,210.25267028808594,9.3238525390625,5.567718505859375,1,-1,-1,-1
1761,653,276.0972595214844,267.61602783203125,15.825347900390625,4.7935791015625,1,-1,-1,-1
1761,652,276.0972595214844,267.61602783203125,15.825347900390625,4.7935791015625,1,-1,-1,-1
1761,649,335.2289123535156,64.632568359375,15.457000732421875,6.6149444580078125,1,-1,-1,-1
1761,650,276.0972595214844,267.61602783203125,15.825347900390625,4.7935791015625,1,-1,-1,-1
1761,651,276.0972595214844,267.61602783203125,15.825347900390625,4.7935791015625,1,-1,-1,-1
1781,654,131.70138549804688,229.76365661621094,10.030609130859375,5.7001953125,1,-1,-1,-1
1781,653,302.1987609863281,264.1936950683594,14.3106689453125,4.16900634765625,1,-1,-1,-1
1781,652,302.1987609863281,264.1936950683594,14.3106689453125,4.16900634765625,1,-1,-1,-1
1781,649,362.3118591308594,66.4722671508789,15.68878173828125,6.4540863037109375,1,-1,-1,-1
1781,650,302.1987609863281,264.1936950683594,14.3106689453125,4.16900634765625,1,-1,-1,-1
1781,651,302.1988220214844,264.1936950683594,14.31060791015625,4.16900634765625,1,-1,-1,-1
1801,654,131.13336181640625,252.60572814941406,9.60552978515625,5.2184906005859375,1,-1,-1,-1
1801,653,304.714599609375,256.1316833496094,14.341766357421875,4.859375,1,-1,-1,-1
1801,652,304.714599609375,256.1316833496094,14.341766357421875,4.859375,1,-1,-1,-1
1801,649,368.4194641113281,65.2245864868164,15.735015869140625,5.97186279296875,1,-1,-1,-1
1801,650,304.714599609375,256.1316833496094,14.341766357421875,4.859375,1,-1,-1,-1
1801,651,304.7145690917969,256.1316833496094,14.341796875,4.859375,1,-1,-1,-1
1821,654,130.5305938720703,271.7437438964844,9.05072021484375,5.098876953125,1,-1,-1,-1
1821,653,308.0459289550781,248.4771270751953,14.9285888671875,4.83721923828125,1,-1,-1,-1
1821,652,308.0459289550781,248.4771270751953,14.9285888671875,4.83721923828125,1,-1,-1,-1
1821,649,369.34716796875,63.78022766113281,15.805419921875,6.5521240234375,1,-1,-1,-1
1821,650,308.0459289550781,248.4771270751953,14.9285888671875,4.83721923828125,1,-1,-1,-1
1821,651,308.0459289550781,248.4771270751953,14.9285888671875,4.83721923828125,1,-1,-1,-1
1841,654,130.88870239257812,272.151123046875,9.932708740234375,4.92425537109375,1,-1,-1,-1
1841,653,317.4969482421875,246.19259643554688,15.30584716796875,5.029083251953125,1,-1,-1,-1
1841,652,317.4969482421875,246.19259643554688,15.30584716796875,5.029083251953125,1,-1,-1,-1
1841,649,368.447509765625,63.06928253173828,15.820526123046875,6.50311279296875,1,-1,-1,-1
1841,650,317.4969482421875,246.19259643554688,15.30584716796875,5.029083251953125,1,-1,-1,-1
1841,651,317.4969482421875,246.19259643554688,15.30584716796875,5.029083251953125,1,-1,-1,-1
1861,654,145.45986938476562,272.63983154296875,8.534927368164062,4.5941162109375,1,-1,-1,-1
1861,653,335.3735656738281,243.70101928710938,14.2623291015625,4.7911376953125,1,-1,-1,-1
1861,652,335.3735656738281,243.70101928710938,14.2623291015625,4.7911376953125,1,-1,-1,-1
1861,649,366.04046630859375,61.91320037841797,14.921875,9.207489013671875,1,-1,-1,-1
1861,650,335.3735656738281,243.70101928710938,14.2623291015625,4.7911376953125,1,-1,-1,-1
1861,651,335.3735656738281,243.70101928710938,14.2623291015625,4.7911376953125,1,-1,-1,-1
1881,654,170.98695373535156,272.6372375488281,9.321670532226562,4.481201171875,1,-1,-1,-1
1881,653,355.8943176269531,238.7843475341797,14.651580810546875,4.66680908203125,1,-1,-1,-1
1881,652,355.8943176269531,238.7843475341797,14.651580810546875,4.66680908203125,1,-1,-1,-1
1881,649,302.8428039550781,56.063961029052734,15.552001953125,8.677799224853516,1,-1,-1,-1
1881,650,355.8943176269531,238.7843475341797,14.651580810546875,4.66680908203125,1,-1,-1,-1
1881,651,355.8943176269531,238.7843475341797,14.651580810546875,4.66680908203125,1,-1,-1,-1
1901,654,203.1373291015625,267.3739929199219,9.501678466796875,4.20806884765625,1,-1,-1,-1
1901,653,377.1934814453125,234.35891723632812,14.770904541015625,4.881103515625,1,-1,-1,-1
1901,652,377.1934814453125,234.35890197753906,14.770904541015625,4.881134033203125,1,-1,-1,-1
1901,649,275.825439453125,52.81945037841797,15.802978515625,6.9319915771484375,1,-1,-1,-1
1901,650,377.1934814453125,234.35890197753906,14.770904541015625,4.881134033203125,1,-1,-1,-1
1901,651,377.1934814453125,234.35891723632812,14.770904541015625,4.881103515625,1,-1,-1,-1
1921,654,237.99172973632812,261.5582275390625,9.352005004882812,4.7061767578125,1,-1,-1,-1
1921,653,396.3614501953125,231.93882751464844,14.78143310546875,4.577484130859375,1,-1,-1,-1
1921,652,396.3614501953125,231.93882751464844,14.78143310546875,4.577484130859375,1,-1,-1,-1
1921,649,280.1226806640625,52.237117767333984,15.2994384765625,6.596687316894531,1,-1,-1,-1
1921,650,396.3614501953125,231.93882751464844,14.78143310546875,4.577484130859375,1,-1,-1,-1
1921,651,396.3614501953125,231.93882751464844,14.78143310546875,4.577484130859375,1,-1,-1,-1
1941,654,274.3334655761719,253.73794555664062,9.491363525390625,3.743682861328125,1,-1,-1,-1
1941,653,412.10614013671875,232.4078826904297,15.02630615234375,5.19952392578125,1,-1,-1,-1
1941,652,412.10614013671875,232.4078826904297,15.02630615234375,5.19952392578125,1,-1,-1,-1
1941,649,280.0184631347656,52.226139068603516,15.25970458984375,6.724723815917969,1,-1,-1,-1
1941,650,412.10614013671875,232.4078826904297,15.02630615234375,5.19952392578125,1,-1,-1,-1
1941,651,412.10614013671875,232.4078826904297,15.02630615234375,5.19952392578125,1,-1,-1,-1
1961,654,311.32220458984375,245.2364044189453,9.74090576171875,4.352874755859375,1,-1,-1,-1
1961,653,426.1593933105469,235.189453125,17.277008056640625,6.183837890625,1,-1,-1,-1
1961,652,426.1593933105469,235.189453125,17.277008056640625,6.183837890625,1,-1,-1,-1
1961,649,280.124267578125,53.00852966308594,15.37359619140625,6.5395660400390625,1,-1,-1,-1
1961,650,426.1593933105469,235.189453125,17.277008056640625,6.183837890625,1,-1,-1,-1
1961,651,426.1593933105469,235.189453125,17.277008056640625,6.183837890625,1,-1,-1,-1
1981,654,347.59991455078125,230.70204162597656,9.81268310546875,3.86627197265625,1,-1,-1,-1
1981,653,347.60589599609375,230.68966674804688,9.811553955078125,3.869476318359375,1,-1,-1,-1
1981,652,347.60589599609375,230.68966674804688,9.811553955078125,3.869476318359375,1,-1,-1,-1
1981,649,280.115234375,52.496604919433594,15.014984130859375,6.758186340332031,1,-1,-1,-1
1981,650,347.60589599609375,230.68966674804688,9.811553955078125,3.869476318359375,1,-1,-1,-1
1981,651,347.60589599609375,230.68966674804688,9.811553955078125,3.869476318359375,1,-1,-1,-1
2001,654,381.481689453125,219.9231414794922,9.45452880859375,3.52862548828125,1,-1,-1,-1
2001,653,381.481689453125,219.9231414794922,9.45452880859375,3.52862548828125,1,-1,-1,-1
2001,652,381.481689453125,219.9231414794922,9.45452880859375,3.52862548828125,1,-1,-1,-1
2001,649,280.8409118652344,53.1231689453125,15.385009765625,6.536186218261719,1,-1,-1,-1
2001,650,381.481689453125,219.9231414794922,9.45452880859375,3.52862548828125,1,-1,-1,-1
2001,651,381.481689453125,219.9231414794922,9.45452880859375,3.52862548828125,1,-1,-1,-1
2021,654,414.1437072753906,213.14193725585938,9.613037109375,4.2255859375,1,-1,-1,-1
2021,653,414.1437072753906,213.14193725585938,9.613037109375,4.2255859375,1,-1,-1,-1
2021,652,414.1437072753906,213.14193725585938,9.613037109375,4.2255859375,1,-1,-1,-1
2021,649,281.06719970703125,53.9174690246582,15.662567138671875,6.587150573730469,1,-1,-1,-1
2021,650,414.1437072753906,213.14193725585938,9.613037109375,4.2255859375,1,-1,-1,-1
2021,651,414.1437072753906,213.14193725585938,9.613037109375,4.2255859375,1,-1,-1,-1
2041,655,376.14959716796875,252.54244995117188,13.215484619140625,4.36077880859375,1,-1,-1,-1
2041,654,376.156494140625,252.53367614746094,13.198944091796875,4.3606719970703125,1,-1,-1,-1
2041,653,376.156494140625,252.53367614746094,13.198944091796875,4.3606719970703125,1,-1,-1,-1
2041,652,376.156494140625,252.53367614746094,13.198944091796875,4.3606719970703125,1,-1,-1,-1
2041,649,281.34991455078125,56.40555191040039,15.754791259765625,6.344200134277344,1,-1,-1,-1
2041,650,376.156494140625,252.53367614746094,13.198944091796875,4.3606719970703125,1,-1,-1,-1
2041,651,376.156494140625,252.53367614746094,13.198944091796875,4.3606719970703125,1,-1,-1,-1
2061,655,351.5002746582031,254.24365234375,12.1785888671875,4.38690185546875,1,-1,-1,-1
2061,654,351.5002746582031,254.24365234375,12.1785888671875,4.38690185546875,1,-1,-1,-1
2061,653,351.5003967285156,254.24365234375,12.178558349609375,4.38690185546875,1,-1,-1,-1
2061,652,351.5002746582031,254.24365234375,12.1785888671875,4.38690185546875,1,-1,-1,-1
2061,649,281.7687683105469,60.21747589111328,15.556396484375,6.2682037353515625,1,-1,-1,-1
2061,650,351.5002746582031,254.24365234375,12.1785888671875,4.38690185546875,1,-1,-1,-1
2061,651,351.5002746582031,254.24365234375,12.1785888671875,4.38690185546875,1,-1,-1,-1
2081,655,309.75897216796875,253.7029571533203,12.212921142578125,5.5965423583984375,1,-1,-1,-1
2081,654,309.75897216796875,253.7029571533203,12.212921142578125,5.5965423583984375,1,-1,-1,-1
2081,653,309.75897216796875,253.7029571533203,12.212921142578125,5.5965423583984375,1,-1,-1,-1
2081,652,309.75897216796875,253.7029571533203,12.212921142578125,5.5965423583984375,1,-1,-1,-1
2081,649,282.49896240234375,64.72779846191406,16.4232177734375,6.2965240478515625,1,-1,-1,-1
2081,650,309.75897216796875,253.7029571533203,12.212921142578125,5.5965423583984375,1,-1,-1,-1
2081,651,309.75897216796875,253.7029571533203,12.212921142578125,5.5965423583984375,1,-1,-1,-1
2101,655,294.3001708984375,254.104248046875,12.10382080078125,3.985595703125,1,-1,-1,-1
2101,654,294.3001708984375,254.104248046875,12.10382080078125,3.985595703125,1,-1,-1,-1
2101,653,294.3001403808594,254.104248046875,12.1038818359375,3.985595703125,1,-1,-1,-1
2101,652,294.3001708984375,254.104248046875,12.10382080078125,3.985595703125,1,-1,-1,-1
2101,649,282.14764404296875,67.92058563232422,16.052490234375,6.3142242431640625,1,-1,-1,-1
2101,650,294.3001403808594,254.104248046875,12.1038818359375,3.985595703125,1,-1,-1,-1
2101,651,294.3001403808594,254.104248046875,12.1038818359375,3.985595703125,1,-1,-1,-1
2121,655,286.3516540527344,252.42738342285156,13.21112060546875,4.4619598388671875,1,-1,-1,-1
2121,654,286.3516540527344,252.42738342285156,13.21112060546875,4.4619598388671875,1,-1,-1,-1
2121,653,286.3516540527344,252.42738342285156,13.21112060546875,4.4619598388671875,1,-1,-1,-1
2121,652,286.3516540527344,252.42738342285156,13.21112060546875,4.4619598388671875,1,-1,-1,-1
2121,649,282.2906799316406,69.73099517822266,15.658905029296875,6.3857421875,1,-1,-1,-1
2121,650,286.3516540527344,252.42738342285156,13.21112060546875,4.4619598388671875,1,-1,-1,-1
2121,651,286.3516540527344,252.42738342285156,13.21112060546875,4.4619598388671875,1,-1,-1,-1
