1,820,300.0327453613281,298.3985595703125,23.299591064453125,6.48504638671875,1,-1,-1,-1
1,821,422.61151123046875,185.99403381347656,16.09259033203125,9.030120849609375,1,-1,-1,-1
21,820,300.78253173828125,304.6121826171875,23.247161865234375,6.6458740234375,1,-1,-1,-1
21,821,415.6319580078125,193.6738739013672,16.381439208984375,6.099517822265625,1,-1,-1,-1
41,820,300.27825927734375,307.35205078125,23.45513916015625,6.29638671875,1,-1,-1,-1
41,821,411.32379150390625,195.87547302246094,17.22662353515625,6.47027587890625,1,-1,-1,-1
61,820,307.4089660644531,306.6765441894531,23.462371826171875,6.12713623046875,1,-1,-1,-1
61,821,398.4263610839844,198.0455322265625,16.724029541015625,6.472259521484375,1,-1,-1,-1
81,820,329.6231384277344,301.9411926269531,23.66693115234375,7.28216552734375,1,-1,-1,-1
81,821,384.4901123046875,199.63577270507812,16.59991455078125,6.396331787109375,1,-1,-1,-1
101,820,334.5687255859375,298.5582580566406,23.35791015625,6.4569091796875,1,-1,-1,-1
101,821,370.5035400390625,201.7423553466797,16.616668701171875,6.37408447265625,1,-1,-1,-1
121,820,334.30084228515625,294.85015869140625,23.7735595703125,6.84368896484375,1,-1,-1,-1
121,821,357.3722839355469,204.3695526123047,16.65313720703125,6.312164306640625,1,-1,-1,-1
141,820,331.21044921875,292.4053955078125,24.449310302734375,6.7178955078125,1,-1,-1,-1
141,821,345.1398010253906,205.56503295898438,16.8798828125,6.410308837890625,1,-1,-1,-1
161,820,327.0257263183594,290.9770202636719,23.168853759765625,6.59600830078125,1,-1,-1,-1
161,821,332.73333740234375,205.7248077392578,16.75262451171875,6.728302001953125,1,-1,-1,-1
181,820,325.04620361328125,289.8436279296875,23.653778076171875,6.846435546875,1,-1,-1,-1
181,821,314.1062927246094,209.0899200439453,16.817230224609375,6.59478759765625,1,-1,-1,-1
201,820,329.2248229980469,289.91534423828125,23.42535400390625,6.6787109375,1,-1,-1,-1
201,821,290.25543212890625,214.4024200439453,17.37353515625,6.97857666015625,1,-1,-1,-1
221,820,338.65789794921875,289.475830078125,24.37493896484375,6.82623291015625,1,-1,-1,-1
221,821,271.79364013671875,223.14035034179688,15.8187255859375,5.367523193359375,1,-1,-1,-1
241,820,355.20556640625,288.9194641113281,23.728271484375,6.5396728515625,1,-1,-1,-1
241,821,269.86346435546875,240.548583984375,17.303192138671875,5.898834228515625,1,-1,-1,-1
261,820,376.30322265625,288.443115234375,24.307403564453125,6.193603515625,1,-1,-1,-1
261,821,269.8388977050781,264.47509765625,16.5924072265625,5.703369140625,1,-1,-1,-1
281,820,389.04449462890625,284.38775634765625,24.26397705078125,7.4693603515625,1,-1,-1,-1
281,821,269.46087646484375,284.82720947265625,16.459442138671875,5.738037109375,1,-1,-1,-1
301,820,388.69329833984375,270.04962158203125,24.155670166015625,6.96087646484375,1,-1,-1,-1
301,821,270.20343017578125,306.105224609375,16.65557861328125,5.1756591796875,1,-1,-1,-1
321,820,387.5335998535156,270.5230712890625,24.72442626953125,6.99755859375,1,-1,-1,-1
321,821,273.68450927734375,327.2071533203125,15.50970458984375,5.23394775390625,1,-1,-1,-1
341,820,385.45599365234375,263.5753479003906,23.4871826171875,6.57391357421875,1,-1,-1,-1
341,821,276.8273620605469,348.8760070800781,14.204620361328125,5.50860595703125,1,-1,-1,-1
361,822,346.291015625,378.5231018066406,15.208282470703125,3.94580078125,1,-1,-1,-1
361,820,385.04327392578125,251.48776245117188,23.431610107421875,6.782501220703125,1,-1,-1,-1
361,821,385.0440673828125,251.48828125,23.42926025390625,6.781341552734375,1,-1,-1,-1
381,822,282.7029724121094,373.3336486816406,12.017669677734375,4.271240234375,1,-1,-1,-1
381,820,397.0386962890625,251.52235412597656,23.935546875,6.4355316162109375,1,-1,-1,-1
381,821,397.0386962890625,251.52235412597656,23.935546875,6.4355316162109375,1,-1,-1,-1
401,822,316.83148193359375,369.3782958984375,10.54388427734375,3.14959716796875,1,-1,-1,-1
401,820,425.9424133300781,247.81198120117188,23.0263671875,6.81622314453125,1,-1,-1,-1
401,821,425.9424133300781,247.81198120117188,23.0263671875,6.81622314453125,1,-1,-1,-1
421,822,359.92047119140625,363.91668701171875,15.309814453125,4.10687255859375,1,-1,-1,-1
421,820,460.68426513671875,243.3186798095703,24.02313232421875,7.10955810546875,1,-1,-1,-1
421,821,460.68426513671875,243.3186798095703,24.02313232421875,7.10955810546875,1,-1,-1,-1
441,822,400.7029724121094,357.87713623046875,17.5140380859375,5.5264892578125,1,-1,-1,-1
441,820,497.14459228515625,241.3410186767578,21.65460205078125,6.429351806640625,1,-1,-1,-1
441,821,497.14459228515625,241.3410186767578,21.65460205078125,6.429351806640625,1,-1,-1,-1
461,822,439.5045471191406,353.2872619628906,22.462158203125,4.95794677734375,1,-1,-1,-1
461,820,529.265625,241.6024169921875,23.51751708984375,6.534423828125,1,-1,-1,-1
461,821,529.265625,241.6024169921875,23.51751708984375,6.534423828125,1,-1,-1,-1
481,822,467.9541015625,349.27679443359375,20.1947021484375,5.38092041015625,1,-1,-1,-1
481,820,555.971435546875,257.3175964355469,22.5345458984375,6.73272705078125,1,-1,-1,-1
481,821,555.971435546875,257.3175964355469,22.5345458984375,6.73272705078125,1,-1,-1,-1
501,822,495.3624267578125,347.27520751953125,15.47998046875,4.12896728515625,1,-1,-1,-1
501,820,573.2526245117188,269.66046142578125,18.21075439453125,6.29754638671875,1,-1,-1,-1
501,821,573.2526245117188,269.66046142578125,18.21075439453125,6.29754638671875,1,-1,-1,-1
521,822,515.06640625,344.0433349609375,16.949462890625,4.724609375,1,-1,-1,-1
521,820,582.5067138671875,274.7506408691406,15.08734130859375,6.04327392578125,1,-1,-1,-1
521,821,582.5067138671875,274.7506408691406,15.08734130859375,6.04327392578125,1,-1,-1,-1
541,823,518.0706176757812,177.7000732421875,15.8890380859375,6.35699462890625,1,-1,-1,-1
541,822,536.132568359375,340.2389831542969,14.3057861328125,4.56707763671875,1,-1,-1,-1
541,820,581.951416015625,283.8463134765625,15.1104736328125,4.59112548828125,1,-1,-1,-1
541,821,581.951416015625,283.8463134765625,15.1104736328125,4.59112548828125,1,-1,-1,-1
561,823,509.4268493652344,177.89060974121094,16.504791259765625,6.5596923828125,1,-1,-1,-1
561,822,554.4010620117188,337.4708557128906,17.55096435546875,5.17486572265625,1,-1,-1,-1
561,820,577.306396484375,289.701904296875,16.1632080078125,5.8074951171875,1,-1,-1,-1
561,821,577.306396484375,289.701904296875,16.1632080078125,5.8074951171875,1,-1,-1,-1
581,823,502.0573425292969,177.9048309326172,16.049591064453125,6.908538818359375,1,-1,-1,-1
581,822,577.581787109375,334.9253234863281,15.5665283203125,4.397705078125,1,-1,-1,-1
581,820,554.4464721679688,295.14111328125,21.72100830078125,5.682373046875,1,-1,-1,-1
581,821,554.4464721679688,295.14111328125,21.72100830078125,5.682373046875,1,-1,-1,-1
601,823,493.77801513671875,178.27696228027344,16.507781982421875,6.7222900390625,1,-1,-1,-1
601,822,600.3328857421875,333.172607421875,14.411865234375,4.6728515625,1,-1,-1,-1
601,820,546.0089721679688,296.8796081542969,24.0863037109375,6.40399169921875,1,-1,-1,-1
601,821,546.0089721679688,296.8796081542969,24.0863037109375,6.40399169921875,1,-1,-1,-1
621,823,486.1900634765625,179.0513458251953,15.115142822265625,6.231414794921875,1,-1,-1,-1
621,822,630.6043090820312,329.6969299316406,8.30712890625,3.28118896484375,1,-1,-1,-1
621,820,542.393310546875,297.6474609375,21.77276611328125,7.7099609375,1,-1,-1,-1
621,821,542.393310546875,297.6474609375,21.77276611328125,7.7099609375,1,-1,-1,-1
641,823,479.31219482421875,179.34298706054688,16.36749267578125,6.342041015625,1,-1,-1,-1
641,822,533.6920776367188,301.0818786621094,18.89849853515625,5.8526611328125,1,-1,-1,-1
641,820,533.6920776367188,301.0818786621094,18.89849853515625,5.8526611328125,1,-1,-1,-1
641,821,533.6920776367188,301.0818786621094,18.89849853515625,5.8526611328125,1,-1,-1,-1
661,823,469.81402587890625,179.84230041503906,16.983489990234375,7.102081298828125,1,-1,-1,-1
661,822,517.772216796875,303.96612548828125,20.2381591796875,5.348388671875,1,-1,-1,-1
661,820,517.772216796875,303.96612548828125,20.2381591796875,5.348388671875,1,-1,-1,-1
661,821,517.772216796875,303.96612548828125,20.2381591796875,5.348388671875,1,-1,-1,-1
681,823,461.68670654296875,180.9052734375,15.34552001953125,6.66900634765625,1,-1,-1,-1
681,822,504.2445373535156,307.0400695800781,20.472381591796875,5.9107666015625,1,-1,-1,-1
681,820,504.2445373535156,307.0400695800781,20.472381591796875,5.9107666015625,1,-1,-1,-1
681,821,504.2445373535156,307.0400695800781,20.472381591796875,5.9107666015625,1,-1,-1,-1
701,823,450.16070556640625,181.89364624023438,15.760498046875,6.13336181640625,1,-1,-1,-1
701,822,490.6378173828125,311.8848571777344,19.10186767578125,5.7569580078125,1,-1,-1,-1
701,820,490.6378173828125,311.8848571777344,19.10186767578125,5.7569580078125,1,-1,-1,-1
701,821,490.6378173828125,311.8848571777344,19.10186767578125,5.7569580078125,1,-1,-1,-1
721,823,436.8713684082031,182.47885131835938,15.7171630859375,6.81048583984375,1,-1,-1,-1
721,822,477.3031921386719,314.7317810058594,22.074371337890625,5.97125244140625,1,-1,-1,-1
721,820,477.3031921386719,314.7317810058594,22.074371337890625,5.97125244140625,1,-1,-1,-1
721,821,477.3031921386719,314.7317810058594,22.074371337890625,5.97125244140625,1,-1,-1,-1
741,823,421.24530029296875,183.09246826171875,16.81671142578125,6.825927734375,1,-1,-1,-1
741,822,464.65460205078125,319.5342712402344,20.998321533203125,5.5467529296875,1,-1,-1,-1
741,820,464.65460205078125,319.5342712402344,20.998321533203125,5.5467529296875,1,-1,-1,-1
741,821,464.65460205078125,319.5342712402344,20.998321533203125,5.5467529296875,1,-1,-1,-1
761,823,405.6605529785156,184.0674591064453,16.781768798828125,6.33746337890625,1,-1,-1,-1
761,822,451.2770080566406,320.7789306640625,23.401885986328125,6.0751953125,1,-1,-1,-1
761,820,451.2769775390625,320.7789306640625,23.401947021484375,6.0751953125,1,-1,-1,-1
761,821,451.2769775390625,320.7789306640625,23.401947021484375,6.0751953125,1,-1,-1,-1
781,823,389.16021728515625,184.85679626464844,16.78424072265625,6.341949462890625,1,-1,-1,-1
781,822,437.8779602050781,318.6034851074219,23.363800048828125,5.67022705078125,1,-1,-1,-1
781,820,437.87799072265625,318.6034851074219,23.363739013671875,5.67022705078125,1,-1,-1,-1
781,821,437.87799072265625,318.6034851074219,23.363739013671875,5.67022705078125,1,-1,-1,-1
801,823,371.88787841796875,185.91476440429688,16.897674560546875,6.38922119140625,1,-1,-1,-1
801,822,425.1732177734375,316.6946716308594,23.173919677734375,6.21429443359375,1,-1,-1,-1
801,820,425.1732177734375,316.6946716308594,23.173919677734375,6.21429443359375,1,-1,-1,-1
801,821,425.1732177734375,316.6946716308594,23.173919677734375,6.21429443359375,1,-1,-1,-1
821,824,355.0503234863281,186.95196533203125,16.95501708984375,7.01837158203125,1,-1,-1,-1
821,823,355.01422119140625,186.9718475341797,16.90789794921875,7.02703857421875,1,-1,-1,-1
821,822,412.5914306640625,315.41925048828125,24.3148193359375,6.41766357421875,1,-1,-1,-1
821,820,412.5914306640625,315.41925048828125,24.3148193359375,6.41766357421875,1,-1,-1,-1
821,821,412.5914306640625,315.41925048828125,24.3148193359375,6.41766357421875,1,-1,-1,-1
841,824,336.2342529296875,188.66697692871094,16.57232666015625,6.58807373046875,1,-1,-1,-1
841,823,336.2457275390625,188.66578674316406,16.589508056640625,6.623504638671875,1,-1,-1,-1
841,822,402.6424560546875,313.9757995605469,21.760986328125,5.53729248046875,1,-1,-1,-1
841,820,402.6424560546875,313.9757995605469,21.760986328125,5.53729248046875,1,-1,-1,-1
841,821,402.6424560546875,313.9757995605469,21.760986328125,5.53729248046875,1,-1,-1,-1
861,824,319.57806396484375,190.37063598632812,16.36053466796875,6.239532470703125,1,-1,-1,-1
861,823,319.5762023925781,190.36782836914062,16.37078857421875,6.245391845703125,1,-1,-1,-1
861,822,398.17877197265625,310.69866943359375,21.49200439453125,6.38604736328125,1,-1,-1,-1
861,820,398.17877197265625,310.6986999511719,21.49200439453125,6.385986328125,1,-1,-1,-1
861,821,398.17877197265625,310.69866943359375,21.49200439453125,6.38604736328125,1,-1,-1,-1
881,824,305.1661376953125,191.76837158203125,16.174530029296875,6.396209716796875,1,-1,-1,-1
881,823,305.16619873046875,191.76791381835938,16.175048828125,6.3968505859375,1,-1,-1,-1
881,822,397.2467346191406,309.6186828613281,22.59698486328125,6.65875244140625,1,-1,-1,-1
881,820,397.2467346191406,309.6186828613281,22.59698486328125,6.65875244140625,1,-1,-1,-1
881,821,397.2467346191406,309.6186828613281,22.59698486328125,6.65875244140625,1,-1,-1,-1
901,824,291.034423828125,193.0072021484375,16.83905029296875,6.378448486328125,1,-1,-1,-1
901,823,291.03564453125,193.00540161132812,16.83740234375,6.38189697265625,1,-1,-1,-1
901,822,395.8507080078125,310.9653625488281,23.13232421875,6.71478271484375,1,-1,-1,-1
901,820,395.8507080078125,310.9653625488281,23.13232421875,6.71478271484375,1,-1,-1,-1
901,821,395.8507080078125,310.9653625488281,23.13232421875,6.71478271484375,1,-1,-1,-1
921,824,278.86614990234375,194.13246154785156,15.19549560546875,6.545562744140625,1,-1,-1,-1
921,823,278.8342590332031,194.13040161132812,15.2001953125,6.558013916015625,1,-1,-1,-1
921,822,394.037109375,312.7193298339844,22.7247314453125,6.4903564453125,1,-1,-1,-1
921,820,394.037109375,312.7193298339844,22.7247314453125,6.4903564453125,1,-1,-1,-1
921,821,394.037109375,312.7193298339844,22.7247314453125,6.4903564453125,1,-1,-1,-1
941,824,266.26776123046875,195.29193115234375,15.82562255859375,6.553375244140625,1,-1,-1,-1
941,823,266.2328796386719,195.33108520507812,15.86871337890625,6.507720947265625,1,-1,-1,-1
941,822,392.3503112792969,313.8880310058594,21.968292236328125,6.71728515625,1,-1,-1,-1
941,820,392.3503112792969,313.8880310058594,21.968292236328125,6.71728515625,1,-1,-1,-1
941,821,392.3503112792969,313.8880310058594,21.968292236328125,6.71728515625,1,-1,-1,-1
961,824,255.17279052734375,196.50735473632812,15.82159423828125,6.722686767578125,1,-1,-1,-1
961,823,255.13467407226562,196.5345916748047,15.8580322265625,6.73028564453125,1,-1,-1,-1
961,822,388.5633850097656,314.2502136230469,21.849273681640625,8.8343505859375,1,-1,-1,-1
961,820,388.5633850097656,314.2502136230469,21.849273681640625,8.8343505859375,1,-1,-1,-1
961,821,388.5633850097656,314.2502136230469,21.849273681640625,8.8343505859375,1,-1,-1,-1
981,824,244.3150634765625,197.02418518066406,16.255950927734375,7.054534912109375,1,-1,-1,-1
981,823,244.29580688476562,197.06271362304688,16.22760009765625,7.04351806640625,1,-1,-1,-1
981,822,363.29290771484375,317.19952392578125,22.9970703125,7.01220703125,1,-1,-1,-1
981,820,363.29290771484375,317.19952392578125,22.9970703125,7.01220703125,1,-1,-1,-1
981,821,363.29290771484375,317.19952392578125,22.9970703125,7.01220703125,1,-1,-1,-1
1001,824,236.88926696777344,198.8971405029297,16.672775268554688,6.7139892578125,1,-1,-1,-1
1001,823,236.89385986328125,198.8962860107422,16.686630249023438,6.72265625,1,-1,-1,-1
1001,822,315.9838562011719,321.5125427246094,21.3187255859375,5.9276123046875,1,-1,-1,-1
1001,820,315.9838562011719,321.5125427246094,21.3187255859375,5.9276123046875,1,-1,-1,-1
1001,821,315.9838562011719,321.5125427246094,21.3187255859375,5.9276123046875,1,-1,-1,-1
1021,824,236.60513305664062,203.00550842285156,16.390029907226562,6.67071533203125,1,-1,-1,-1
1021,823,236.60458374023438,203.0323028564453,16.399444580078125,6.668121337890625,1,-1,-1,-1
1021,822,299.53741455078125,320.6026611328125,22.29937744140625,5.97235107421875,1,-1,-1,-1
1021,820,299.53741455078125,320.6026611328125,22.29937744140625,5.97235107421875,1,-1,-1,-1
1021,821,299.53741455078125,320.6026611328125,22.29937744140625,5.97235107421875,1,-1,-1,-1
1041,824,237.99807739257812,206.78164672851562,16.46331787109375,6.290740966796875,1,-1,-1,-1
1041,823,237.9923858642578,206.7893524169922,16.471099853515625,6.293792724609375,1,-1,-1,-1
1041,822,300.5508728027344,318.6900634765625,22.319976806640625,6.54241943359375,1,-1,-1,-1
1041,820,300.5508728027344,318.6900634765625,22.319976806640625,6.54241943359375,1,-1,-1,-1
1041,821,300.5508728027344,318.6900634765625,22.319976806640625,6.54241943359375,1,-1,-1,-1
1061,824,246.01380920410156,206.7890625,16.080703735351562,6.449798583984375,1,-1,-1,-1
1061,823,245.98875427246094,206.80577087402344,16.079940795898438,6.4332275390625,1,-1,-1,-1
1061,822,287.9748229980469,318.69683837890625,21.934844970703125,6.71783447265625,1,-1,-1,-1
1061,820,287.9748229980469,318.69683837890625,21.934844970703125,6.71783447265625,1,-1,-1,-1
1061,821,287.9748229980469,318.69683837890625,21.934844970703125,6.71783447265625,1,-1,-1,-1
1081,824,270.6705017089844,205.20440673828125,16.500030517578125,6.086517333984375,1,-1,-1,-1
1081,823,270.6705322265625,205.20440673828125,16.500030517578125,6.086517333984375,1,-1,-1,-1
1081,822,247.66580200195312,321.2879943847656,22.652252197265625,6.33111572265625,1,-1,-1,-1
1081,820,247.66580200195312,321.2879943847656,22.652252197265625,6.33111572265625,1,-1,-1,-1
1081,821,247.66580200195312,321.2879943847656,22.652252197265625,6.33111572265625,1,-1,-1,-1
1101,824,300.04449462890625,203.1354522705078,16.336944580078125,6.62310791015625,1,-1,-1,-1
1101,823,300.04449462890625,203.1354522705078,16.336944580078125,6.62310791015625,1,-1,-1,-1
1101,822,213.70742797851562,322.66290283203125,20.879135131835938,5.4417724609375,1,-1,-1,-1
1101,820,213.70742797851562,322.66290283203125,20.879135131835938,5.4417724609375,1,-1,-1,-1
1101,821,213.70742797851562,322.66290283203125,20.879135131835938,5.4417724609375,1,-1,-1,-1
1121,824,320.25726318359375,200.77305603027344,16.344451904296875,6.99560546875,1,-1,-1,-1
1121,823,320.25726318359375,200.77305603027344,16.344451904296875,6.99560546875,1,-1,-1,-1
1121,822,206.18215942382812,320.27178955078125,21.347381591796875,6.822265625,1,-1,-1,-1
1121,820,206.18215942382812,320.27178955078125,21.347381591796875,6.822265625,1,-1,-1,-1
1121,821,206.18215942382812,320.27178955078125,21.347381591796875,6.822265625,1,-1,-1,-1
1141,824,321.40594482421875,187.8607635498047,16.4554443359375,6.463104248046875,1,-1,-1,-1
1141,823,321.40594482421875,187.8607635498047,16.4554443359375,6.463104248046875,1,-1,-1,-1
1141,822,197.12582397460938,313.6004943847656,22.653106689453125,9.0982666015625,1,-1,-1,-1
1141,820,197.12582397460938,313.6004943847656,22.653106689453125,9.0982666015625,1,-1,-1,-1
1141,821,197.12582397460938,313.6004943847656,22.653106689453125,9.0982666015625,1,-1,-1,-1
1161,824,319.72393798828125,175.87124633789062,17.142547607421875,6.15655517578125,1,-1,-1,-1
1161,823,319.7239074707031,175.87124633789062,17.142608642578125,6.15655517578125,1,-1,-1,-1
1161,822,170.56320190429688,312.3797912597656,22.600250244140625,6.19415283203125,1,-1,-1,-1
1161,820,170.56320190429688,312.3797912597656,22.600250244140625,6.19415283203125,1,-1,-1,-1
1161,821,170.56320190429688,312.3797912597656,22.600250244140625,6.19415283203125,1,-1,-1,-1
1181,824,324.61846923828125,175.12953186035156,16.71575927734375,6.453887939453125,1,-1,-1,-1
1181,823,324.61846923828125,175.12953186035156,16.71575927734375,6.453887939453125,1,-1,-1,-1
1181,822,155.78810119628906,307.261962890625,23.018798828125,6.289306640625,1,-1,-1,-1
1181,820,155.78810119628906,307.261962890625,23.018798828125,6.289306640625,1,-1,-1,-1
1181,821,155.78810119628906,307.261962890625,23.018798828125,6.289306640625,1,-1,-1,-1
1201,824,336.8478698730469,174.0538330078125,17.2176513671875,6.5032958984375,1,-1,-1,-1
1201,823,336.8478698730469,174.05381774902344,17.2176513671875,6.503326416015625,1,-1,-1,-1
1201,822,167.98382568359375,300.61224365234375,22.29376220703125,6.86767578125,1,-1,-1,-1
1201,820,167.98382568359375,300.61224365234375,22.29376220703125,6.86767578125,1,-1,-1,-1
1201,821,167.98382568359375,300.61224365234375,22.29376220703125,6.86767578125,1,-1,-1,-1
1221,824,346.5179138183594,172.8929901123047,16.8271484375,6.5594482421875,1,-1,-1,-1
1221,823,346.5179138183594,172.89297485351562,16.8271484375,6.5594482421875,1,-1,-1,-1
1221,822,176.93380737304688,302.2951965332031,21.787979125976562,6.40557861328125,1,-1,-1,-1
1221,820,176.93380737304688,302.2951965332031,21.787979125976562,6.40557861328125,1,-1,-1,-1
1221,821,176.93377685546875,302.2951965332031,21.78802490234375,6.40557861328125,1,-1,-1,-1
1241,825,209.28811645507812,389.24542236328125,15.137222290039062,4.531005859375,1,-1,-1,-1
1241,824,358.9402770996094,171.74388122558594,17.008270263671875,6.47259521484375,1,-1,-1,-1
1241,823,358.94012451171875,171.74388122558594,17.00836181640625,6.47259521484375,1,-1,-1,-1
1241,822,179.52818298339844,314.0326843261719,22.402450561523438,6.0347900390625,1,-1,-1,-1
1241,820,179.52818298339844,314.0326843261719,22.402450561523438,6.0347900390625,1,-1,-1,-1
1241,821,179.52818298339844,314.0326843261719,22.402450561523438,6.0347900390625,1,-1,-1,-1
1261,825,232.01113891601562,385.5978088378906,17.173812866210938,6.3365478515625,1,-1,-1,-1
1261,824,371.43939208984375,170.7447052001953,16.707244873046875,6.513397216796875,1,-1,-1,-1
1261,823,371.43939208984375,170.7447052001953,16.707244873046875,6.513397216796875,1,-1,-1,-1
1261,822,187.22312927246094,317.1871643066406,23.031967163085938,6.0069580078125,1,-1,-1,-1
1261,820,187.22312927246094,317.1871643066406,23.031967163085938,6.0069580078125,1,-1,-1,-1
1261,821,187.22312927246094,317.1871643066406,23.031967163085938,6.0069580078125,1,-1,-1,-1
1281,825,266.41217041015625,379.3526916503906,13.72711181640625,4.411376953125,1,-1,-1,-1
1281,824,377.0594482421875,170.11886596679688,16.576385498046875,6.65155029296875,1,-1,-1,-1
1281,823,377.0594482421875,170.11886596679688,16.576385498046875,6.65155029296875,1,-1,-1,-1
1281,822,206.20864868164062,320.8226318359375,22.429656982421875,6.70196533203125,1,-1,-1,-1
1281,820,206.20864868164062,320.8226318359375,22.429656982421875,6.70196533203125,1,-1,-1,-1
1281,821,206.20864868164062,320.8226318359375,22.429656982421875,6.70196533203125,1,-1,-1,-1
1301,826,305.0686950683594,373.9460144042969,10.696746826171875,3.43756103515625,1,-1,-1,-1
1301,825,225.4128875732422,326.5112609863281,22.184982299804688,6.4246826171875,1,-1,-1,-1
1301,824,384.1487121582031,169.75308227539062,16.994720458984375,6.2496337890625,1,-1,-1,-1
1301,823,384.1487121582031,169.75308227539062,16.994720458984375,6.2496337890625,1,-1,-1,-1
1301,822,225.41140747070312,326.5108642578125,22.186782836914062,6.425537109375,1,-1,-1,-1
1301,820,225.41140747070312,326.5108642578125,22.186782836914062,6.425537109375,1,-1,-1,-1
1301,821,225.41140747070312,326.5108642578125,22.186782836914062,6.425537109375,1,-1,-1,-1
1321,826,345.35137939453125,367.0351867675781,15.835418701171875,3.8856201171875,1,-1,-1,-1
1321,825,237.21885681152344,330.9762878417969,22.498062133789062,6.7142333984375,1,-1,-1,-1
1321,824,402.568359375,168.41607666015625,16.6494140625,6.47796630859375,1,-1,-1,-1
1321,823,402.568359375,168.41607666015625,16.6494140625,6.47796630859375,1,-1,-1,-1
1321,822,237.21885681152344,330.9762878417969,22.498062133789062,6.7142333984375,1,-1,-1,-1
1321,820,237.21885681152344,330.9762878417969,22.498062133789062,6.7142333984375,1,-1,-1,-1
1321,821,237.21885681152344,330.9762878417969,22.498062133789062,6.7142333984375,1,-1,-1,-1
1341,826,385.19134521484375,361.3670349121094,17.07000732421875,3.91668701171875,1,-1,-1,-1
1341,825,247.84934997558594,334.02191162109375,25.378738403320312,6.07489013671875,1,-1,-1,-1
1341,824,419.244384765625,166.5020751953125,16.23193359375,7.531494140625,1,-1,-1,-1
1341,823,419.244384765625,166.5020751953125,16.23193359375,7.531494140625,1,-1,-1,-1
1341,822,247.84934997558594,334.02191162109375,25.378738403320312,6.07489013671875,1,-1,-1,-1
1341,820,247.84934997558594,334.02191162109375,25.378738403320312,6.07489013671875,1,-1,-1,-1
1341,821,247.84934997558594,334.02191162109375,25.378738403320312,6.07489013671875,1,-1,-1,-1
1361,826,422.5654296875,356.6291198730469,17.995758056640625,4.3968505859375,1,-1,-1,-1
1361,825,254.78768920898438,335.3649597167969,22.568603515625,7.36737060546875,1,-1,-1,-1
1361,824,425.0860595703125,165.89620971679688,16.413330078125,6.700714111328125,1,-1,-1,-1
1361,823,425.0860595703125,165.89620971679688,16.413330078125,6.700714111328125,1,-1,-1,-1
1361,822,254.78768920898438,335.3649597167969,22.568603515625,7.36737060546875,1,-1,-1,-1
1361,820,254.78768920898438,335.3649597167969,22.568603515625,7.36737060546875,1,-1,-1,-1
1361,821,254.78768920898438,335.3649597167969,22.568603515625,7.36737060546875,1,-1,-1,-1
1381,826,442.5570373535156,354.6395568847656,18.826751708984375,4.8408203125,1,-1,-1,-1
1381,825,258.5660400390625,335.2457580566406,21.55615234375,6.79632568359375,1,-1,-1,-1
1381,824,433.3778076171875,165.1371307373047,15.443023681640625,6.505279541015625,1,-1,-1,-1
1381,823,433.3778076171875,165.1371307373047,15.443023681640625,6.505279541015625,1,-1,-1,-1
1381,822,258.5660400390625,335.2457580566406,21.55615234375,6.79632568359375,1,-1,-1,-1
1381,820,258.5660400390625,335.2457580566406,21.55615234375,6.79632568359375,1,-1,-1,-1
1381,821,258.5660400390625,335.2457580566406,21.55615234375,6.79632568359375,1,-1,-1,-1
1401,826,446.1468811035156,347.27655029296875,14.788604736328125,4.4168701171875,1,-1,-1,-1
1401,825,263.4735107421875,331.2359619140625,21.6197509765625,8.90869140625,1,-1,-1,-1
1401,824,442.1091003417969,164.77322387695312,14.82598876953125,6.148406982421875,1,-1,-1,-1
1401,823,442.1091003417969,164.77322387695312,14.82598876953125,6.148406982421875,1,-1,-1,-1
1401,822,263.4735107421875,331.2359619140625,21.6197509765625,8.90869140625,1,-1,-1,-1
1401,820,263.4734802246094,331.2359619140625,21.61981201171875,8.90869140625,1,-1,-1,-1
1401,821,263.4735107421875,331.2359619140625,21.6197509765625,8.90869140625,1,-1,-1,-1
1421,826,442.9261779785156,330.54974365234375,15.797271728515625,4.81146240234375,1,-1,-1,-1
1421,825,266.3110656738281,326.1413269042969,20.746002197265625,6.58087158203125,1,-1,-1,-1
1421,824,443.0270080566406,165.1448211669922,15.058135986328125,6.368316650390625,1,-1,-1,-1
1421,823,443.02703857421875,165.14480590820312,15.058135986328125,6.36834716796875,1,-1,-1,-1
1421,822,266.3111572265625,326.1413269042969,20.7459716796875,6.58087158203125,1,-1,-1,-1
1421,820,266.3110656738281,326.1413269042969,20.746002197265625,6.58087158203125,1,-1,-1,-1
1421,821,266.3111572265625,326.1413269042969,20.7459716796875,6.58087158203125,1,-1,-1,-1
1441,826,440.3119201660156,313.05718994140625,15.66064453125,5.3721923828125,1,-1,-1,-1
1441,825,266.28131103515625,323.5150451660156,22.234405517578125,6.24029541015625,1,-1,-1,-1
1441,824,442.4905700683594,166.3452911376953,15.011138916015625,6.67352294921875,1,-1,-1,-1
1441,823,442.4905700683594,166.3452911376953,15.011138916015625,6.67352294921875,1,-1,-1,-1
1441,822,266.28131103515625,323.5150451660156,22.234405517578125,6.24029541015625,1,-1,-1,-1
1441,820,266.28131103515625,323.5150451660156,22.234405517578125,6.24029541015625,1,-1,-1,-1
1441,821,266.28131103515625,323.5150451660156,22.234405517578125,6.24029541015625,1,-1,-1,-1
1461,826,438.20208740234375,295.9361267089844,15.763336181640625,5.4342041015625,1,-1,-1,-1
1461,825,266.5820007324219,322.2005920410156,22.338470458984375,6.25946044921875,1,-1,-1,-1
1461,824,442.10650634765625,170.4911346435547,14.35302734375,6.25555419921875,1,-1,-1,-1
1461,823,442.10650634765625,170.4911346435547,14.35302734375,6.25555419921875,1,-1,-1,-1
1461,822,266.5820007324219,322.2005920410156,22.338470458984375,6.25946044921875,1,-1,-1,-1
1461,820,266.5819396972656,322.2005920410156,22.338470458984375,6.25946044921875,1,-1,-1,-1
1461,821,266.5819396972656,322.2005920410156,22.338470458984375,6.25946044921875,1,-1,-1,-1
1481,826,435.2586669921875,279.0511474609375,15.852294921875,5.3138427734375,1,-1,-1,-1
1481,825,266.89923095703125,322.18353271484375,22.1864013671875,6.36309814453125,1,-1,-1,-1
1481,824,441.95166015625,174.00869750976562,15.05426025390625,6.41754150390625,1,-1,-1,-1
1481,823,441.95166015625,174.00869750976562,15.05426025390625,6.41754150390625,1,-1,-1,-1
1481,822,266.89923095703125,322.18353271484375,22.1864013671875,6.36309814453125,1,-1,-1,-1
1481,820,266.8992919921875,322.18353271484375,22.1864013671875,6.36309814453125,1,-1,-1,-1
1481,821,266.89923095703125,322.18353271484375,22.1864013671875,6.36309814453125,1,-1,-1,-1
1501,826,436.5211486816406,265.2546081542969,16.213226318359375,5.82452392578125,1,-1,-1,-1
1501,825,266.2943420410156,321.8050842285156,21.743927001953125,6.00958251953125,1,-1,-1,-1
1501,824,447.9803771972656,173.80923461914062,15.072174072265625,6.423370361328125,1,-1,-1,-1
1501,823,447.9803771972656,173.80921936035156,15.072174072265625,6.42340087890625,1,-1,-1,-1
1501,822,266.2943420410156,321.8050842285156,21.743927001953125,6.00958251953125,1,-1,-1,-1
1501,820,266.2943420410156,321.8050842285156,21.743927001953125,6.00958251953125,1,-1,-1,-1
1501,821,266.2943420410156,321.8050842285156,21.743927001953125,6.00958251953125,1,-1,-1,-1
1521,826,437.08038330078125,258.77325439453125,16.4739990234375,5.77618408203125,1,-1,-1,-1
1521,825,272.4509582519531,320.816162109375,21.513153076171875,5.9461669921875,1,-1,-1,-1
1521,824,466.89471435546875,172.39700317382812,16.35772705078125,7.147705078125,1,-1,-1,-1
1521,823,466.89471435546875,172.39700317382812,16.35772705078125,7.147705078125,1,-1,-1,-1
1521,822,272.4509582519531,320.816162109375,21.513153076171875,5.9461669921875,1,-1,-1,-1
1521,820,272.4509582519531,320.816162109375,21.513153076171875,5.9461669921875,1,-1,-1,-1
1521,821,272.4509582519531,320.816162109375,21.513153076171875,5.9461669921875,1,-1,-1,-1
1541,826,448.28057861328125,260.801513671875,16.115936279296875,5.011962890625,1,-1,-1,-1
1541,825,283.9981384277344,320.2593994140625,22.143768310546875,6.11956787109375,1,-1,-1,-1
1541,824,477.8433837890625,172.5015411376953,16.37567138671875,6.808685302734375,1,-1,-1,-1
1541,823,477.8433837890625,172.5015411376953,16.37567138671875,6.808685302734375,1,-1,-1,-1
1541,822,283.9981689453125,320.2593688964844,22.143707275390625,6.11956787109375,1,-1,-1,-1
1541,820,283.9981384277344,320.2593994140625,22.143768310546875,6.11956787109375,1,-1,-1,-1
1541,821,283.9981384277344,320.2593688964844,22.143768310546875,6.11956787109375,1,-1,-1,-1
1561,826,475.9301452636719,260.82696533203125,16.339630126953125,5.4617919921875,1,-1,-1,-1
1561,825,289.84521484375,321.1888122558594,21.09906005859375,5.9627685546875,1,-1,-1,-1
1561,824,483.0860595703125,173.1400909423828,16.240447998046875,6.884521484375,1,-1,-1,-1
1561,823,483.0860595703125,173.1400909423828,16.240447998046875,6.884521484375,1,-1,-1,-1
1561,822,289.84521484375,321.1888122558594,21.09906005859375,5.9627685546875,1,-1,-1,-1
1561,820,289.84521484375,321.1888122558594,21.09906005859375,5.9627685546875,1,-1,-1,-1
1561,821,289.84515380859375,321.1888122558594,21.09906005859375,5.9627685546875,1,-1,-1,-1
1581,826,498.45635986328125,258.806640625,15.68865966796875,7.20623779296875,1,-1,-1,-1
1581,825,289.6745910644531,319.881591796875,21.404998779296875,5.8115234375,1,-1,-1,-1
1581,824,488.1216125488281,183.08718872070312,15.215972900390625,6.66461181640625,1,-1,-1,-1
1581,823,488.1216125488281,183.08718872070312,15.215972900390625,6.66461181640625,1,-1,-1,-1
1581,822,289.6745910644531,319.881591796875,21.404998779296875,5.8115234375,1,-1,-1,-1
1581,820,289.6745910644531,319.881591796875,21.404998779296875,5.8115234375,1,-1,-1,-1
1581,821,289.6745910644531,319.881591796875,21.404998779296875,5.8115234375,1,-1,-1,-1
1601,826,501.2474365234375,258.8651428222656,15.4051513671875,6.90606689453125,1,-1,-1,-1
1601,825,289.2410888671875,319.6236267089844,21.666412353515625,5.448486328125,1,-1,-1,-1
1601,824,489.615478515625,200.72265625,17.0623779296875,6.978179931640625,1,-1,-1,-1
1601,823,489.615478515625,200.72265625,17.0623779296875,6.978179931640625,1,-1,-1,-1
1601,822,289.2410888671875,319.6236267089844,21.666412353515625,5.448486328125,1,-1,-1,-1
1601,820,289.2410888671875,319.6236267089844,21.666412353515625,5.448486328125,1,-1,-1,-1
1601,821,289.2410888671875,319.6236267089844,21.666412353515625,5.448486328125,1,-1,-1,-1
1621,826,500.46282958984375,262.2956848144531,15.710205078125,5.9254150390625,1,-1,-1,-1
1621,825,296.4419250488281,319.7054443359375,21.35894775390625,5.8851318359375,1,-1,-1,-1
1621,824,488.92279052734375,206.15194702148438,16.75341796875,6.993194580078125,1,-1,-1,-1
1621,823,488.92279052734375,206.15194702148438,16.75341796875,6.993194580078125,1,-1,-1,-1
1621,822,296.4419250488281,319.7054443359375,21.35894775390625,5.8851318359375,1,-1,-1,-1
1621,820,296.4419250488281,319.7054443359375,21.35894775390625,5.8851318359375,1,-1,-1,-1
1621,821,296.4419250488281,319.7054443359375,21.35894775390625,5.8851318359375,1,-1,-1,-1
1641,826,487.3556213378906,266.3117370605469,15.23809814453125,6.63043212890625,1,-1,-1,-1
1641,825,309.0002746582031,320.6201477050781,20.87060546875,6.21258544921875,1,-1,-1,-1
1641,824,489.0658264160156,206.08279418945312,16.69317626953125,6.930023193359375,1,-1,-1,-1
1641,823,489.0658264160156,206.08279418945312,16.69317626953125,6.930023193359375,1,-1,-1,-1
1641,822,309.0002746582031,320.6201477050781,20.87060546875,6.21258544921875,1,-1,-1,-1
1641,820,309.0002746582031,320.6201477050781,20.87060546875,6.21258544921875,1,-1,-1,-1
1641,821,309.0002746582031,320.6201477050781,20.87060546875,6.21258544921875,1,-1,-1,-1
1661,826,452.0794677734375,273.7293395996094,16.041015625,5.53900146484375,1,-1,-1,-1
1661,825,319.3411865234375,322.6944580078125,22.43951416015625,6.31170654296875,1,-1,-1,-1
1661,824,491.0924987792969,205.84754943847656,17.035736083984375,6.9688720703125,1,-1,-1,-1
1661,823,491.0924987792969,205.84754943847656,17.035736083984375,6.9688720703125,1,-1,-1,-1
1661,822,319.3411865234375,322.6944580078125,22.43951416015625,6.31170654296875,1,-1,-1,-1
1661,820,319.3411865234375,322.6944580078125,22.43951416015625,6.31170654296875,1,-1,-1,-1
1661,821,319.3411865234375,322.6944580078125,22.43951416015625,6.31170654296875,1,-1,-1,-1
1681,826,427.2125549316406,275.45330810546875,16.160064697265625,5.53741455078125,1,-1,-1,-1
1681,825,319.31463623046875,324.80413818359375,22.477020263671875,6.624267578125,1,-1,-1,-1
1681,824,499.113525390625,205.5598907470703,16.20074462890625,6.505340576171875,1,-1,-1,-1
1681,823,499.113525390625,205.5598907470703,16.20074462890625,6.505340576171875,1,-1,-1,-1
1681,822,319.31463623046875,324.80413818359375,22.477020263671875,6.624267578125,1,-1,-1,-1
1681,820,319.31463623046875,324.80413818359375,22.477020263671875,6.624267578125,1,-1,-1,-1
1681,821,319.31463623046875,324.80413818359375,22.47698974609375,6.624267578125,1,-1,-1,-1
1701,826,420.5321960449219,254.2555694580078,16.475677490234375,5.4230804443359375,1,-1,-1,-1
1701,825,321.6502685546875,318.9711608886719,22.188568115234375,6.0970458984375,1,-1,-1,-1
1701,824,504.1128845214844,202.533203125,16.446868896484375,7.263946533203125,1,-1,-1,-1
1701,823,504.1128845214844,202.533203125,16.446868896484375,7.263946533203125,1,-1,-1,-1
1701,822,321.6502685546875,318.9711608886719,22.188568115234375,6.0970458984375,1,-1,-1,-1
1701,820,321.6502685546875,318.9711608886719,22.188568115234375,6.0970458984375,1,-1,-1,-1
1701,821,321.6502685546875,318.9711608886719,22.188568115234375,6.0970458984375,1,-1,-1,-1
1721,826,410.51690673828125,255.69589233398438,15.67388916015625,6.47564697265625,1,-1,-1,-1
1721,825,325.8878173828125,312.7591552734375,24.462982177734375,6.020263671875,1,-1,-1,-1
1721,824,502.3818664550781,194.22552490234375,15.893646240234375,6.955841064453125,1,-1,-1,-1
1721,823,502.3818664550781,194.22552490234375,15.893646240234375,6.955841064453125,1,-1,-1,-1
1721,822,325.8878173828125,312.7591552734375,24.462982177734375,6.020263671875,1,-1,-1,-1
1721,820,325.8878173828125,312.7591552734375,24.462982177734375,6.020263671875,1,-1,-1,-1
1721,821,325.8878173828125,312.7591552734375,24.462982177734375,6.020263671875,1,-1,-1,-1
1741,826,391.1956481933594,260.1601867675781,16.4727783203125,5.255615234375,1,-1,-1,-1
1741,825,347.4487609863281,304.5733642578125,24.0399169921875,7.76507568359375,1,-1,-1,-1
1741,824,499.59173583984375,178.82919311523438,16.39483642578125,6.87738037109375,1,-1,-1,-1
1741,823,499.59173583984375,178.82919311523438,16.39483642578125,6.87738037109375,1,-1,-1,-1
1741,822,347.4487609863281,304.5733642578125,24.0399169921875,7.76507568359375,1,-1,-1,-1
1741,820,347.4487609863281,304.5733642578125,24.0399169921875,7.76507568359375,1,-1,-1,-1
1741,821,347.4487609863281,304.5733642578125,24.0399169921875,7.76507568359375,1,-1,-1,-1
1761,826,385.5426330566406,261.8095703125,16.1126708984375,5.4647216796875,1,-1,-1,-1
1761,825,352.08953857421875,299.3282775878906,23.98370361328125,7.267333984375,1,-1,-1,-1
1761,824,497.76190185546875,160.4046630859375,15.72308349609375,7.200714111328125,1,-1,-1,-1
1761,823,497.76190185546875,160.4046630859375,15.72308349609375,7.200714111328125,1,-1,-1,-1
1761,822,352.08953857421875,299.3282775878906,23.98370361328125,7.267333984375,1,-1,-1,-1
1761,820,352.08953857421875,299.3282775878906,23.98370361328125,7.267333984375,1,-1,-1,-1
1761,821,352.08953857421875,299.3282775878906,23.98370361328125,7.267333984375,1,-1,-1,-1
1781,826,380.9137268066406,266.203369140625,16.200347900390625,5.5914306640625,1,-1,-1,-1
1781,825,353.042236328125,293.6107482910156,26.0211181640625,7.05389404296875,1,-1,-1,-1
1781,824,496.8749694824219,155.23428344726562,15.619964599609375,6.612030029296875,1,-1,-1,-1
1781,823,496.8749694824219,155.23428344726562,15.619964599609375,6.612030029296875,1,-1,-1,-1
1781,822,353.042236328125,293.6107482910156,26.0211181640625,7.05389404296875,1,-1,-1,-1
1781,820,353.042236328125,293.6107482910156,26.0211181640625,7.05389404296875,1,-1,-1,-1
1781,821,353.042236328125,293.6107482910156,26.0211181640625,7.05389404296875,1,-1,-1,-1
1801,826,371.0223693847656,270.33123779296875,15.877227783203125,6.2733154296875,1,-1,-1,-1
1801,825,356.8114929199219,288.3752136230469,24.77545166015625,7.63079833984375,1,-1,-1,-1
1801,824,495.52203369140625,154.98507690429688,16.0323486328125,6.88616943359375,1,-1,-1,-1
1801,823,495.52203369140625,154.98507690429688,16.0323486328125,6.88616943359375,1,-1,-1,-1
1801,822,356.8114929199219,288.3752136230469,24.77545166015625,7.63079833984375,1,-1,-1,-1
1801,820,356.8114929199219,288.3752136230469,24.77545166015625,7.63079833984375,1,-1,-1,-1
1801,821,356.8114929199219,288.3752136230469,24.77545166015625,7.63079833984375,1,-1,-1,-1
1821,826,355.367919921875,286.8633728027344,25.25567626953125,6.86090087890625,1,-1,-1,-1
1821,825,355.367919921875,286.8633728027344,25.25567626953125,6.86090087890625,1,-1,-1,-1
1821,824,491.7509765625,155.08013916015625,16.027374267578125,6.70343017578125,1,-1,-1,-1
1821,823,491.7509765625,155.08013916015625,16.027374267578125,6.70343017578125,1,-1,-1,-1
1821,822,355.367919921875,286.8633728027344,25.25567626953125,6.86090087890625,1,-1,-1,-1
1821,820,355.367919921875,286.8633728027344,25.25567626953125,6.86090087890625,1,-1,-1,-1
1821,821,355.367919921875,286.8633728027344,25.25567626953125,6.86090087890625,1,-1,-1,-1
1841,828,302.66009521484375,280.0005187988281,16.51580810546875,4.8958740234375,1,-1,-1,-1
1841,827,302.64599609375,280.0036315917969,16.526824951171875,4.89324951171875,1,-1,-1,-1
1841,826,350.6537170410156,288.42938232421875,24.749847412109375,6.582275390625,1,-1,-1,-1
1841,825,350.6537170410156,288.42938232421875,24.749847412109375,6.582275390625,1,-1,-1,-1
1841,824,487.6289367675781,155.0543670654297,15.671905517578125,6.6180419921875,1,-1,-1,-1
1841,823,487.6289367675781,155.0543670654297,15.671905517578125,6.6180419921875,1,-1,-1,-1
1841,822,350.6537170410156,288.42938232421875,24.749847412109375,6.582275390625,1,-1,-1,-1
1841,820,350.6537170410156,288.42938232421875,24.749847412109375,6.582275390625,1,-1,-1,-1
1841,821,350.6537170410156,288.42938232421875,24.749847412109375,6.582275390625,1,-1,-1,-1
1861,829,284.4540710449219,280.3542785644531,16.827484130859375,5.0501708984375,1,-1,-1,-1
1861,828,284.4540100097656,280.35430908203125,16.8275146484375,5.0501708984375,1,-1,-1,-1
1861,827,284.4540710449219,280.3542785644531,16.827484130859375,5.0501708984375,1,-1,-1,-1
1861,826,347.4659729003906,287.96014404296875,24.716888427734375,6.18768310546875,1,-1,-1,-1
1861,825,347.4659423828125,287.96014404296875,24.716949462890625,6.18768310546875,1,-1,-1,-1
1861,824,486.11553955078125,155.10665893554688,16.172943115234375,6.410400390625,1,-1,-1,-1
1861,823,486.11553955078125,155.10665893554688,16.172943115234375,6.410400390625,1,-1,-1,-1
1861,822,347.4659729003906,287.96014404296875,24.716888427734375,6.18768310546875,1,-1,-1,-1
1861,820,347.4659423828125,287.96014404296875,24.716949462890625,6.18768310546875,1,-1,-1,-1
1861,821,347.4659729003906,287.96014404296875,24.716888427734375,6.18768310546875,1,-1,-1,-1
1881,829,284.9191589355469,284.3826904296875,16.607086181640625,5.42840576171875,1,-1,-1,-1
1881,828,284.9191589355469,284.3826904296875,16.607086181640625,5.42840576171875,1,-1,-1,-1
1881,827,284.9191589355469,284.3826904296875,16.607086181640625,5.42840576171875,1,-1,-1,-1
1881,826,354.0796203613281,287.4090270996094,25.16900634765625,7.027099609375,1,-1,-1,-1
1881,825,354.0796203613281,287.4090270996094,25.16900634765625,7.027099609375,1,-1,-1,-1
1881,824,486.4094543457031,154.4973602294922,16.084075927734375,6.377960205078125,1,-1,-1,-1
1881,823,486.4094543457031,154.4973602294922,16.084075927734375,6.377960205078125,1,-1,-1,-1
1881,822,354.0796203613281,287.4090270996094,25.16900634765625,7.027099609375,1,-1,-1,-1
1881,820,354.0796203613281,287.4090270996094,25.16900634765625,7.027099609375,1,-1,-1,-1
1881,821,354.0796203613281,287.4090270996094,25.16900634765625,7.027099609375,1,-1,-1,-1
1901,830,288.0026550292969,300.2171325683594,15.46435546875,5.53564453125,1,-1,-1,-1
1901,829,288.0026550292969,300.2171325683594,15.46435546875,5.53564453125,1,-1,-1,-1
1901,828,288.0026550292969,300.2171325683594,15.46435546875,5.53564453125,1,-1,-1,-1
1901,827,288.0026550292969,300.2171325683594,15.46435546875,5.53564453125,1,-1,-1,-1
1901,826,355.46026611328125,288.46856689453125,25.10955810546875,6.9326171875,1,-1,-1,-1
1901,825,355.46026611328125,288.46856689453125,25.10955810546875,6.9326171875,1,-1,-1,-1
1901,824,488.5444641113281,164.07717895507812,14.25750732421875,6.730804443359375,1,-1,-1,-1
1901,823,488.5444641113281,164.07717895507812,14.25750732421875,6.730804443359375,1,-1,-1,-1
1901,822,355.46026611328125,288.46856689453125,25.10955810546875,6.9326171875,1,-1,-1,-1
1901,820,355.46026611328125,288.46856689453125,25.10955810546875,6.9326171875,1,-1,-1,-1
1901,821,355.46026611328125,288.46856689453125,25.10955810546875,6.9326171875,1,-1,-1,-1
1921,830,289.1531066894531,319.577392578125,15.441558837890625,4.70916748046875,1,-1,-1,-1
1921,829,289.1531066894531,319.577392578125,15.441558837890625,4.70916748046875,1,-1,-1,-1
1921,828,289.1531066894531,319.577392578125,15.441558837890625,4.70916748046875,1,-1,-1,-1
1921,827,289.1531066894531,319.577392578125,15.441558837890625,4.70916748046875,1,-1,-1,-1
1921,826,355.8099670410156,290.46771240234375,25.711456298828125,7.0970458984375,1,-1,-1,-1
1921,825,355.8099670410156,290.46771240234375,25.711456298828125,7.0970458984375,1,-1,-1,-1
1921,824,489.3672180175781,174.52137756347656,15.641082763671875,6.325775146484375,1,-1,-1,-1
1921,823,489.3672180175781,174.52137756347656,15.641082763671875,6.325775146484375,1,-1,-1,-1
1921,822,355.8099670410156,290.46771240234375,25.711456298828125,7.0970458984375,1,-1,-1,-1
1921,820,355.8099670410156,290.46771240234375,25.711456298828125,7.0970458984375,1,-1,-1,-1
1921,821,355.8099670410156,290.46771240234375,25.711456298828125,7.0970458984375,1,-1,-1,-1
1941,830,290.6015625,338.5521240234375,15.9986572265625,4.66595458984375,1,-1,-1,-1
1941,829,290.6015625,338.5520935058594,15.9986572265625,4.666015625,1,-1,-1,-1
1941,828,290.6015625,338.5520935058594,15.9986572265625,4.666015625,1,-1,-1,-1
1941,827,290.6015625,338.5521240234375,15.9986572265625,4.66595458984375,1,-1,-1,-1
1941,826,360.3805236816406,290.9065856933594,25.989990234375,7.353271484375,1,-1,-1,-1
1941,825,360.3805236816406,290.9065856933594,25.989990234375,7.353271484375,1,-1,-1,-1
1941,824,486.0823059082031,174.18870544433594,15.911163330078125,6.592254638671875,1,-1,-1,-1
1941,823,486.0823059082031,174.18870544433594,15.911163330078125,6.592254638671875,1,-1,-1,-1
1941,822,360.3805236816406,290.9065856933594,25.989990234375,7.353271484375,1,-1,-1,-1
1941,820,360.3805236816406,290.9065856933594,25.989990234375,7.353271484375,1,-1,-1,-1
1941,821,360.3805236816406,290.9065856933594,25.989990234375,7.353271484375,1,-1,-1,-1
1961,830,293.08172607421875,357.7093200683594,15.411651611328125,4.22027587890625,1,-1,-1,-1
1961,829,293.0817565917969,357.7093200683594,15.41162109375,4.22027587890625,1,-1,-1,-1
1961,828,293.081787109375,357.7093200683594,15.41162109375,4.22021484375,1,-1,-1,-1
1961,827,293.08172607421875,357.7093200683594,15.411651611328125,4.22027587890625,1,-1,-1,-1
1961,826,366.3616943359375,289.5823059082031,25.6435546875,7.54638671875,1,-1,-1,-1
1961,825,366.3616943359375,289.5823059082031,25.6435546875,7.54638671875,1,-1,-1,-1
1961,824,481.5093688964844,174.18515014648438,15.65435791015625,6.529693603515625,1,-1,-1,-1
1961,823,481.5093688964844,174.18515014648438,15.65435791015625,6.529693603515625,1,-1,-1,-1
1961,822,366.3616943359375,289.5823059082031,25.6435546875,7.54638671875,1,-1,-1,-1
1961,820,366.3616943359375,289.5823059082031,25.6435546875,7.54638671875,1,-1,-1,-1
1961,821,366.3616943359375,289.5823059082031,25.6435546875,7.54638671875,1,-1,-1,-1
1981,830,295.0779724121094,366.0635986328125,15.702362060546875,4.87713623046875,1,-1,-1,-1
1981,829,295.0779724121094,366.0635986328125,15.702362060546875,4.87713623046875,1,-1,-1,-1
1981,828,295.0779724121094,366.0635986328125,15.702362060546875,4.87713623046875,1,-1,-1,-1
1981,827,295.0779724121094,366.0635986328125,15.702362060546875,4.87713623046875,1,-1,-1,-1
1981,826,366.5665283203125,289.9796142578125,24.8077392578125,7.33160400390625,1,-1,-1,-1
1981,825,366.5665283203125,289.9796142578125,24.8077392578125,7.33160400390625,1,-1,-1,-1
1981,824,474.33184814453125,174.99085998535156,16.1083984375,6.299224853515625,1,-1,-1,-1
1981,823,474.33184814453125,174.99085998535156,16.1083984375,6.299224853515625,1,-1,-1,-1
1981,822,366.5665283203125,289.9796142578125,24.8077392578125,7.33160400390625,1,-1,-1,-1
1981,820,366.5665283203125,289.9796142578125,24.8077392578125,7.33160400390625,1,-1,-1,-1
1981,821,366.5665283203125,289.9796142578125,24.8077392578125,7.33160400390625,1,-1,-1,-1
2001,830,281.04974365234375,363.87615966796875,16.9893798828125,6.2647705078125,1,-1,-1,-1
2001,829,281.04974365234375,363.87615966796875,16.9893798828125,6.2647705078125,1,-1,-1,-1
2001,828,281.04974365234375,363.87615966796875,16.9893798828125,6.2647705078125,1,-1,-1,-1
2001,827,281.04974365234375,363.87615966796875,16.9893798828125,6.2647705078125,1,-1,-1,-1
2001,826,365.43927001953125,292.3869934082031,26.15203857421875,6.46337890625,1,-1,-1,-1
2001,825,365.43927001953125,292.3869934082031,26.15203857421875,6.46337890625,1,-1,-1,-1
2001,824,469.16607666015625,175.49061584472656,16.9525146484375,6.467315673828125,1,-1,-1,-1
2001,823,469.16607666015625,175.49061584472656,16.9525146484375,6.467315673828125,1,-1,-1,-1
2001,822,365.43927001953125,292.3869934082031,26.15203857421875,6.46337890625,1,-1,-1,-1
2001,820,365.43927001953125,292.3869934082031,26.15203857421875,6.46337890625,1,-1,-1,-1
2001,821,365.43927001953125,292.3869934082031,26.15203857421875,6.46337890625,1,-1,-1,-1
2021,830,239.90750122070312,365.1731872558594,13.4027099609375,4.77947998046875,1,-1,-1,-1
2021,829,239.907470703125,365.1731872558594,13.402755737304688,4.77947998046875,1,-1,-1,-1
2021,828,239.907470703125,365.1731872558594,13.402755737304688,4.77947998046875,1,-1,-1,-1
2021,827,239.907470703125,365.1731872558594,13.402755737304688,4.77947998046875,1,-1,-1,-1
2021,826,365.2453918457031,294.3749084472656,25.015411376953125,7.0084228515625,1,-1,-1,-1
2021,825,365.2453918457031,294.3749084472656,25.015411376953125,7.0084228515625,1,-1,-1,-1
2021,824,468.62841796875,171.04757690429688,16.63140869140625,6.997161865234375,1,-1,-1,-1
2021,823,468.62841796875,171.04757690429688,16.63140869140625,6.997161865234375,1,-1,-1,-1
2021,822,365.2453918457031,294.3749084472656,25.015411376953125,7.0084228515625,1,-1,-1,-1
2021,820,365.2453918457031,294.3749084472656,25.015411376953125,7.0084228515625,1,-1,-1,-1
2021,821,365.2453918457031,294.3749084472656,25.015411376953125,7.0084228515625,1,-1,-1,-1
2041,830,210.35214233398438,363.43621826171875,16.571533203125,4.8631591796875,1,-1,-1,-1
2041,829,210.35214233398438,363.43621826171875,16.571533203125,4.8631591796875,1,-1,-1,-1
2041,828,210.35214233398438,363.43621826171875,16.571533203125,4.8631591796875,1,-1,-1,-1
2041,827,210.35214233398438,363.43621826171875,16.571533203125,4.8631591796875,1,-1,-1,-1
2041,826,364.1161804199219,294.2624816894531,25.522918701171875,7.1868896484375,1,-1,-1,-1
2041,825,364.1161804199219,294.2624816894531,25.522918701171875,7.1868896484375,1,-1,-1,-1
2041,824,469.1944580078125,168.19110107421875,16.26226806640625,6.54095458984375,1,-1,-1,-1
2041,823,469.1944580078125,168.19110107421875,16.26226806640625,6.54095458984375,1,-1,-1,-1
2041,822,364.1161804199219,294.2624816894531,25.522918701171875,7.1868896484375,1,-1,-1,-1
2041,820,364.11614990234375,294.2624816894531,25.522979736328125,7.1868896484375,1,-1,-1,-1
2041,821,364.11614990234375,294.2624816894531,25.522979736328125,7.1868896484375,1,-1,-1,-1
2061,830,208.53990173339844,351.6044006347656,15.549285888671875,4.445068359375,1,-1,-1,-1
2061,829,208.53990173339844,351.6044006347656,15.549285888671875,4.445068359375,1,-1,-1,-1
2061,828,208.53990173339844,351.6044006347656,15.549285888671875,4.445068359375,1,-1,-1,-1
2061,827,208.53990173339844,351.6043701171875,15.549285888671875,4.44512939453125,1,-1,-1,-1
2061,826,363.0772705078125,293.07928466796875,25.13153076171875,6.78704833984375,1,-1,-1,-1
2061,825,363.0772705078125,293.07928466796875,25.13153076171875,6.78704833984375,1,-1,-1,-1
2061,824,468.05078125,167.847900390625,15.947265625,6.7623291015625,1,-1,-1,-1
2061,823,468.05078125,167.847900390625,15.947265625,6.7623291015625,1,-1,-1,-1
2061,822,363.0772705078125,293.07928466796875,25.13153076171875,6.78704833984375,1,-1,-1,-1
2061,820,363.0772705078125,293.07928466796875,25.13153076171875,6.78704833984375,1,-1,-1,-1
2061,821,363.0772705078125,293.07928466796875,25.13153076171875,6.78704833984375,1,-1,-1,-1
2081,831,208.83370971679688,330.8665466308594,15.306594848632812,4.8912353515625,1,-1,-1,-1
2081,830,363.7232971191406,291.5545654296875,25.007537841796875,6.8299560546875,1,-1,-1,-1
2081,829,363.7232971191406,291.5545654296875,25.007537841796875,6.8299560546875,1,-1,-1,-1
2081,828,363.7232971191406,291.5545654296875,25.007537841796875,6.8299560546875,1,-1,-1,-1
2081,827,363.7232971191406,291.5545654296875,25.007537841796875,6.8299560546875,1,-1,-1,-1
2081,826,363.68524169921875,291.54705810546875,25.08062744140625,6.843017578125,1,-1,-1,-1
2081,825,363.68524169921875,291.54705810546875,25.08062744140625,6.843017578125,1,-1,-1,-1
2081,824,459.1888122558594,167.87863159179688,16.511688232421875,7.13323974609375,1,-1,-1,-1
2081,823,459.1888122558594,167.87863159179688,16.511688232421875,7.13323974609375,1,-1,-1,-1
2081,822,363.68524169921875,291.54705810546875,25.08062744140625,6.843017578125,1,-1,-1,-1
2081,820,363.6851806640625,291.54705810546875,25.080718994140625,6.843017578125,1,-1,-1,-1
2081,821,363.6851806640625,291.54705810546875,25.080718994140625,6.843017578125,1,-1,-1,-1
2101,831,206.92588806152344,310.09527587890625,16.496810913085938,5.65875244140625,1,-1,-1,-1
2101,830,372.98046875,288.524169921875,26.145233154296875,8.10638427734375,1,-1,-1,-1
2101,829,372.98046875,288.524169921875,26.145233154296875,8.10638427734375,1,-1,-1,-1
2101,828,372.98040771484375,288.524169921875,26.14532470703125,8.10638427734375,1,-1,-1,-1
2101,827,372.98040771484375,288.524169921875,26.14532470703125,8.10638427734375,1,-1,-1,-1
2101,826,372.98040771484375,288.52410888671875,26.14556884765625,8.1065673828125,1,-1,-1,-1
2101,825,372.98040771484375,288.52410888671875,26.14556884765625,8.1065673828125,1,-1,-1,-1
2101,824,445.208984375,169.8348388671875,15.474761962890625,6.01727294921875,1,-1,-1,-1
2101,823,445.208984375,169.8348388671875,15.474761962890625,6.01727294921875,1,-1,-1,-1
2101,822,372.98040771484375,288.52410888671875,26.14556884765625,8.1065673828125,1,-1,-1,-1
2101,820,372.98040771484375,288.52410888671875,26.14556884765625,8.1065673828125,1,-1,-1,-1
2101,821,372.98040771484375,288.52410888671875,26.14556884765625,8.1065673828125,1,-1,-1,-1
2121,833,207.0928192138672,288.910888671875,16.428756713867188,7.52197265625,1,-1,-1,-1
2121,832,207.13319396972656,288.89508056640625,16.40728759765625,7.50823974609375,1,-1,-1,-1
2121,831,207.18115234375,288.8583679199219,16.365814208984375,7.496337890625,1,-1,-1,-1
2121,830,379.29827880859375,287.70477294921875,25.151763916015625,6.33453369140625,1,-1,-1,-1
2121,829,379.29827880859375,287.70477294921875,25.151763916015625,6.33453369140625,1,-1,-1,-1
2121,828,379.29827880859375,287.70477294921875,25.151763916015625,6.33453369140625,1,-1,-1,-1
2121,827,379.29827880859375,287.70477294921875,25.151763916015625,6.33453369140625,1,-1,-1,-1
2121,826,379.29827880859375,287.70477294921875,25.151763916015625,6.33453369140625,1,-1,-1,-1
2121,825,379.29827880859375,287.70477294921875,25.151763916015625,6.33453369140625,1,-1,-1,-1
2121,824,428.43963623046875,170.5703887939453,16.94976806640625,6.55908203125,1,-1,-1,-1
2121,823,428.43963623046875,170.5704345703125,16.94976806640625,6.559051513671875,1,-1,-1,-1
2121,822,379.29827880859375,287.70477294921875,25.151763916015625,6.33453369140625,1,-1,-1,-1
2121,820,379.29827880859375,287.70477294921875,25.151763916015625,6.33453369140625,1,-1,-1,-1
2121,821,379.29827880859375,287.70477294921875,25.151763916015625,6.33453369140625,1,-1,-1,-1
2141,834,205.7137451171875,282.9416809082031,16.958740234375,6.81396484375,1,-1,-1,-1
2141,833,205.79351806640625,282.945068359375,16.802169799804688,6.81414794921875,1,-1,-1,-1
2141,832,205.7935333251953,282.94500732421875,16.802139282226562,6.81414794921875,1,-1,-1,-1
2141,831,205.7935333251953,282.94500732421875,16.802139282226562,6.81414794921875,1,-1,-1,-1
2141,830,381.8720703125,285.9375,25.36322021484375,7.2186279296875,1,-1,-1,-1
2141,829,381.8720703125,285.9375,25.36322021484375,7.2186279296875,1,-1,-1,-1
2141,828,381.8720703125,285.9375,25.36322021484375,7.2186279296875,1,-1,-1,-1
2141,827,381.8720703125,285.9375,25.36322021484375,7.2186279296875,1,-1,-1,-1
2141,826,381.8720703125,285.9375,25.36322021484375,7.2186279296875,1,-1,-1,-1
2141,825,381.8720703125,285.9375,25.36322021484375,7.2186279296875,1,-1,-1,-1
2141,824,417.375,171.69520568847656,16.39862060546875,6.339874267578125,1,-1,-1,-1
2141,823,417.375,171.69520568847656,16.39862060546875,6.339874267578125,1,-1,-1,-1
2141,822,381.8720703125,285.9375,25.36322021484375,7.2186279296875,1,-1,-1,-1
2141,820,381.8720703125,285.9375,25.36322021484375,7.2186279296875,1,-1,-1,-1
2141,821,381.8720703125,285.9375,25.36322021484375,7.2186279296875,1,-1,-1,-1
