1,957,544.8642578125,350.6864013671875,15.05523681640625,5.74774169921875,1,-1,-1,-1
1,958,139.6789093017578,204.85162353515625,26.230300903320312,9.4500732421875,1,-1,-1,-1
21,957,536.7474975585938,352.1784362792969,13.58343505859375,4.63818359375,1,-1,-1,-1
21,958,137.1957550048828,179.23446655273438,26.991775512695312,9.995758056640625,1,-1,-1,-1
41,957,527.4168090820312,347.33355712890625,14.11480712890625,4.9144287109375,1,-1,-1,-1
41,958,135.77294921875,161.95310974121094,27.116912841796875,10.37921142578125,1,-1,-1,-1
61,957,525.5502319335938,344.6837463378906,13.84735107421875,4.73846435546875,1,-1,-1,-1
61,958,143.3607177734375,161.15524291992188,27.768051147460938,11.213836669921875,1,-1,-1,-1
81,957,521.9034423828125,346.4060974121094,16.00750732421875,4.8189697265625,1,-1,-1,-1
81,958,172.13853454589844,162.6231689453125,27.899017333984375,9.94610595703125,1,-1,-1,-1
101,957,514.6104736328125,348.4623718261719,14.9547119140625,4.88568115234375,1,-1,-1,-1
101,958,205.42428588867188,163.73931884765625,27.868576049804688,9.456085205078125,1,-1,-1,-1
121,957,506.8719482421875,350.0306091308594,13.66302490234375,4.54510498046875,1,-1,-1,-1
121,958,231.7908477783203,164.33778381347656,27.552658081054688,9.457275390625,1,-1,-1,-1
141,957,498.74908447265625,351.3030090332031,16.02899169921875,4.69482421875,1,-1,-1,-1
141,958,253.07432556152344,167.30953979492188,26.768020629882812,9.4173583984375,1,-1,-1,-1
161,957,493.6837158203125,349.60357666015625,14.40106201171875,4.66656494140625,1,-1,-1,-1
161,958,258.2637023925781,196.9801483154297,27.1141357421875,9.06524658203125,1,-1,-1,-1
181,957,490.1534729003906,348.5892028808594,15.261138916015625,5.04107666015625,1,-1,-1,-1
181,958,256.3876953125,218.33387756347656,27.48968505859375,8.540283203125,1,-1,-1,-1
201,957,487.00177001953125,349.781494140625,14.3973388671875,4.5921630859375,1,-1,-1,-1
201,958,257.9132385253906,225.5108184814453,26.48663330078125,8.585235595703125,1,-1,-1,-1
221,957,475.55047607421875,351.2109680175781,15.57806396484375,5.074951171875,1,-1,-1,-1
221,958,268.10772705078125,225.2139434814453,27.17987060546875,8.637115478515625,1,-1,-1,-1
241,957,469.0512390136719,352.6481018066406,12.6070556640625,4.66839599609375,1,-1,-1,-1
241,958,288.44586181640625,225.74522399902344,27.404937744140625,8.57366943359375,1,-1,-1,-1
261,957,458.14984130859375,354.49542236328125,14.484466552734375,4.31982421875,1,-1,-1,-1
261,958,310.4732360839844,226.809326171875,27.455413818359375,8.467742919921875,1,-1,-1,-1
281,957,446.97265625,355.44342041015625,14.03955078125,4.2392578125,1,-1,-1,-1
281,958,328.218994140625,237.66648864746094,27.517852783203125,8.629913330078125,1,-1,-1,-1
301,957,438.27655029296875,356.8473815917969,13.88299560546875,4.614013671875,1,-1,-1,-1
301,958,331.8277587890625,255.2790985107422,26.72174072265625,7.6104888916015625,1,-1,-1,-1
321,957,434.2952880859375,354.2591247558594,13.19281005859375,4.6478271484375,1,-1,-1,-1
321,958,332.3446044921875,253.06907653808594,26.66595458984375,8.504592895507812,1,-1,-1,-1
341,957,444.44805908203125,350.5486755371094,12.65106201171875,4.5369873046875,1,-1,-1,-1
341,958,352.612060546875,251.76222229003906,26.07958984375,8.089492797851562,1,-1,-1,-1
361,957,444.482177734375,326.4406433105469,14.807220458984375,5.48138427734375,1,-1,-1,-1
361,958,370.9262390136719,235.5938262939453,26.6939697265625,8.24761962890625,1,-1,-1,-1
381,957,436.1393737792969,327.6346435546875,14.603973388671875,4.69970703125,1,-1,-1,-1
381,958,381.1351318359375,248.38558959960938,25.5037841796875,7.74053955078125,1,-1,-1,-1
401,957,434.9739074707031,319.1963195800781,15.024871826171875,4.3433837890625,1,-1,-1,-1
401,958,389.91827392578125,234.83493041992188,26.91912841796875,7.091400146484375,1,-1,-1,-1
421,957,440.09283447265625,321.754638671875,15.00970458984375,4.66314697265625,1,-1,-1,-1
421,958,393.861328125,228.83026123046875,28.73333740234375,7.764617919921875,1,-1,-1,-1
441,957,439.9652099609375,317.4799499511719,14.49920654296875,5.0472412109375,1,-1,-1,-1
441,958,384.7575378417969,221.87950134277344,26.364654541015625,6.9921875,1,-1,-1,-1
461,957,423.4195556640625,319.5464172363281,15.34503173828125,5.1781005859375,1,-1,-1,-1
461,958,366.89739990234375,221.0304718017578,26.84967041015625,6.980010986328125,1,-1,-1,-1
481,957,415.7320556640625,313.2674560546875,15.3922119140625,4.9820556640625,1,-1,-1,-1
481,958,355.001708984375,230.52584838867188,26.5032958984375,6.9866943359375,1,-1,-1,-1
501,957,415.2547607421875,312.5811462402344,15.6898193359375,5.35296630859375,1,-1,-1,-1
501,958,353.548583984375,245.0642547607422,25.57684326171875,6.5726318359375,1,-1,-1,-1
521,957,420.1170349121094,313.2815246582031,15.47210693359375,4.65924072265625,1,-1,-1,-1
521,958,354.2967529296875,246.128662109375,24.570709228515625,6.417816162109375,1,-1,-1,-1
541,957,434.2540283203125,313.046142578125,15.3082275390625,4.46575927734375,1,-1,-1,-1
541,958,346.09716796875,246.1442108154297,24.35333251953125,6.702239990234375,1,-1,-1,-1
561,957,448.6204833984375,313.0206604003906,15.188995361328125,4.2083740234375,1,-1,-1,-1
561,958,331.52117919921875,247.6847381591797,24.10675048828125,6.886505126953125,1,-1,-1,-1
581,957,463.8586120605469,312.85345458984375,17.164306640625,5.47344970703125,1,-1,-1,-1
581,958,463.858642578125,312.85333251953125,17.16400146484375,5.4735107421875,1,-1,-1,-1
601,957,479.812744140625,313.5852966308594,15.293121337890625,4.4990234375,1,-1,-1,-1
601,958,479.812744140625,313.5852966308594,15.293121337890625,4.4990234375,1,-1,-1,-1
621,957,486.07391357421875,308.47161865234375,15.114501953125,4.83941650390625,1,-1,-1,-1
621,958,486.07391357421875,308.47161865234375,15.114501953125,4.83941650390625,1,-1,-1,-1
641,959,255.40122985839844,270.9248352050781,29.966079711914062,8.4638671875,1,-1,-1,-1
641,957,487.6603698730469,298.74249267578125,16.210479736328125,4.82867431640625,1,-1,-1,-1
641,958,487.6603698730469,298.74249267578125,16.210479736328125,4.82867431640625,1,-1,-1,-1
661,959,212.5635528564453,268.8757629394531,28.092803955078125,8.9127197265625,1,-1,-1,-1
661,957,486.9281311035156,287.5071105957031,15.894012451171875,5.09375,1,-1,-1,-1
661,958,486.9281311035156,287.5071105957031,15.894012451171875,5.09375,1,-1,-1,-1
681,959,191.37838745117188,264.51751708984375,26.01214599609375,8.27001953125,1,-1,-1,-1
681,957,485.1076965332031,276.8146667480469,15.543060302734375,4.6202392578125,1,-1,-1,-1
681,958,485.1076965332031,276.8146667480469,15.543060302734375,4.6202392578125,1,-1,-1,-1
701,959,187.443115234375,239.95411682128906,29.232986450195312,7.934814453125,1,-1,-1,-1
701,957,485.6556701660156,263.6483459472656,14.659637451171875,5.1138916015625,1,-1,-1,-1
701,958,485.6556701660156,263.6483459472656,14.659637451171875,5.1138916015625,1,-1,-1,-1
721,959,193.76036071777344,213.93548583984375,27.208663940429688,8.0379638671875,1,-1,-1,-1
721,957,486.37786865234375,251.28477478027344,13.81195068359375,4.62359619140625,1,-1,-1,-1
721,958,486.37786865234375,251.28477478027344,13.81195068359375,4.62359619140625,1,-1,-1,-1
741,959,194.82632446289062,190.15895080566406,28.283950805664062,8.0140380859375,1,-1,-1,-1
741,957,486.3988037109375,248.50990295410156,14.73443603515625,4.89569091796875,1,-1,-1,-1
741,958,486.3988037109375,248.50990295410156,14.73443603515625,4.89569091796875,1,-1,-1,-1
761,959,194.44358825683594,168.3547821044922,27.926834106445312,8.838623046875,1,-1,-1,-1
761,957,486.2784118652344,255.51666259765625,14.994049072265625,4.848388671875,1,-1,-1,-1
761,958,486.27838134765625,255.51666259765625,14.994140625,4.848388671875,1,-1,-1,-1
781,959,192.83010864257812,144.44029235839844,29.25921630859375,9.176544189453125,1,-1,-1,-1
781,957,487.0953674316406,266.97015380859375,14.90625,4.924560546875,1,-1,-1,-1
781,958,487.0953674316406,266.97015380859375,14.90625,4.924560546875,1,-1,-1,-1
801,959,192.89488220214844,127.44403076171875,28.594772338867188,10.64776611328125,1,-1,-1,-1
801,957,488.2720642089844,282.17449951171875,14.41412353515625,4.93133544921875,1,-1,-1,-1
801,958,488.2720642089844,282.17449951171875,14.41412353515625,4.93133544921875,1,-1,-1,-1
821,959,216.1370849609375,128.30978393554688,28.496475219726562,11.0133056640625,1,-1,-1,-1
821,957,487.35137939453125,299.369140625,15.19281005859375,5.37969970703125,1,-1,-1,-1
821,958,487.35137939453125,299.369140625,15.19281005859375,5.37969970703125,1,-1,-1,-1
841,959,262.0987243652344,132.3707275390625,28.356048583984375,8.922698974609375,1,-1,-1,-1
841,957,485.8044738769531,311.90216064453125,14.88671875,4.72412109375,1,-1,-1,-1
841,958,485.8044738769531,311.90216064453125,14.88671875,4.72412109375,1,-1,-1,-1
861,959,282.822509765625,134.02894592285156,28.10302734375,8.202301025390625,1,-1,-1,-1
861,957,472.57830810546875,310.8354187011719,20.863189697265625,5.150390625,1,-1,-1,-1
861,958,472.57830810546875,310.8354187011719,20.863189697265625,5.150390625,1,-1,-1,-1
881,959,297.4686584472656,134.92645263671875,28.380889892578125,8.782989501953125,1,-1,-1,-1
881,957,468.0601501464844,309.61517333984375,16.99615478515625,5.44561767578125,1,-1,-1,-1
881,958,468.0601501464844,309.61517333984375,16.99615478515625,5.44561767578125,1,-1,-1,-1
901,959,311.7579040527344,136.42942810058594,27.744354248046875,8.39385986328125,1,-1,-1,-1
901,957,455.358154296875,309.27496337890625,17.330108642578125,5.0859375,1,-1,-1,-1
901,958,455.3581237792969,309.2749328613281,17.330169677734375,5.08599853515625,1,-1,-1,-1
921,959,324.8915100097656,137.99879455566406,27.705230712890625,8.246673583984375,1,-1,-1,-1
921,957,436.1036376953125,308.867919921875,15.704498291015625,4.576904296875,1,-1,-1,-1
921,958,436.1036376953125,308.867919921875,15.704498291015625,4.576904296875,1,-1,-1,-1
941,959,340.62298583984375,139.44107055664062,27.43170166015625,8.89410400390625,1,-1,-1,-1
941,957,414.1882019042969,308.7869567871094,16.398773193359375,4.3399658203125,1,-1,-1,-1
941,958,414.1882019042969,308.7869567871094,16.398773193359375,4.3399658203125,1,-1,-1,-1
961,959,369.09906005859375,142.79286193847656,27.67431640625,8.30902099609375,1,-1,-1,-1
961,957,388.2458190917969,309.8265380859375,16.495269775390625,5.0506591796875,1,-1,-1,-1
961,958,388.2458190917969,309.8265380859375,16.495269775390625,5.0506591796875,1,-1,-1,-1
981,959,388.96441650390625,150.10426330566406,28.4273681640625,8.17694091796875,1,-1,-1,-1
981,957,365.7020568847656,313.7209167480469,15.40985107421875,4.18597412109375,1,-1,-1,-1
981,958,365.7020568847656,313.7209167480469,15.40985107421875,4.18597412109375,1,-1,-1,-1
1001,959,394.7374267578125,169.01564025878906,27.219940185546875,7.758575439453125,1,-1,-1,-1
1001,957,349.1838073730469,313.1615905761719,15.046905517578125,4.40447998046875,1,-1,-1,-1
1001,958,349.1838073730469,313.1615905761719,15.046905517578125,4.40447998046875,1,-1,-1,-1
1021,959,394.99359130859375,197.16539001464844,26.80328369140625,7.5650634765625,1,-1,-1,-1
1021,957,332.42279052734375,313.7864990234375,15.79400634765625,5.44775390625,1,-1,-1,-1
1021,958,332.42279052734375,313.7864990234375,15.79400634765625,5.44775390625,1,-1,-1,-1
1041,959,394.7296447753906,226.29368591308594,25.344390869140625,6.49530029296875,1,-1,-1,-1
1041,957,315.69476318359375,316.56402587890625,15.87542724609375,5.047607421875,1,-1,-1,-1
1041,958,315.69476318359375,316.56402587890625,15.87542724609375,5.047607421875,1,-1,-1,-1
1061,959,395.74853515625,247.6545867919922,20.886444091796875,6.261444091796875,1,-1,-1,-1
1061,957,298.4820251464844,317.9285583496094,15.703216552734375,4.66033935546875,1,-1,-1,-1
1061,958,298.4820251464844,317.9285583496094,15.703216552734375,4.66033935546875,1,-1,-1,-1
1081,959,399.6427001953125,259.32977294921875,19.8077392578125,7.06756591796875,1,-1,-1,-1
1081,957,279.52593994140625,317.7037658691406,15.707855224609375,4.8634033203125,1,-1,-1,-1
1081,958,279.52593994140625,317.7037658691406,15.707855224609375,4.8634033203125,1,-1,-1,-1
1101,959,410.3597717285156,259.43707275390625,39.620361328125,7.9488525390625,1,-1,-1,-1
1101,957,256.1838073730469,316.8832092285156,16.19525146484375,5.2928466796875,1,-1,-1,-1
1101,958,256.1838073730469,316.8832092285156,16.19525146484375,5.2928466796875,1,-1,-1,-1
1121,959,437.08612060546875,273.42071533203125,27.63128662109375,8.3297119140625,1,-1,-1,-1
1121,957,232.88644409179688,314.163818359375,16.734237670898438,5.22991943359375,1,-1,-1,-1
1121,958,232.8864288330078,314.163818359375,16.734237670898438,5.22991943359375,1,-1,-1,-1
1141,959,437.2546081542969,280.5729064941406,26.292938232421875,7.8629150390625,1,-1,-1,-1
1141,957,207.52285766601562,312.9009704589844,16.3675537109375,4.9986572265625,1,-1,-1,-1
1141,958,207.52285766601562,312.9009704589844,16.3675537109375,4.9986572265625,1,-1,-1,-1
1161,959,422.4099426269531,280.6947326660156,27.875823974609375,6.73272705078125,1,-1,-1,-1
1161,957,175.6585693359375,311.7436218261719,17.264373779296875,5.46356201171875,1,-1,-1,-1
1161,958,175.6585693359375,311.7436218261719,17.264373779296875,5.46356201171875,1,-1,-1,-1
1181,959,395.736572265625,279.1743469238281,28.88946533203125,7.8936767578125,1,-1,-1,-1
1181,957,139.52989196777344,310.57763671875,18.620956420898438,5.0592041015625,1,-1,-1,-1
1181,958,139.52989196777344,310.57763671875,18.620956420898438,5.0592041015625,1,-1,-1,-1
1201,959,366.6557312011719,279.9203796386719,10.625152587890625,3.5130615234375,1,-1,-1,-1
1201,957,103.03396606445312,309.7186279296875,18.87847900390625,4.812744140625,1,-1,-1,-1
1201,958,103.03396606445312,309.7186279296875,18.87847900390625,4.812744140625,1,-1,-1,-1
1221,959,348.41326904296875,281.722900390625,26.304779052734375,6.64666748046875,1,-1,-1,-1
1221,957,68.74577331542969,309.6913757324219,18.689041137695312,5.7293701171875,1,-1,-1,-1
1221,958,68.74577331542969,309.6913757324219,18.689056396484375,5.7293701171875,1,-1,-1,-1
1241,957,39.88177490234375,309.80712890625,18.39788818359375,6.32611083984375,1,-1,-1,-1
1241,958,39.88177490234375,309.80712890625,18.39788818359375,6.32611083984375,1,-1,-1,-1
1261,960,339.9706726074219,300.2869873046875,25.4208984375,6.529296875,1,-1,-1,-1
1261,957,34.94813537597656,309.3913879394531,18.365615844726562,5.9390869140625,1,-1,-1,-1
1261,958,34.94813537597656,309.3913879394531,18.365615844726562,5.9390869140625,1,-1,-1,-1
1281,960,314.1516418457031,301.2036437988281,25.83660888671875,6.7646484375,1,-1,-1,-1
1281,957,35.55617141723633,298.30303955078125,17.97995376586914,5.634521484375,1,-1,-1,-1
1281,958,35.55617141723633,298.30303955078125,17.97995376586914,5.634521484375,1,-1,-1,-1
1301,960,274.04058837890625,299.6538391113281,28.588531494140625,7.90966796875,1,-1,-1,-1
1301,957,35.69790267944336,287.277587890625,18.467899322509766,5.019775390625,1,-1,-1,-1
1301,958,35.69790267944336,287.277587890625,18.467899322509766,5.019775390625,1,-1,-1,-1
1321,960,247.1331787109375,313.4594421386719,25.7557373046875,7.622802734375,1,-1,-1,-1
1321,957,37.45171356201172,281.2879943847656,18.713226318359375,5.883544921875,1,-1,-1,-1
1321,958,37.45171356201172,281.2879943847656,18.713226318359375,5.883544921875,1,-1,-1,-1
1341,960,243.90179443359375,323.9951477050781,27.923828125,8.22454833984375,1,-1,-1,-1
1341,957,42.671260833740234,277.0269775390625,13.620223999023438,5.8590087890625,1,-1,-1,-1
1341,958,42.671260833740234,277.0269775390625,13.620223999023438,5.8590087890625,1,-1,-1,-1
1361,960,240.830810546875,323.71649169921875,24.960235595703125,7.08380126953125,1,-1,-1,-1
1361,957,49.55127716064453,268.4721374511719,10.168266296386719,4.5404052734375,1,-1,-1,-1
1361,958,49.55127716064453,268.4721374511719,10.168266296386719,4.5404052734375,1,-1,-1,-1
1381,960,224.46798706054688,324.1723327636719,20.428924560546875,6.8760986328125,1,-1,-1,-1
1381,957,43.96629333496094,258.40692138671875,20.08820343017578,6.8240966796875,1,-1,-1,-1
1381,958,43.96629333496094,258.40692138671875,20.08820343017578,6.8240966796875,1,-1,-1,-1
1401,960,203.41766357421875,326.1061706542969,13.90399169921875,5.15399169921875,1,-1,-1,-1
1401,957,44.776092529296875,246.4842071533203,15.795867919921875,5.605133056640625,1,-1,-1,-1
1401,958,44.776092529296875,246.4842071533203,15.795867919921875,5.605133056640625,1,-1,-1,-1
1421,961,154.86997985839844,324.8199462890625,25.292404174804688,7.19268798828125,1,-1,-1,-1
1421,957,154.87063598632812,324.81903076171875,25.289154052734375,7.19195556640625,1,-1,-1,-1
1421,958,154.87063598632812,324.81903076171875,25.289154052734375,7.19195556640625,1,-1,-1,-1
1441,961,128.04666137695312,324.74871826171875,17.74462890625,6.40576171875,1,-1,-1,-1
1441,957,128.04666137695312,324.74871826171875,17.74462890625,6.40576171875,1,-1,-1,-1
1441,958,128.04666137695312,324.74871826171875,17.74462890625,6.40576171875,1,-1,-1,-1
1461,961,118.83932495117188,317.59619140625,25.126678466796875,7.7159423828125,1,-1,-1,-1
1461,957,118.83932495117188,317.59619140625,25.126739501953125,7.7159423828125,1,-1,-1,-1
1461,958,118.83932495117188,317.59619140625,25.126739501953125,7.7159423828125,1,-1,-1,-1
1481,961,118.50274658203125,306.2716064453125,25.251968383789062,7.35986328125,1,-1,-1,-1
1481,957,118.50274658203125,306.2716064453125,25.251968383789062,7.35986328125,1,-1,-1,-1
1481,958,118.50274658203125,306.2716064453125,25.251968383789062,7.35986328125,1,-1,-1,-1
1501,961,120.3201675415039,290.0196838378906,25.666160583496094,7.99383544921875,1,-1,-1,-1
1501,957,120.3201675415039,290.0196838378906,25.666160583496094,7.99383544921875,1,-1,-1,-1
1501,958,120.3201675415039,290.0196838378906,25.666160583496094,7.99383544921875,1,-1,-1,-1
1521,961,52.086097717285156,208.41001892089844,16.95825958251953,5.426177978515625,1,-1,-1,-1
1521,957,52.086097717285156,208.41001892089844,16.95825958251953,5.426177978515625,1,-1,-1,-1
1521,958,52.086097717285156,208.41001892089844,16.95825958251953,5.426177978515625,1,-1,-1,-1
1541,962,120.75882720947266,257.8354797363281,27.03919219970703,9.1497802734375,1,-1,-1,-1
1541,961,40.47099304199219,207.29136657714844,18.514583587646484,5.310791015625,1,-1,-1,-1
1541,957,40.47099304199219,207.29136657714844,18.514583587646484,5.310791015625,1,-1,-1,-1
1541,958,40.47099304199219,207.29136657714844,18.514583587646484,5.310791015625,1,-1,-1,-1
1561,962,37.375648498535156,206.03627014160156,18.07095718383789,5.7669677734375,1,-1,-1,-1
1561,961,37.308650970458984,206.01885986328125,18.080707550048828,5.788360595703125,1,-1,-1,-1
1561,957,37.308650970458984,206.01885986328125,18.080707550048828,5.788360595703125,1,-1,-1,-1
1561,958,37.30864715576172,206.01885986328125,18.080699920654297,5.788360595703125,1,-1,-1,-1
1581,962,23.939733505249023,205.9639892578125,20.602449417114258,5.978240966796875,1,-1,-1,-1
1581,961,23.91230010986328,206.0399932861328,20.464229583740234,5.919097900390625,1,-1,-1,-1
1581,957,23.91230010986328,206.0399932861328,20.464229583740234,5.919097900390625,1,-1,-1,-1
1581,958,23.912296295166016,206.04000854492188,20.46422576904297,5.9190673828125,1,-1,-1,-1
1601,962,17.886093139648438,215.1102294921875,16.939617156982422,5.21337890625,1,-1,-1,-1
1601,961,17.916828155517578,215.06553649902344,16.90802001953125,5.256195068359375,1,-1,-1,-1
1601,957,17.916828155517578,215.06553649902344,16.90802001953125,5.256195068359375,1,-1,-1,-1
1601,958,17.916828155517578,215.06553649902344,16.90802001953125,5.256195068359375,1,-1,-1,-1
1621,962,16.42095184326172,231.82183837890625,16.768421173095703,5.630157470703125,1,-1,-1,-1
1621,961,16.401777267456055,231.7986602783203,16.720605850219727,5.696563720703125,1,-1,-1,-1
1621,957,16.401779174804688,231.7986602783203,16.720600128173828,5.696563720703125,1,-1,-1,-1
1621,958,16.401779174804688,231.7986602783203,16.720600128173828,5.696563720703125,1,-1,-1,-1
1641,962,111.22041320800781,178.48526000976562,27.505416870117188,9.796630859375,1,-1,-1,-1
1641,961,111.22036743164062,178.48524475097656,27.505264282226562,9.796478271484375,1,-1,-1,-1
1641,957,111.22036743164062,178.48524475097656,27.505264282226562,9.796478271484375,1,-1,-1,-1
1641,958,111.22036743164062,178.48524475097656,27.505264282226562,9.796478271484375,1,-1,-1,-1
1661,962,112.29002380371094,161.97665405273438,27.90802001953125,9.377166748046875,1,-1,-1,-1
1661,961,112.29000854492188,161.97665405273438,27.908035278320312,9.377166748046875,1,-1,-1,-1
1661,957,112.29002380371094,161.97665405273438,27.90802001953125,9.377166748046875,1,-1,-1,-1
1661,958,112.29002380371094,161.97665405273438,27.90802001953125,9.377166748046875,1,-1,-1,-1
1681,963,10.329055786132812,307.4469909667969,17.69056510925293,6.57305908203125,1,-1,-1,-1
1681,962,113.93693542480469,143.16326904296875,28.8197021484375,10.20489501953125,1,-1,-1,-1
1681,961,113.93693542480469,143.16326904296875,28.8197021484375,10.20489501953125,1,-1,-1,-1
1681,957,113.93693542480469,143.16326904296875,28.8197021484375,10.20489501953125,1,-1,-1,-1
1681,958,113.93693542480469,143.16326904296875,28.8197021484375,10.20489501953125,1,-1,-1,-1
1701,962,115.49993896484375,122.26234436035156,29.320343017578125,10.205642700195312,1,-1,-1,-1
1701,961,115.49993896484375,122.26234436035156,29.320343017578125,10.205642700195312,1,-1,-1,-1
1701,957,115.49993896484375,122.26234436035156,29.320343017578125,10.205642700195312,1,-1,-1,-1
1701,958,115.49993896484375,122.26234436035156,29.320343017578125,10.205642700195312,1,-1,-1,-1
1721,964,23.074827194213867,322.04931640625,16.751073837280273,6.19573974609375,1,-1,-1,-1
1721,962,116.41096496582031,102.38826751708984,29.642745971679688,10.424484252929688,1,-1,-1,-1
1721,961,116.41094970703125,102.38826751708984,29.642776489257812,10.424484252929688,1,-1,-1,-1
1721,957,116.41096496582031,102.38826751708984,29.642745971679688,10.424484252929688,1,-1,-1,-1
1721,958,116.41096496582031,102.38826751708984,29.642745971679688,10.424484252929688,1,-1,-1,-1
1741,964,47.31924057006836,323.12139892578125,9.056339263916016,3.70623779296875,1,-1,-1,-1
1741,962,121.1707992553711,85.03580474853516,28.368324279785156,12.116867065429688,1,-1,-1,-1
1741,961,121.17082214355469,85.03580474853516,28.368301391601562,12.116867065429688,1,-1,-1,-1
1741,957,121.17082214355469,85.03580474853516,28.368301391601562,12.116867065429688,1,-1,-1,-1
1741,958,121.17082214355469,85.03580474853516,28.368301391601562,12.116867065429688,1,-1,-1,-1
1761,964,72.08418273925781,324.5276794433594,16.54785919189453,5.26849365234375,1,-1,-1,-1
1761,962,145.7498321533203,83.21324157714844,28.6370849609375,13.593734741210938,1,-1,-1,-1
1761,961,145.7498321533203,83.21324157714844,28.6370849609375,13.593734741210938,1,-1,-1,-1
1761,957,145.7498321533203,83.21324157714844,28.6370849609375,13.593734741210938,1,-1,-1,-1
1761,958,145.7498321533203,83.21324157714844,28.6370849609375,13.593734741210938,1,-1,-1,-1
1781,964,91.8955078125,327.0451965332031,14.371063232421875,5.21533203125,1,-1,-1,-1
1781,962,199.51417541503906,89.30755615234375,30.22613525390625,10.625228881835938,1,-1,-1,-1
1781,961,199.51417541503906,89.30755615234375,30.22613525390625,10.625228881835938,1,-1,-1,-1
1781,957,199.51417541503906,89.30755615234375,30.22613525390625,10.625228881835938,1,-1,-1,-1
1781,958,199.51417541503906,89.30755615234375,30.22613525390625,10.625228881835938,1,-1,-1,-1
1801,964,116.40653991699219,326.6589660644531,14.725143432617188,4.741943359375,1,-1,-1,-1
1801,962,256.8018798828125,94.7515869140625,28.52294921875,10.31658935546875,1,-1,-1,-1
1801,961,256.8018798828125,94.7515869140625,28.52294921875,10.31658935546875,1,-1,-1,-1
1801,957,256.8018798828125,94.7515869140625,28.52294921875,10.31658935546875,1,-1,-1,-1
1801,958,256.8018798828125,94.7515869140625,28.52294921875,10.31658935546875,1,-1,-1,-1
1821,964,127.50435638427734,324.2752990722656,19.813255310058594,4.97882080078125,1,-1,-1,-1
1821,962,276.14178466796875,104.85093688964844,28.625244140625,9.066238403320312,1,-1,-1,-1
1821,961,276.14178466796875,104.85093688964844,28.625244140625,9.066238403320312,1,-1,-1,-1
1821,957,276.14178466796875,104.85093688964844,28.625244140625,9.066238403320312,1,-1,-1,-1
1821,958,276.14178466796875,104.85093688964844,28.625244140625,9.066238403320312,1,-1,-1,-1
1841,964,144.3306121826172,323.8500061035156,20.112716674804688,5.3897705078125,1,-1,-1,-1
1841,962,274.49560546875,127.7631607055664,29.602020263671875,9.357933044433594,1,-1,-1,-1
1841,961,274.49560546875,127.7631607055664,29.602020263671875,9.357933044433594,1,-1,-1,-1
1841,957,274.49560546875,127.7631607055664,29.602020263671875,9.357933044433594,1,-1,-1,-1
1841,958,274.49560546875,127.7631607055664,29.602020263671875,9.357933044433594,1,-1,-1,-1
1861,964,152.43075561523438,325.34954833984375,19.051055908203125,6.20306396484375,1,-1,-1,-1
1861,962,269.9241027832031,155.19537353515625,29.681884765625,9.128631591796875,1,-1,-1,-1
1861,961,269.9241027832031,155.19537353515625,29.681884765625,9.128631591796875,1,-1,-1,-1
1861,957,269.9241027832031,155.19537353515625,29.681884765625,9.128631591796875,1,-1,-1,-1
1861,958,269.9241027832031,155.19537353515625,29.681884765625,9.128631591796875,1,-1,-1,-1
1881,964,143.6580352783203,326.51104736328125,19.47564697265625,5.98370361328125,1,-1,-1,-1
1881,962,266.1573486328125,182.6527557373047,30.13848876953125,8.386322021484375,1,-1,-1,-1
1881,961,266.1573486328125,182.6527557373047,30.13848876953125,8.386322021484375,1,-1,-1,-1
1881,957,266.1573486328125,182.6527557373047,30.13848876953125,8.386322021484375,1,-1,-1,-1
1881,958,266.1573486328125,182.6527557373047,30.13848876953125,8.386322021484375,1,-1,-1,-1
1901,964,122.54046630859375,329.1038818359375,13.20208740234375,4.78314208984375,1,-1,-1,-1
1901,962,273.254150390625,182.6692352294922,29.666046142578125,10.27978515625,1,-1,-1,-1
1901,961,273.254150390625,182.6692352294922,29.666046142578125,10.27978515625,1,-1,-1,-1
1901,957,273.254150390625,182.6692352294922,29.666046142578125,10.27978515625,1,-1,-1,-1
1901,958,273.254150390625,182.6692352294922,29.666046142578125,10.27978515625,1,-1,-1,-1
1921,962,310.668212890625,184.80355834960938,30.787445068359375,9.603851318359375,1,-1,-1,-1
1921,961,310.668212890625,184.80355834960938,30.787445068359375,9.603851318359375,1,-1,-1,-1
1921,957,310.668212890625,184.80355834960938,30.787445068359375,9.603851318359375,1,-1,-1,-1
1921,958,310.668212890625,184.80355834960938,30.787445068359375,9.603851318359375,1,-1,-1,-1
1941,962,367.9180603027344,189.42173767089844,30.931549072265625,7.646759033203125,1,-1,-1,-1
1941,961,367.9180603027344,189.42173767089844,30.931549072265625,7.646759033203125,1,-1,-1,-1
1941,957,367.9180603027344,189.42173767089844,30.931549072265625,7.646759033203125,1,-1,-1,-1
1941,958,367.9180603027344,189.42173767089844,30.931549072265625,7.646759033203125,1,-1,-1,-1
1961,965,105.26885986328125,296.7817077636719,17.939620971679688,5.46435546875,1,-1,-1,-1
1961,962,414.8055725097656,192.28904724121094,30.115509033203125,8.8131103515625,1,-1,-1,-1
1961,961,414.8055725097656,192.28904724121094,30.115509033203125,8.8131103515625,1,-1,-1,-1
1961,957,414.8055725097656,192.2890625,30.115509033203125,8.813079833984375,1,-1,-1,-1
1961,958,414.8055725097656,192.2890625,30.115509033203125,8.813079833984375,1,-1,-1,-1
1981,965,107.28237915039062,288.3091735839844,18.717002868652344,6.09649658203125,1,-1,-1,-1
1981,962,427.6138610839844,194.27780151367188,25.72869873046875,7.355133056640625,1,-1,-1,-1
1981,961,427.61383056640625,194.27780151367188,25.728759765625,7.355133056640625,1,-1,-1,-1
1981,957,427.61383056640625,194.27780151367188,25.728759765625,7.355133056640625,1,-1,-1,-1
1981,958,427.61383056640625,194.27780151367188,25.728759765625,7.355133056640625,1,-1,-1,-1
2001,965,110.92993927001953,287.9694519042969,18.112815856933594,5.982421875,1,-1,-1,-1
2001,962,426.63055419921875,209.85877990722656,27.48712158203125,7.075439453125,1,-1,-1,-1
2001,961,426.63055419921875,209.85877990722656,27.48712158203125,7.075439453125,1,-1,-1,-1
2001,957,426.63055419921875,209.85877990722656,27.48712158203125,7.075439453125,1,-1,-1,-1
2001,958,426.63055419921875,209.85877990722656,27.48712158203125,7.075439453125,1,-1,-1,-1
2021,965,116.64578247070312,289.1141662597656,16.919189453125,5.1334228515625,1,-1,-1,-1
2021,962,424.8565673828125,223.048583984375,25.958251953125,8.059967041015625,1,-1,-1,-1
2021,961,424.8565673828125,223.048583984375,25.958251953125,8.059967041015625,1,-1,-1,-1
2021,957,424.85650634765625,223.048583984375,25.958251953125,8.059967041015625,1,-1,-1,-1
2021,958,424.85650634765625,223.048583984375,25.958251953125,8.059967041015625,1,-1,-1,-1
2041,965,124.28315734863281,291.22491455078125,16.378860473632812,5.29388427734375,1,-1,-1,-1
2041,962,424.9493103027344,223.13043212890625,25.833282470703125,9.109832763671875,1,-1,-1,-1
2041,961,424.9493103027344,223.13043212890625,25.833282470703125,9.109832763671875,1,-1,-1,-1
2041,957,424.9493103027344,223.13043212890625,25.833282470703125,9.109832763671875,1,-1,-1,-1
2041,958,424.9493103027344,223.13043212890625,25.833282470703125,9.109832763671875,1,-1,-1,-1
2061,965,130.76254272460938,294.65093994140625,15.78118896484375,4.8775634765625,1,-1,-1,-1
2061,962,423.3940124511719,222.4825439453125,26.0260009765625,9.219970703125,1,-1,-1,-1
2061,961,423.39410400390625,222.4825439453125,26.025909423828125,9.219970703125,1,-1,-1,-1
2061,957,423.3940124511719,222.4825439453125,26.0260009765625,9.219970703125,1,-1,-1,-1
2061,958,423.3940124511719,222.4825439453125,26.0260009765625,9.219970703125,1,-1,-1,-1
2081,965,135.91619873046875,298.3647155761719,16.386947631835938,4.87103271484375,1,-1,-1,-1
2081,962,409.3468017578125,223.3459014892578,26.201568603515625,6.92999267578125,1,-1,-1,-1
2081,961,409.3468017578125,223.3459014892578,26.201568603515625,6.92999267578125,1,-1,-1,-1
2081,957,409.3467712402344,223.3459014892578,26.201629638671875,6.92999267578125,1,-1,-1,-1
2081,958,409.3468017578125,223.3459014892578,26.201568603515625,6.92999267578125,1,-1,-1,-1
2101,965,139.07899475097656,301.52325439453125,13.879714965820312,4.75384521484375,1,-1,-1,-1
2101,962,392.75823974609375,221.8305206298828,27.8253173828125,7.25421142578125,1,-1,-1,-1
2101,961,392.7582092285156,221.83053588867188,27.82525634765625,7.25421142578125,1,-1,-1,-1
2101,957,392.75823974609375,221.8305206298828,27.8253173828125,7.25421142578125,1,-1,-1,-1
2101,958,392.75823974609375,221.8305206298828,27.8253173828125,7.25421142578125,1,-1,-1,-1
2121,965,140.7235565185547,302.00189208984375,13.558303833007812,4.7393798828125,1,-1,-1,-1
2121,962,382.09466552734375,221.40252685546875,26.47705078125,7.74578857421875,1,-1,-1,-1
2121,961,382.09466552734375,221.40252685546875,26.47705078125,7.74578857421875,1,-1,-1,-1
2121,957,382.09466552734375,221.40252685546875,26.47705078125,7.74578857421875,1,-1,-1,-1
2121,958,382.09466552734375,221.40252685546875,26.47705078125,7.74578857421875,1,-1,-1,-1
2141,965,140.26795959472656,301.95379638671875,13.960662841796875,4.63720703125,1,-1,-1,-1
2141,962,381.33782958984375,245.1211700439453,25.657867431640625,6.787750244140625,1,-1,-1,-1
2141,961,381.33782958984375,245.1211700439453,25.657867431640625,6.787750244140625,1,-1,-1,-1
2141,957,381.33782958984375,245.1211700439453,25.657867431640625,6.787750244140625,1,-1,-1,-1
2141,958,381.33782958984375,245.1211700439453,25.657867431640625,6.787750244140625,1,-1,-1,-1
2161,965,140.57791137695312,302.21722412109375,13.576156616210938,4.64996337890625,1,-1,-1,-1
2161,962,382.9085998535156,262.3836975097656,25.34759521484375,9.49212646484375,1,-1,-1,-1
2161,961,382.9085998535156,262.3836975097656,25.34759521484375,9.49212646484375,1,-1,-1,-1
2161,957,382.9085998535156,262.3836975097656,25.34759521484375,9.49212646484375,1,-1,-1,-1
2161,958,382.9085998535156,262.3836975097656,25.34759521484375,9.49212646484375,1,-1,-1,-1
2181,965,141.06198120117188,299.87591552734375,14.2388916015625,4.833740234375,1,-1,-1,-1
2181,962,380.5755615234375,274.4371643066406,31.7232666015625,9.4813232421875,1,-1,-1,-1
2181,961,380.5755615234375,274.4371337890625,31.7232666015625,9.4813232421875,1,-1,-1,-1
2181,957,380.5755615234375,274.4371337890625,31.7232666015625,9.4813232421875,1,-1,-1,-1
2181,958,380.5755615234375,274.4371337890625,31.7232666015625,9.4813232421875,1,-1,-1,-1
2201,965,139.9446258544922,296.3343811035156,15.892303466796875,4.445068359375,1,-1,-1,-1
2201,962,380.1465148925781,274.7874755859375,31.563201904296875,8.7767333984375,1,-1,-1,-1
2201,961,380.1465148925781,274.7874755859375,31.563201904296875,8.7767333984375,1,-1,-1,-1
2201,957,380.1465148925781,274.7874755859375,31.563201904296875,8.7767333984375,1,-1,-1,-1
2201,958,380.1465148925781,274.7874755859375,31.563201904296875,8.7767333984375,1,-1,-1,-1
