1,1174,175.59243774414062,434.3194274902344,14.947784423828125,7.17950439453125,1,-1,-1,-1
21,1174,175.05247497558594,433.9203186035156,15.3692626953125,7.400634765625,1,-1,-1,-1
41,1174,176.8354034423828,433.7487487792969,13.827774047851562,6.4215087890625,1,-1,-1,-1
61,1174,176.7729949951172,433.57891845703125,14.614456176757812,7.0538330078125,1,-1,-1,-1
81,1174,176.6140899658203,433.9947814941406,14.60308837890625,6.68603515625,1,-1,-1,-1
101,1174,176.29705810546875,434.20001220703125,14.518508911132812,6.83966064453125,1,-1,-1,-1
121,1174,176.59991455078125,434.5969543457031,14.48455810546875,6.92828369140625,1,-1,-1,-1
141,1174,189.21395874023438,435.6456604003906,14.536972045898438,6.0029296875,1,-1,-1,-1
161,1174,205.7107391357422,435.98541259765625,15.766143798828125,7.341796875,1,-1,-1,-1
181,1174,231.9530029296875,438.5326843261719,15.569503784179688,6.66473388671875,1,-1,-1,-1
201,1174,259.3087158203125,439.5030212402344,15.970184326171875,6.987060546875,1,-1,-1,-1
221,1174,266.2603454589844,440.3630676269531,15.708740234375,6.7491455078125,1,-1,-1,-1
241,1174,281.491943359375,441.41290283203125,15.21746826171875,7.45361328125,1,-1,-1,-1
261,1174,319.7881774902344,441.60211181640625,16.86102294921875,7.72430419921875,1,-1,-1,-1
281,1174,338.871337890625,442.2496337890625,15.84930419921875,7.5269775390625,1,-1,-1,-1
301,1174,366.2140197753906,442.2962951660156,14.479522705078125,6.9200439453125,1,-1,-1,-1
321,1174,398.544677734375,440.73162841796875,15.231414794921875,7.9029541015625,1,-1,-1,-1
341,1174,406.46868896484375,439.9772644042969,16.0531005859375,8.0806884765625,1,-1,-1,-1
361,1174,412.5175476074219,439.5836486816406,15.033050537109375,7.4742431640625,1,-1,-1,-1
381,1174,415.3590393066406,439.3739013671875,15.022979736328125,8.4844970703125,1,-1,-1,-1
401,1174,363.67352294921875,440.1912536621094,16.353363037109375,7.38006591796875,1,-1,-1,-1
421,1174,288.48724365234375,441.2535705566406,14.43035888671875,6.79266357421875,1,-1,-1,-1
441,1174,209.64439392089844,440.5731201171875,14.650924682617188,7.17498779296875,1,-1,-1,-1
461,1174,182.52511596679688,408.9183654785156,14.200973510742188,7.53607177734375,1,-1,-1,-1
481,1174,180.90145874023438,376.37347412109375,15.058853149414062,7.72705078125,1,-1,-1,-1
501,1174,184.0894317626953,340.3989562988281,14.574935913085938,8.73187255859375,1,-1,-1,-1
521,1174,176.70068359375,322.1908874511719,15.5523681640625,9.039306640625,1,-1,-1,-1
541,1174,153.45921325683594,317.48388671875,15.189437866210938,8.72674560546875,1,-1,-1,-1
561,1174,117.63488006591797,306.7789001464844,14.326454162597656,8.93450927734375,1,-1,-1,-1
581,1174,109.77760314941406,281.3830871582031,14.616683959960938,8.95159912109375,1,-1,-1,-1
601,1175,127.78289794921875,369.86138916015625,23.58074951171875,10.18988037109375,1,-1,-1,-1
601,1174,113.4029541015625,253.00291442871094,14.337432861328125,8.937881469726562,1,-1,-1,-1
621,1175,158.31602478027344,375.9845886230469,23.981475830078125,10.16619873046875,1,-1,-1,-1
621,1174,114.44052124023438,226.70797729492188,13.95648193359375,9.1317138671875,1,-1,-1,-1
641,1175,178.49295043945312,360.26416015625,24.349746704101562,10.556884765625,1,-1,-1,-1
641,1174,91.59637451171875,205.3009796142578,15.257705688476562,9.022979736328125,1,-1,-1,-1
661,1175,178.02491760253906,332.54571533203125,24.634170532226562,10.92279052734375,1,-1,-1,-1
661,1174,50.925174713134766,184.9389190673828,15.045963287353516,8.919464111328125,1,-1,-1,-1
681,1175,165.43824768066406,314.1526794433594,23.882369995117188,11.204833984375,1,-1,-1,-1
681,1174,35.52278518676758,163.6447296142578,13.490791320800781,9.06451416015625,1,-1,-1,-1
701,1175,144.3955535888672,294.7125549316406,22.623886108398438,11.0546875,1,-1,-1,-1
701,1174,40.83124542236328,144.98873901367188,13.74664306640625,8.685455322265625,1,-1,-1,-1
721,1175,118.88046264648438,276.4774169921875,22.792510986328125,10.992919921875,1,-1,-1,-1
721,1174,48.050018310546875,125.90837097167969,12.583541870117188,8.65948486328125,1,-1,-1,-1
741,1175,92.9879379272461,262.5707092285156,23.124183654785156,11.41693115234375,1,-1,-1,-1
741,1174,78.38883972167969,111.74282836914062,11.981101989746094,8.34326171875,1,-1,-1,-1
761,1175,76.92487335205078,261.9014587402344,23.04528045654297,10.955322265625,1,-1,-1,-1
761,1174,96.24481964111328,106.33391571044922,13.048515319824219,8.511688232421875,1,-1,-1,-1
781,1175,76.06334686279297,259.28656005859375,22.486038208007812,10.93133544921875,1,-1,-1,-1
781,1174,106.02210998535156,107.65199279785156,12.381149291992188,8.1468505859375,1,-1,-1,-1
801,1175,80.33583068847656,244.86370849609375,21.696578979492188,10.752349853515625,1,-1,-1,-1
801,1174,134.55661010742188,108.30049133300781,12.236404418945312,7.6788787841796875,1,-1,-1,-1
821,1175,86.34453582763672,236.14332580566406,22.60181427001953,11.324188232421875,1,-1,-1,-1
821,1174,171.72560119628906,107.96990203857422,11.594497680664062,7.7470855712890625,1,-1,-1,-1
841,1175,101.48814392089844,228.65896606445312,21.956253051757812,11.045166015625,1,-1,-1,-1
841,1174,215.2071533203125,108.46569061279297,9.63623046875,6.800537109375,1,-1,-1,-1
861,1175,120.70946502685547,220.94577026367188,21.788597106933594,11.718170166015625,1,-1,-1,-1
861,1174,257.24853515625,108.10307312011719,10.5157470703125,7.5570068359375,1,-1,-1,-1
881,1175,144.8043212890625,211.81553649902344,21.82330322265625,11.7764892578125,1,-1,-1,-1
881,1174,304.1247253417969,108.58004760742188,11.609100341796875,7.8404388427734375,1,-1,-1,-1
901,1175,171.944091796875,201.44747924804688,20.565444946289062,11.89532470703125,1,-1,-1,-1
901,1174,350.5902099609375,111.51390838623047,12.551025390625,7.467376708984375,1,-1,-1,-1
921,1175,197.39585876464844,190.0063018798828,20.66864013671875,11.751434326171875,1,-1,-1,-1
921,1174,392.8007507324219,113.36932373046875,11.666046142578125,9.19085693359375,1,-1,-1,-1
941,1175,216.30322265625,177.45083618164062,22.618057250976562,12.596160888671875,1,-1,-1,-1
941,1174,434.6739196777344,114.92355346679688,11.273590087890625,8.763565063476562,1,-1,-1,-1
961,1175,240.019287109375,161.69178771972656,18.1873779296875,10.193145751953125,1,-1,-1,-1
961,1174,481.9093017578125,117.18466186523438,14.05487060546875,9.33203125,1,-1,-1,-1
981,1175,254.08737182617188,142.8787078857422,17.247772216796875,9.26885986328125,1,-1,-1,-1
981,1174,516.145263671875,112.32218170166016,13.95184326171875,10.956573486328125,1,-1,-1,-1
1001,1175,255.46902465820312,126.02465057373047,17.671539306640625,9.281303405761719,1,-1,-1,-1
1001,1174,516.1104125976562,92.50101470947266,14.505859375,11.871932983398438,1,-1,-1,-1
1021,1175,255.47634887695312,110.92060852050781,19.72357177734375,10.049789428710938,1,-1,-1,-1
1021,1174,515.2659912109375,75.70745849609375,14.44586181640625,11.777557373046875,1,-1,-1,-1
1041,1175,255.28334045410156,95.22935485839844,19.119552612304688,11.693069458007812,1,-1,-1,-1
1041,1174,528.8381958007812,63.46522521972656,13.77520751953125,11.569656372070312,1,-1,-1,-1
1061,1175,252.83383178710938,85.24242401123047,20.254913330078125,11.618515014648438,1,-1,-1,-1
1061,1174,564.1605224609375,66.31465911865234,12.6895751953125,10.642730712890625,1,-1,-1,-1
1081,1175,240.19729614257812,85.57872772216797,19.69342041015625,12.238296508789062,1,-1,-1,-1
1081,1174,604.666259765625,72.32764434814453,12.27398681640625,9.383438110351562,1,-1,-1,-1
1101,1175,197.22152709960938,87.9564208984375,19.755523681640625,10.9317626953125,1,-1,-1,-1
1101,1174,622.3440551757812,99.99745178222656,11.38787841796875,10.53656005859375,1,-1,-1,-1
1121,1176,152.58709716796875,88.0428466796875,21.087081909179688,11.355484008789062,1,-1,-1,-1
1141,1176,141.0783233642578,84.12318420410156,19.806915283203125,11.646331787109375,1,-1,-1,-1
1161,1176,140.0955047607422,80.83409881591797,21.160919189453125,11.593414306640625,1,-1,-1,-1
1181,1176,140.74575805664062,80.24282836914062,21.374618530273438,11.501754760742188,1,-1,-1,-1
1201,1176,151.10015869140625,80.88951873779297,20.99609375,11.220901489257812,1,-1,-1,-1
1221,1176,167.33743286132812,79.58563995361328,20.009002685546875,11.538589477539062,1,-1,-1,-1
1241,1176,186.20164489746094,76.93063354492188,19.902236938476562,11.968246459960938,1,-1,-1,-1
1261,1176,209.61190795898438,75.44600677490234,19.929550170898438,12.36090087890625,1,-1,-1,-1
1281,1177,238.35264587402344,73.55924224853516,20.307357788085938,12.023178100585938,1,-1,-1,-1
1301,1177,271.6966552734375,71.59466552734375,19.60418701171875,12.224227905273438,1,-1,-1,-1
1321,1177,305.0713195800781,69.85162353515625,20.232025146484375,11.917633056640625,1,-1,-1,-1
1341,1177,335.6197509765625,69.04053497314453,20.736602783203125,11.923248291015625,1,-1,-1,-1
1361,1177,365.1180725097656,69.34744262695312,20.779876708984375,12.491775512695312,1,-1,-1,-1
1381,1177,394.462158203125,74.36343383789062,21.937713623046875,13.534591674804688,1,-1,-1,-1
1401,1177,416.0933837890625,79.61811828613281,21.33489990234375,13.752044677734375,1,-1,-1,-1
1421,1177,419.8493957519531,91.0272216796875,20.970916748046875,13.33062744140625,1,-1,-1,-1
1441,1178,168.77304077148438,253.7529296875,14.9052734375,9.16131591796875,1,-1,-1,-1
1461,1178,160.43939208984375,276.5977783203125,13.311233520507812,8.64678955078125,1,-1,-1,-1
1481,1178,126.96406555175781,287.2991943359375,13.932266235351562,8.352294921875,1,-1,-1,-1
1501,1178,100.72946166992188,289.8819885253906,14.908950805664062,8.1268310546875,1,-1,-1,-1
1521,1178,97.80506134033203,288.4112548828125,14.081703186035156,7.99725341796875,1,-1,-1,-1
1541,1178,100.12630462646484,295.3893127441406,15.161842346191406,8.9102783203125,1,-1,-1,-1
1561,1179,397.3117370605469,216.62660217285156,22.493988037109375,10.98199462890625,1,-1,-1,-1
1561,1178,110.46943664550781,312.4136962890625,14.557647705078125,8.2393798828125,1,-1,-1,-1
1581,1179,373.9015197753906,237.40928649902344,22.760162353515625,10.9215087890625,1,-1,-1,-1
1581,1178,129.26644897460938,329.0896911621094,15.137924194335938,8.5172119140625,1,-1,-1,-1
1601,1179,344.4822998046875,258.2219543457031,22.021575927734375,12.13690185546875,1,-1,-1,-1
1601,1178,159.43594360351562,354.1895751953125,15.700912475585938,8.45965576171875,1,-1,-1,-1
1621,1179,319.9115295410156,282.35369873046875,23.369781494140625,12.15704345703125,1,-1,-1,-1
1621,1178,197.35108947753906,381.3475036621094,15.252532958984375,8.0172119140625,1,-1,-1,-1
1641,1179,317.4342956542969,305.71282958984375,22.4771728515625,11.11700439453125,1,-1,-1,-1
1641,1178,241.37823486328125,402.0812072753906,15.11883544921875,5.743896484375,1,-1,-1,-1
1661,1179,312.4814147949219,317.6778869628906,23.928436279296875,10.86285400390625,1,-1,-1,-1
1661,1178,287.3916015625,420.8895263671875,15.43096923828125,6.91650390625,1,-1,-1,-1
1681,1179,307.05242919921875,319.66485595703125,26.764892578125,11.16815185546875,1,-1,-1,-1
1681,1178,327.6759033203125,431.7740173339844,15.122283935546875,7.01324462890625,1,-1,-1,-1
1701,1179,299.1778869628906,320.2403564453125,28.91412353515625,12.2752685546875,1,-1,-1,-1
1701,1178,371.0791015625,429.22747802734375,16.69891357421875,8.2469482421875,1,-1,-1,-1
1721,1179,296.5557556152344,332.3829040527344,29.67718505859375,13.91644287109375,1,-1,-1,-1
1721,1178,425.4364013671875,429.1693420410156,14.81866455078125,7.1990966796875,1,-1,-1,-1
1741,1179,294.5889587402344,351.8836364746094,30.860992431640625,13.3934326171875,1,-1,-1,-1
1741,1178,476.44061279296875,427.2195739746094,17.05963134765625,8.40771484375,1,-1,-1,-1
1761,1179,286.4515686035156,354.7507019042969,30.642974853515625,13.44122314453125,1,-1,-1,-1
1761,1178,498.51336669921875,425.9295349121094,15.2103271484375,8.45977783203125,1,-1,-1,-1
1781,1179,249.86117553710938,357.849609375,30.685638427734375,12.478515625,1,-1,-1,-1
1781,1178,497.1510009765625,407.8332214355469,15.63177490234375,9.142333984375,1,-1,-1,-1
1801,1179,188.84756469726562,359.5081481933594,30.787353515625,12.39630126953125,1,-1,-1,-1
1801,1178,494.06158447265625,387.4439697265625,15.12664794921875,8.81671142578125,1,-1,-1,-1
1821,1179,136.84085083007812,360.3778991699219,30.312698364257812,12.3026123046875,1,-1,-1,-1
1821,1178,490.2684326171875,364.41595458984375,16.101165771484375,9.33245849609375,1,-1,-1,-1
1841,1179,132.83143615722656,358.8603820800781,30.365890502929688,11.9481201171875,1,-1,-1,-1
1841,1178,490.5616455078125,337.6593933105469,14.264739990234375,8.6632080078125,1,-1,-1,-1
1861,1179,138.0367431640625,350.6389465332031,29.782012939453125,12.18743896484375,1,-1,-1,-1
1861,1178,482.430419921875,311.8331604003906,15.460357666015625,9.3226318359375,1,-1,-1,-1
1881,1179,155.02130126953125,346.905517578125,30.541122436523438,11.9049072265625,1,-1,-1,-1
1881,1178,471.83148193359375,304.4774169921875,14.677490234375,8.77825927734375,1,-1,-1,-1
1901,1179,190.47039794921875,345.72943115234375,28.637039184570312,11.8990478515625,1,-1,-1,-1
1901,1178,430.4820251464844,298.1445617675781,15.180511474609375,9.4530029296875,1,-1,-1,-1
1921,1179,234.65896606445312,344.11810302734375,28.391876220703125,11.89080810546875,1,-1,-1,-1
1921,1178,347.3388366699219,293.21002197265625,17.649688720703125,10.05047607421875,1,-1,-1,-1
1941,1179,275.0008850097656,346.14208984375,28.557037353515625,11.490478515625,1,-1,-1,-1
1941,1178,256.9013366699219,291.8624267578125,15.962799072265625,9.124267578125,1,-1,-1,-1
1961,1179,311.236572265625,349.7310791015625,28.2015380859375,11.24945068359375,1,-1,-1,-1
1961,1178,207.977783203125,293.4473876953125,16.193740844726562,8.98858642578125,1,-1,-1,-1
1981,1179,327.56585693359375,357.115478515625,28.748291015625,10.8614501953125,1,-1,-1,-1
1981,1178,201.99285888671875,296.77435302734375,17.253799438476562,8.4427490234375,1,-1,-1,-1
