1,1193,424.21014404296875,323.51605224609375,15.969146728515625,9.5299072265625,1,-1,-1,-1
1,1194,354.03955078125,182.6821746826172,28.517059326171875,15.929718017578125,1,-1,-1,-1
21,1193,377.2372131347656,326.4658203125,13.777679443359375,8.10833740234375,1,-1,-1,-1
21,1194,353.75469970703125,183.6713104248047,28.375457763671875,15.13348388671875,1,-1,-1,-1
41,1193,285.9559326171875,327.24462890625,17.001556396484375,8.4227294921875,1,-1,-1,-1
41,1194,358.90179443359375,181.59141540527344,29.076995849609375,16.702484130859375,1,-1,-1,-1
61,1193,207.88653564453125,328.19342041015625,15.403945922851562,9.3414306640625,1,-1,-1,-1
61,1194,413.1420593261719,179.89486694335938,28.372711181640625,16.69952392578125,1,-1,-1,-1
81,1193,189.8439178466797,328.395263671875,16.971176147460938,8.52001953125,1,-1,-1,-1
81,1194,429.8527526855469,162.36859130859375,28.497406005859375,16.803863525390625,1,-1,-1,-1
101,1193,142.3400421142578,328.97076416015625,15.878738403320312,9.03936767578125,1,-1,-1,-1
101,1194,429.02764892578125,144.0378875732422,28.54522705078125,16.2672119140625,1,-1,-1,-1
121,1193,81.44539642333984,330.26129150390625,15.008621215820312,8.37176513671875,1,-1,-1,-1
121,1194,421.091796875,121.11170196533203,27.258544921875,16.587440490722656,1,-1,-1,-1
141,1193,19.72345542907715,330.0415344238281,13.92161750793457,7.84295654296875,1,-1,-1,-1
141,1194,409.78338623046875,104.28731536865234,28.350830078125,17.109771728515625,1,-1,-1,-1
161,1193,13.381675720214844,331.9504699707031,14.63296127319336,7.77838134765625,1,-1,-1,-1
161,1194,388.9679260253906,104.18266296386719,27.178955078125,16.5072021484375,1,-1,-1,-1
181,1193,11.498279571533203,354.90240478515625,13.966468811035156,7.070556640625,1,-1,-1,-1
181,1194,345.1629943847656,102.8084716796875,26.41693115234375,14.654953002929688,1,-1,-1,-1
201,1193,9.618677139282227,372.82073974609375,14.037109375,7.787109375,1,-1,-1,-1
201,1194,287.4893493652344,101.65702819824219,24.649810791015625,14.758392333984375,1,-1,-1,-1
221,1193,7.280300140380859,402.9803466796875,13.883079528808594,7.72552490234375,1,-1,-1,-1
221,1194,221.82443237304688,102.07234954833984,25.709762573242188,15.39013671875,1,-1,-1,-1
241,1193,9.84467601776123,411.900146484375,14.10688304901123,7.2679443359375,1,-1,-1,-1
241,1194,167.9176483154297,104.85661315917969,24.760787963867188,13.522186279296875,1,-1,-1,-1
261,1193,63.90707015991211,414.2812805175781,15.685367584228516,7.1544189453125,1,-1,-1,-1
261,1194,110.67774963378906,108.41807556152344,26.288711547851562,13.3690185546875,1,-1,-1,-1
281,1193,159.20851135253906,417.22747802734375,16.697921752929688,7.0582275390625,1,-1,-1,-1
281,1194,88.9804458618164,110.07331085205078,27.12451934814453,13.2642822265625,1,-1,-1,-1
301,1193,266.50811767578125,417.625244140625,17.515472412109375,7.3917236328125,1,-1,-1,-1
301,1194,92.18132019042969,101.32316589355469,27.482566833496094,13.25555419921875,1,-1,-1,-1
321,1193,373.15740966796875,415.8611755371094,19.133392333984375,7.778076171875,1,-1,-1,-1
321,1194,105.56987762451172,101.45024871826172,26.723793029785156,12.923797607421875,1,-1,-1,-1
341,1193,479.1824951171875,411.527587890625,15.987030029296875,8.85284423828125,1,-1,-1,-1
341,1194,144.74801635742188,100.5373306274414,25.6683349609375,13.577774047851562,1,-1,-1,-1
361,1193,557.0045776367188,407.5795593261719,15.82049560546875,9.5203857421875,1,-1,-1,-1
361,1194,200.48484802246094,98.54364013671875,23.880722045898438,13.913619995117188,1,-1,-1,-1
381,1193,573.1367797851562,390.6806945800781,15.2301025390625,8.8394775390625,1,-1,-1,-1
381,1194,278.8016052246094,96.62699127197266,23.434356689453125,14.35626220703125,1,-1,-1,-1
401,1193,564.8469848632812,344.2713928222656,16.08123779296875,9.67156982421875,1,-1,-1,-1
401,1194,346.05859375,106.69190216064453,25.2271728515625,14.075393676757812,1,-1,-1,-1
421,1193,556.4120483398438,298.91412353515625,17.0157470703125,11.1446533203125,1,-1,-1,-1
421,1194,385.3550720214844,131.05841064453125,25.173431396484375,12.831298828125,1,-1,-1,-1
441,1193,549.6822509765625,257.530029296875,16.59027099609375,10.8878173828125,1,-1,-1,-1
441,1194,401.2184143066406,114.7868881225586,26.382232666015625,17.08582305908203,1,-1,-1,-1
461,1193,542.8945922851562,214.92001342773438,16.17401123046875,11.6651611328125,1,-1,-1,-1
461,1194,408.10345458984375,102.75732421875,26.718658447265625,16.1922607421875,1,-1,-1,-1
481,1193,522.97021484375,212.9229278564453,16.6871337890625,11.62091064453125,1,-1,-1,-1
481,1194,404.34124755859375,112.90067291259766,25.695343017578125,15.657264709472656,1,-1,-1,-1
501,1193,460.76611328125,215.81101989746094,16.1322021484375,11.240447998046875,1,-1,-1,-1
501,1194,392.7524108886719,125.10511016845703,25.78515625,15.561088562011719,1,-1,-1,-1
521,1193,364.7406311035156,216.47923278808594,17.385498046875,11.457672119140625,1,-1,-1,-1
521,1194,362.1151123046875,130.94598388671875,24.809478759765625,14.824371337890625,1,-1,-1,-1
541,1193,264.8442687988281,218.8021697998047,16.94805908203125,10.264984130859375,1,-1,-1,-1
541,1194,293.85235595703125,132.60626220703125,23.46575927734375,15.541412353515625,1,-1,-1,-1
561,1193,178.74610900878906,222.5912322998047,15.448455810546875,9.758941650390625,1,-1,-1,-1
561,1194,186.78305053710938,134.07235717773438,21.845855712890625,15.795928955078125,1,-1,-1,-1
581,1193,144.63961791992188,226.25584411621094,15.284759521484375,9.391815185546875,1,-1,-1,-1
581,1194,197.67337036132812,137.85537719726562,21.972702026367188,13.797149658203125,1,-1,-1,-1
601,1193,146.76699829101562,229.04788208007812,15.049102783203125,9.162017822265625,1,-1,-1,-1
601,1194,269.55657958984375,139.69454956054688,23.029327392578125,13.33734130859375,1,-1,-1,-1
621,1193,132.740966796875,231.1212615966797,15.455398559570312,9.589202880859375,1,-1,-1,-1
621,1194,372.7694091796875,143.46316528320312,24.6729736328125,14.1263427734375,1,-1,-1,-1
641,1193,90.6527099609375,233.576171875,16.889877319335938,10.060302734375,1,-1,-1,-1
641,1194,429.79205322265625,135.04452514648438,25.07476806640625,15.78704833984375,1,-1,-1,-1
661,1193,44.597476959228516,238.2971649169922,15.653125762939453,8.9591064453125,1,-1,-1,-1
661,1194,432.21832275390625,129.7359619140625,25.56060791015625,15.844207763671875,1,-1,-1,-1
681,1193,39.77190399169922,269.0216064453125,15.33437728881836,8.23004150390625,1,-1,-1,-1
681,1194,396.1570739746094,136.27163696289062,25.907379150390625,15.04486083984375,1,-1,-1,-1
701,1193,37.837581634521484,296.40399169921875,14.399768829345703,8.22735595703125,1,-1,-1,-1
701,1194,360.9478759765625,153.74732971191406,25.241241455078125,14.755645751953125,1,-1,-1,-1
721,1193,42.66332244873047,297.7460632324219,15.025508880615234,7.829345703125,1,-1,-1,-1
721,1194,336.5595703125,175.4505615234375,25.034088134765625,14.508148193359375,1,-1,-1,-1
741,1193,87.75384521484375,297.359130859375,14.650367736816406,7.9412841796875,1,-1,-1,-1
741,1194,264.35980224609375,202.1425323486328,25.124176025390625,13.9969482421875,1,-1,-1,-1
761,1193,160.85340881347656,296.07733154296875,15.487930297851562,8.0264892578125,1,-1,-1,-1
761,1194,152.51263427734375,229.88975524902344,24.326431274414062,15.38873291015625,1,-1,-1,-1
781,1193,265.53662109375,294.11920166015625,16.42852783203125,8.64178466796875,1,-1,-1,-1
781,1194,131.77105712890625,250.41714477539062,25.487335205078125,12.0458984375,1,-1,-1,-1
801,1193,400.13531494140625,290.4524230957031,17.19091796875,9.8660888671875,1,-1,-1,-1
801,1194,127.96044921875,270.3575744628906,26.224609375,12.21685791015625,1,-1,-1,-1
821,1193,537.0302734375,285.9273986816406,16.60504150390625,10.978515625,1,-1,-1,-1
821,1194,151.111083984375,275.3597412109375,24.7603759765625,11.20916748046875,1,-1,-1,-1
841,1193,585.4498901367188,248.27615356445312,14.32330322265625,11.374755859375,1,-1,-1,-1
841,1194,207.5126953125,279.62042236328125,25.00531005859375,11.36431884765625,1,-1,-1,-1
861,1193,578.571533203125,190.6261749267578,16.61572265625,11.633819580078125,1,-1,-1,-1
861,1194,283.96466064453125,280.4632568359375,26.08734130859375,11.50140380859375,1,-1,-1,-1
881,1193,565.837158203125,136.24679565429688,15.4051513671875,11.9136962890625,1,-1,-1,-1
881,1194,365.76837158203125,281.2118225097656,25.98785400390625,13.14056396484375,1,-1,-1,-1
901,1193,552.5438232421875,96.60460662841797,14.76641845703125,12.328399658203125,1,-1,-1,-1
901,1194,397.34698486328125,281.756591796875,27.42608642578125,12.9478759765625,1,-1,-1,-1
921,1193,528.735107421875,95.8128890991211,15.68072509765625,12.188095092773438,1,-1,-1,-1
921,1194,398.58441162109375,270.7276611328125,26.35589599609375,13.04248046875,1,-1,-1,-1
941,1193,476.6954040527344,93.32203674316406,15.900787353515625,12.22052001953125,1,-1,-1,-1
941,1194,396.89141845703125,256.4993896484375,26.68060302734375,13.306640625,1,-1,-1,-1
961,1193,409.22662353515625,93.1777572631836,16.28570556640625,12.007186889648438,1,-1,-1,-1
961,1194,395.0902099609375,244.24598693847656,27.187896728515625,14.054336547851562,1,-1,-1,-1
981,1193,320.1771240234375,95.04531860351562,15.0537109375,8.5814208984375,1,-1,-1,-1
981,1194,392.83056640625,226.99887084960938,25.958038330078125,14.225128173828125,1,-1,-1,-1
1001,1193,224.46311950683594,96.82916259765625,13.835525512695312,8.757720947265625,1,-1,-1,-1
1001,1194,379.05816650390625,212.78099060058594,25.687164306640625,15.896240234375,1,-1,-1,-1
1021,1193,129.37945556640625,101.32960510253906,14.384902954101562,8.601531982421875,1,-1,-1,-1
1021,1194,293.939208984375,213.77886962890625,24.889984130859375,13.412322998046875,1,-1,-1,-1
1041,1193,78.75944519042969,103.41431427001953,15.339126586914062,9.888397216796875,1,-1,-1,-1
1041,1194,182.07675170898438,210.90283203125,23.99517822265625,12.81842041015625,1,-1,-1,-1
1061,1193,79.89287567138672,103.61168670654297,15.404655456542969,9.895370483398438,1,-1,-1,-1
1061,1194,144.9619140625,197.25083923339844,23.94342041015625,12.676513671875,1,-1,-1,-1
1081,1193,80.27943420410156,116.08563232421875,15.059150695800781,9.232879638671875,1,-1,-1,-1
1081,1194,159.4963836669922,177.92828369140625,23.337051391601562,12.76788330078125,1,-1,-1,-1
1101,1193,72.65318298339844,144.5145263671875,16.455078125,9.321990966796875,1,-1,-1,-1
1101,1194,213.59613037109375,159.77801513671875,23.417251586914062,13.482879638671875,1,-1,-1,-1
1121,1193,66.49093627929688,170.04141235351562,16.12725830078125,9.634521484375,1,-1,-1,-1
1121,1194,259.98529052734375,167.04893493652344,23.0333251953125,14.066650390625,1,-1,-1,-1
1141,1193,58.202964782714844,196.44590759277344,17.33289337158203,10.129730224609375,1,-1,-1,-1
1141,1194,285.6236877441406,205.7093048095703,25.5797119140625,13.532501220703125,1,-1,-1,-1
1161,1193,50.88750457763672,225.4088592529297,16.743087768554688,9.72314453125,1,-1,-1,-1
1161,1194,307.3182067871094,248.59323120117188,26.386138916015625,13.299346923828125,1,-1,-1,-1
1181,1193,47.41695022583008,250.96624755859375,15.867347717285156,9.214874267578125,1,-1,-1,-1
1181,1194,312.3778076171875,249.45640563964844,26.427734375,14.241622924804688,1,-1,-1,-1
1201,1193,42.2614860534668,288.771728515625,15.217056274414062,8.38311767578125,1,-1,-1,-1
1201,1194,317.90582275390625,267.0195617675781,25.745452880859375,14.02618408203125,1,-1,-1,-1
1221,1193,36.49422836303711,333.6087341308594,14.770305633544922,7.86737060546875,1,-1,-1,-1
1221,1194,318.5838317871094,298.8753967285156,23.906646728515625,12.22601318359375,1,-1,-1,-1
1241,1193,54.24886703491211,340.4963684082031,14.939456939697266,8.01788330078125,1,-1,-1,-1
1241,1194,319.3158264160156,332.8858642578125,21.43853759765625,10.2374267578125,1,-1,-1,-1
1261,1193,136.47091674804688,341.083984375,15.826019287109375,8.3427734375,1,-1,-1,-1
1261,1194,319.4771423339844,365.7415771484375,19.374786376953125,9.2569580078125,1,-1,-1,-1
1281,1193,264.9526062011719,342.7647399902344,15.43780517578125,7.93084716796875,1,-1,-1,-1
1281,1194,320.00921630859375,392.3016357421875,14.93408203125,6.5335693359375,1,-1,-1,-1
1301,1193,384.1073913574219,342.7048645019531,15.4818115234375,8.12896728515625,1,-1,-1,-1
1301,1194,314.147216796875,403.99786376953125,15.23248291015625,6.447509765625,1,-1,-1,-1
1321,1193,491.17205810546875,311.6180725097656,18.21282958984375,11.6873779296875,1,-1,-1,-1
1321,1194,316.2903137207031,409.9658508300781,16.145477294921875,6.693359375,1,-1,-1,-1
1341,1193,505.8515625,244.58184814453125,16.7158203125,11.327056884765625,1,-1,-1,-1
1341,1194,318.6481018066406,409.4520568847656,16.34613037109375,6.88818359375,1,-1,-1,-1
1361,1193,501.1616516113281,201.6750946044922,16.690521240234375,11.44378662109375,1,-1,-1,-1
1361,1194,321.8312072753906,399.7947082519531,18.68194580078125,7.06195068359375,1,-1,-1,-1
1381,1193,490.1231689453125,202.8896942138672,16.654754638671875,11.087615966796875,1,-1,-1,-1
1381,1194,325.186767578125,378.1400146484375,17.848358154296875,8.2763671875,1,-1,-1,-1
1401,1193,451.55865478515625,204.2760772705078,17.10577392578125,10.99505615234375,1,-1,-1,-1
1401,1194,322.701171875,354.9287414550781,20.41070556640625,8.92474365234375,1,-1,-1,-1
1421,1193,407.08355712890625,204.77304077148438,16.721954345703125,11.5760498046875,1,-1,-1,-1
1421,1194,307.0347900390625,337.6123352050781,21.90692138671875,10.38433837890625,1,-1,-1,-1
1441,1193,402.3578186035156,205.57275390625,16.969451904296875,10.860748291015625,1,-1,-1,-1
1441,1194,272.72381591796875,320.91876220703125,21.899078369140625,10.51080322265625,1,-1,-1,-1
1461,1193,401.0752868652344,206.0534210205078,16.79168701171875,11.734954833984375,1,-1,-1,-1
1461,1194,225.037841796875,308.920166015625,21.76043701171875,9.94091796875,1,-1,-1,-1
1481,1193,352.9570007324219,206.51487731933594,17.14141845703125,10.9268798828125,1,-1,-1,-1
1481,1194,169.46502685546875,300.85784912109375,23.02166748046875,10.52618408203125,1,-1,-1,-1
1501,1193,282.85894775390625,197.23904418945312,15.064971923828125,10.797821044921875,1,-1,-1,-1
1501,1194,122.66826629638672,279.863037109375,25.175209045410156,11.16949462890625,1,-1,-1,-1
1521,1193,270.80731201171875,171.40663146972656,14.406829833984375,10.69000244140625,1,-1,-1,-1
1521,1194,123.91517639160156,275.73101806640625,23.442596435546875,10.99224853515625,1,-1,-1,-1
1541,1193,273.0673522949219,169.24134826660156,14.414093017578125,11.2349853515625,1,-1,-1,-1
1541,1194,157.1383819580078,277.94781494140625,23.833984375,9.95111083984375,1,-1,-1,-1
1561,1193,274.5634460449219,196.98536682128906,15.881256103515625,10.330352783203125,1,-1,-1,-1
1561,1194,219.60003662109375,278.1333312988281,23.7662353515625,11.35430908203125,1,-1,-1,-1
1581,1193,277.8065185546875,239.4980010986328,16.373016357421875,10.219390869140625,1,-1,-1,-1
1581,1194,292.81689453125,279.74493408203125,25.0374755859375,11.564453125,1,-1,-1,-1
1601,1193,279.63201904296875,293.988037109375,15.6143798828125,9.38702392578125,1,-1,-1,-1
1601,1194,349.1583251953125,279.6684265136719,23.72613525390625,13.181396484375,1,-1,-1,-1
1621,1193,279.4181823730469,353.338134765625,13.911590576171875,7.7593994140625,1,-1,-1,-1
1621,1194,357.8945617675781,273.7353210449219,24.120025634765625,12.8726806640625,1,-1,-1,-1
1641,1193,272.2454833984375,417.5568542480469,16.262786865234375,7.6572265625,1,-1,-1,-1
1641,1194,320.1341247558594,275.000732421875,23.3172607421875,12.05096435546875,1,-1,-1,-1
1661,1193,271.7542419433594,442.688720703125,15.184051513671875,6.1273193359375,1,-1,-1,-1
1661,1194,260.96343994140625,278.1682434082031,23.35162353515625,11.2470703125,1,-1,-1,-1
1681,1193,272.254150390625,409.1199951171875,14.90264892578125,6.03619384765625,1,-1,-1,-1
1681,1194,230.6405792236328,301.02886962890625,23.684127807617188,10.8851318359375,1,-1,-1,-1
1701,1193,273.4420471191406,373.92022705078125,15.376190185546875,8.01580810546875,1,-1,-1,-1
1701,1194,232.38613891601562,334.0645751953125,23.304244995117188,10.6451416015625,1,-1,-1,-1
1721,1193,274.1068115234375,343.9209289550781,15.072601318359375,7.86279296875,1,-1,-1,-1
1721,1194,236.4610595703125,369.0570068359375,24.68499755859375,9.65167236328125,1,-1,-1,-1
1741,1193,273.89898681640625,313.3423156738281,16.603179931640625,9.12994384765625,1,-1,-1,-1
1741,1194,238.93434143066406,397.6890869140625,24.495346069335938,9.531494140625,1,-1,-1,-1
1761,1193,273.8525085449219,275.4986877441406,16.341400146484375,9.75238037109375,1,-1,-1,-1
1761,1194,243.4835968017578,408.3062744140625,24.689743041992188,10.7564697265625,1,-1,-1,-1
1781,1193,274.68499755859375,231.03834533691406,15.5711669921875,10.228240966796875,1,-1,-1,-1
1781,1194,248.7826385498047,407.1026611328125,24.522994995117188,10.30767822265625,1,-1,-1,-1
1801,1193,276.304931640625,167.05699157714844,15.003021240234375,10.239715576171875,1,-1,-1,-1
1801,1194,258.0921630859375,411.4457092285156,21.631927490234375,9.14764404296875,1,-1,-1,-1
1821,1193,279.9877624511719,112.39785766601562,12.505401611328125,7.8632659912109375,1,-1,-1,-1
1821,1194,265.92425537109375,433.209716796875,20.5313720703125,7.962890625,1,-1,-1,-1
1841,1193,275.60418701171875,86.50432586669922,11.5106201171875,7.781341552734375,1,-1,-1,-1
1841,1194,271.2109680175781,433.8441162109375,19.41998291015625,7.6524658203125,1,-1,-1,-1
1861,1193,221.9814910888672,88.9196548461914,10.905410766601562,8.024200439453125,1,-1,-1,-1
1861,1194,271.3338928222656,414.0674743652344,17.73992919921875,6.81707763671875,1,-1,-1,-1
1881,1193,123.322021484375,92.80038452148438,15.271148681640625,9.310760498046875,1,-1,-1,-1
1881,1194,248.90322875976562,397.5755920410156,17.843109130859375,6.85809326171875,1,-1,-1,-1
1901,1193,87.78620910644531,96.66984558105469,13.861198425292969,9.620162963867188,1,-1,-1,-1
1901,1194,214.75180053710938,380.526123046875,16.931304931640625,7.79132080078125,1,-1,-1,-1
1921,1193,124.62296295166016,94.95308685302734,15.354438781738281,8.48345947265625,1,-1,-1,-1
1921,1194,162.634521484375,355.7029113769531,18.587875366210938,8.744140625,1,-1,-1,-1
1941,1193,220.61114501953125,90.58061218261719,11.754806518554688,7.9688873291015625,1,-1,-1,-1
1941,1194,132.83956909179688,331.8013610839844,17.67608642578125,8.58746337890625,1,-1,-1,-1
1961,1193,346.6728515625,86.24813079833984,14.98284912109375,9.976547241210938,1,-1,-1,-1
1961,1194,146.8785858154297,307.9302673339844,19.405532836914062,9.46258544921875,1,-1,-1,-1
1981,1193,462.884521484375,83.84208679199219,15.983734130859375,12.031936645507812,1,-1,-1,-1
1981,1194,160.97418212890625,285.0670166015625,18.282394409179688,9.96697998046875,1,-1,-1,-1
