1,1491,263.1677551269531,321.4183654785156,22.711395263671875,15.29931640625,1,-1,-1,-1
1,1492,243.52354431152344,363.0303649902344,13.540084838867188,9.36798095703125,1,-1,-1,-1
21,1491,264.3631286621094,324.6391906738281,22.0706787109375,14.77764892578125,1,-1,-1,-1
21,1492,243.16461181640625,362.9731750488281,13.816497802734375,9.301513671875,1,-1,-1,-1
41,1491,257.670166015625,278.2414855957031,22.0352783203125,15.695556640625,1,-1,-1,-1
41,1492,242.9989013671875,362.3227233886719,13.52691650390625,9.4515380859375,1,-1,-1,-1
61,1491,253.18081665039062,262.6702575683594,22.08880615234375,16.048095703125,1,-1,-1,-1
61,1492,243.267333984375,361.4686584472656,13.01055908203125,9.3065185546875,1,-1,-1,-1
81,1491,270.57818603515625,253.06642150878906,22.995452880859375,13.689346313476562,1,-1,-1,-1
81,1492,243.43069458007812,360.91180419921875,12.828582763671875,9.41009521484375,1,-1,-1,-1
101,1491,304.7723388671875,195.67750549316406,22.696380615234375,17.427520751953125,1,-1,-1,-1
101,1492,242.6456298828125,360.29107666015625,13.903167724609375,9.501953125,1,-1,-1,-1
121,1491,296.2376403808594,140.87034606933594,21.527801513671875,14.63824462890625,1,-1,-1,-1
121,1492,242.02395629882812,359.9241943359375,13.861663818359375,9.2005615234375,1,-1,-1,-1
141,1491,311.68011474609375,103.73876190185547,22.965606689453125,17.859298706054688,1,-1,-1,-1
141,1492,242.17735290527344,359.2724304199219,13.536605834960938,9.276611328125,1,-1,-1,-1
161,1491,354.0731506347656,132.40414428710938,20.28204345703125,13.78204345703125,1,-1,-1,-1
161,1492,267.2509460449219,348.8844909667969,13.60845947265625,8.46875,1,-1,-1,-1
181,1491,417.37750244140625,115.33479309082031,21.47430419921875,14.215408325195312,1,-1,-1,-1
181,1492,348.84881591796875,314.17132568359375,11.9140625,11.63897705078125,1,-1,-1,-1
201,1491,478.61474609375,82.17414855957031,19.6888427734375,16.5966796875,1,-1,-1,-1
201,1492,388.1372375488281,298.6296691894531,13.651885986328125,8.549072265625,1,-1,-1,-1
221,1491,519.640869140625,148.68255615234375,20.763671875,17.530242919921875,1,-1,-1,-1
221,1492,477.733154296875,260.5927429199219,13.1142578125,9.1990966796875,1,-1,-1,-1
241,1491,550.3709716796875,213.13543701171875,19.90234375,15.64178466796875,1,-1,-1,-1
241,1492,550.3715209960938,213.1354217529297,19.90325927734375,15.64312744140625,1,-1,-1,-1
261,1491,546.3532104492188,230.41368103027344,13.67694091796875,11.333648681640625,1,-1,-1,-1
261,1492,546.3532104492188,230.41368103027344,13.67694091796875,11.333648681640625,1,-1,-1,-1
281,1491,529.8555297851562,238.615966796875,12.641357421875,11.79046630859375,1,-1,-1,-1
281,1492,529.8555297851562,238.615966796875,12.641357421875,11.79046630859375,1,-1,-1,-1
301,1491,459.0702819824219,270.161865234375,12.873138427734375,11.4644775390625,1,-1,-1,-1
301,1492,459.0702819824219,270.161865234375,12.873138427734375,11.4644775390625,1,-1,-1,-1
321,1491,365.711669921875,311.1941223144531,13.545166015625,10.6583251953125,1,-1,-1,-1
321,1492,365.711669921875,311.1941223144531,13.545166015625,10.6583251953125,1,-1,-1,-1
341,1491,283.7440490722656,343.0344543457031,22.79998779296875,13.7574462890625,1,-1,-1,-1
341,1492,283.7440490722656,343.0344543457031,22.79998779296875,13.7574462890625,1,-1,-1,-1
361,1491,278.62713623046875,341.8407897949219,35.7186279296875,17.63922119140625,1,-1,-1,-1
361,1492,278.62713623046875,341.8407897949219,35.7186279296875,17.63922119140625,1,-1,-1,-1
381,1493,285.9599609375,333.531494140625,20.386199951171875,10.43988037109375,1,-1,-1,-1
401,1493,267.5743103027344,292.4194641113281,20.537628173828125,14.1962890625,1,-1,-1,-1
421,1493,258.728759765625,242.71824645996094,19.924102783203125,15.020950317382812,1,-1,-1,-1
441,1493,251.23385620117188,200.213134765625,19.718292236328125,14.933685302734375,1,-1,-1,-1
461,1493,252.83746337890625,201.075927734375,19.279205322265625,17.23858642578125,1,-1,-1,-1
481,1493,202.33299255371094,243.624267578125,18.060531616210938,11.313385009765625,1,-1,-1,-1
501,1493,196.20985412597656,199.23614501953125,17.132339477539062,13.8603515625,1,-1,-1,-1
521,1493,193.59938049316406,182.17486572265625,16.636306762695312,13.623321533203125,1,-1,-1,-1
541,1493,186.00538635253906,178.36624145507812,17.24169921875,14.282440185546875,1,-1,-1,-1
561,1493,187.43463134765625,170.6043243408203,18.059539794921875,13.746551513671875,1,-1,-1,-1
581,1493,220.25482177734375,147.84420776367188,18.336868286132812,13.33477783203125,1,-1,-1,-1
601,1493,261.8252868652344,116.33122253417969,18.813018798828125,15.630615234375,1,-1,-1,-1
621,1493,288.10943603515625,183.1472625732422,20.35235595703125,16.49853515625,1,-1,-1,-1
641,1493,314.45166015625,244.08815002441406,21.1014404296875,15.071884155273438,1,-1,-1,-1
661,1493,352.2619934082031,220.2994384765625,21.7122802734375,14.12677001953125,1,-1,-1,-1
681,1493,397.39886474609375,209.58840942382812,21.6802978515625,18.20440673828125,1,-1,-1,-1
701,1494,282.639404296875,354.2200927734375,13.78143310546875,8.78857421875,1,-1,-1,-1
701,1493,438.43133544921875,314.735107421875,23.8577880859375,16.111083984375,1,-1,-1,-1
721,1494,374.64678955078125,316.97723388671875,13.87628173828125,9.1348876953125,1,-1,-1,-1
721,1493,434.28033447265625,318.313720703125,23.89715576171875,15.72454833984375,1,-1,-1,-1
741,1494,424.25714111328125,313.503173828125,24.56756591796875,16.49664306640625,1,-1,-1,-1
741,1493,424.25714111328125,313.503173828125,24.56756591796875,16.49664306640625,1,-1,-1,-1
761,1494,404.0106506347656,320.3749084472656,23.38775634765625,16.91009521484375,1,-1,-1,-1
761,1493,404.0106506347656,320.3749084472656,23.38775634765625,16.91009521484375,1,-1,-1,-1
781,1494,351.88116455078125,331.46343994140625,22.445465087890625,14.9810791015625,1,-1,-1,-1
781,1493,351.8812255859375,331.46343994140625,22.4454345703125,14.9810791015625,1,-1,-1,-1
801,1494,307.7008361816406,319.46209716796875,22.30645751953125,15.75860595703125,1,-1,-1,-1
801,1493,307.7008361816406,319.46209716796875,22.30645751953125,15.75860595703125,1,-1,-1,-1
821,1494,307.11907958984375,327.11993408203125,22.22882080078125,16.09930419921875,1,-1,-1,-1
821,1493,307.11907958984375,327.11993408203125,22.22882080078125,16.09930419921875,1,-1,-1,-1
841,1494,271.52398681640625,352.1963806152344,20.39892578125,12.06640625,1,-1,-1,-1
841,1493,271.52398681640625,352.1963806152344,20.39892578125,12.06640625,1,-1,-1,-1
861,1494,260.81671142578125,303.3170471191406,19.94671630859375,13.9495849609375,1,-1,-1,-1
861,1493,260.81671142578125,303.3170471191406,19.94671630859375,13.9495849609375,1,-1,-1,-1
881,1494,247.86093139648438,244.11431884765625,19.418548583984375,14.3333740234375,1,-1,-1,-1
881,1493,247.86093139648438,244.11431884765625,19.418548583984375,14.3333740234375,1,-1,-1,-1
901,1494,244.21969604492188,216.9593048095703,19.29803466796875,14.1368408203125,1,-1,-1,-1
901,1493,244.21969604492188,216.9593048095703,19.29803466796875,14.1368408203125,1,-1,-1,-1
921,1494,255.86712646484375,244.8166961669922,19.471649169921875,14.484024047851562,1,-1,-1,-1
921,1493,255.86712646484375,244.8166961669922,19.471649169921875,14.484024047851562,1,-1,-1,-1
941,1494,262.9182434082031,250.46923828125,19.2139892578125,14.7386474609375,1,-1,-1,-1
941,1493,262.9182434082031,250.46923828125,19.2139892578125,14.7386474609375,1,-1,-1,-1
961,1495,189.40383911132812,407.49945068359375,12.831344604492188,7.764892578125,1,-1,-1,-1
961,1494,258.51263427734375,247.6612091064453,19.802642822265625,14.832534790039062,1,-1,-1,-1
961,1493,258.5126037597656,247.66119384765625,19.802642822265625,14.832550048828125,1,-1,-1,-1
981,1495,186.1464080810547,407.73187255859375,13.202056884765625,7.672119140625,1,-1,-1,-1
981,1494,248.7078857421875,199.31517028808594,18.40032958984375,11.8236083984375,1,-1,-1,-1
981,1493,248.7078857421875,199.31517028808594,18.40032958984375,11.8236083984375,1,-1,-1,-1
1001,1495,245.91000366210938,383.3302307128906,13.343505859375,7.9091796875,1,-1,-1,-1
1001,1494,322.0703430175781,144.0789794921875,20.169921875,17.994781494140625,1,-1,-1,-1
1001,1493,322.0703430175781,144.0789794921875,20.169921875,17.994781494140625,1,-1,-1,-1
1021,1495,331.0029296875,346.3660888671875,13.91754150390625,10.10491943359375,1,-1,-1,-1
1021,1494,359.0186767578125,150.90243530273438,22.64556884765625,17.550933837890625,1,-1,-1,-1
1021,1493,359.0186767578125,150.90243530273438,22.64556884765625,17.550933837890625,1,-1,-1,-1
1041,1495,380.558837890625,325.8077087402344,13.944580078125,8.99908447265625,1,-1,-1,-1
1041,1494,362.56939697265625,163.9005889892578,21.46270751953125,18.83441162109375,1,-1,-1,-1
1041,1493,362.56939697265625,163.9005889892578,21.46270751953125,18.83441162109375,1,-1,-1,-1
1061,1495,425.80694580078125,305.871826171875,12.68707275390625,10.12030029296875,1,-1,-1,-1
1061,1494,293.587890625,211.67178344726562,21.272369384765625,13.145050048828125,1,-1,-1,-1
1061,1493,293.587890625,211.67178344726562,21.272369384765625,13.145050048828125,1,-1,-1,-1
1081,1495,438.9477844238281,299.360595703125,13.58056640625,9.4095458984375,1,-1,-1,-1
1081,1494,267.6302795410156,199.76107788085938,21.10516357421875,14.6424560546875,1,-1,-1,-1
1081,1493,267.6302795410156,199.76109313964844,21.10516357421875,14.642425537109375,1,-1,-1,-1
1101,1495,453.6199645996094,291.0025329589844,13.36761474609375,10.69696044921875,1,-1,-1,-1
1101,1494,248.904541015625,203.36184692382812,19.34332275390625,15.690765380859375,1,-1,-1,-1
1101,1493,248.904541015625,203.36184692382812,19.34332275390625,15.690765380859375,1,-1,-1,-1
1121,1495,450.97711181640625,282.4034118652344,13.26947021484375,10.051513671875,1,-1,-1,-1
1121,1494,213.2982635498047,219.802490234375,17.067062377929688,13.27154541015625,1,-1,-1,-1
1121,1493,213.2982635498047,219.802490234375,17.067062377929688,13.27154541015625,1,-1,-1,-1
1141,1495,443.69146728515625,261.6876220703125,13.274627685546875,10.4141845703125,1,-1,-1,-1
1141,1494,205.09893798828125,209.838623046875,17.923614501953125,14.492156982421875,1,-1,-1,-1
1141,1493,205.09893798828125,209.83859252929688,17.923614501953125,14.492156982421875,1,-1,-1,-1
1161,1495,441.89422607421875,257.36712646484375,13.522705078125,10.0968017578125,1,-1,-1,-1
1161,1494,193.87490844726562,204.99472045898438,17.71820068359375,13.085693359375,1,-1,-1,-1
1161,1493,193.87490844726562,204.99472045898438,17.71820068359375,13.085693359375,1,-1,-1,-1
1181,1495,438.34765625,247.20045471191406,13.08160400390625,10.172714233398438,1,-1,-1,-1
1181,1494,168.48402404785156,192.27378845214844,18.183013916015625,14.296539306640625,1,-1,-1,-1
1181,1493,168.48403930664062,192.27378845214844,18.1829833984375,14.296539306640625,1,-1,-1,-1
1201,1495,437.0663146972656,246.19680786132812,13.153533935546875,10.470611572265625,1,-1,-1,-1
1201,1494,168.63523864746094,246.66766357421875,20.74053955078125,14.459991455078125,1,-1,-1,-1
1201,1493,168.63523864746094,246.66766357421875,20.74053955078125,14.459991455078125,1,-1,-1,-1
1221,1495,436.0500793457031,245.96795654296875,13.550567626953125,10.342803955078125,1,-1,-1,-1
1221,1494,172.94859313964844,260.0467529296875,19.55322265625,14.34466552734375,1,-1,-1,-1
1221,1493,172.9486083984375,260.0467529296875,19.553192138671875,14.34466552734375,1,-1,-1,-1
1241,1495,434.89935302734375,246.03823852539062,13.67822265625,10.39556884765625,1,-1,-1,-1
1241,1494,186.11143493652344,243.58218383789062,21.219741821289062,16.00140380859375,1,-1,-1,-1
1241,1493,186.11143493652344,243.58218383789062,21.219741821289062,16.00140380859375,1,-1,-1,-1
1261,1495,434.771240234375,246.13894653320312,13.26727294921875,10.427520751953125,1,-1,-1,-1
1261,1494,185.1612091064453,241.20364379882812,20.287521362304688,15.407440185546875,1,-1,-1,-1
1261,1493,185.1612091064453,241.20364379882812,20.287521362304688,15.407440185546875,1,-1,-1,-1
1281,1495,434.5452575683594,246.73001098632812,13.780426025390625,10.105926513671875,1,-1,-1,-1
1281,1494,186.13282775878906,244.4834747314453,21.197708129882812,14.647567749023438,1,-1,-1,-1
1281,1493,186.13282775878906,244.4834747314453,21.197708129882812,14.647567749023438,1,-1,-1,-1
1301,1495,435.0831604003906,246.6131134033203,13.750823974609375,10.378219604492188,1,-1,-1,-1
1301,1494,189.94992065429688,244.5121307373047,19.977020263671875,14.480178833007812,1,-1,-1,-1
1301,1493,189.94992065429688,244.5121307373047,19.977020263671875,14.480178833007812,1,-1,-1,-1
1321,1495,435.25018310546875,246.78565979003906,13.72869873046875,10.557113647460938,1,-1,-1,-1
1321,1494,190.03822326660156,243.12791442871094,20.317123413085938,15.111282348632812,1,-1,-1,-1
1321,1493,190.03822326660156,243.12791442871094,20.317123413085938,15.111282348632812,1,-1,-1,-1
1341,1495,434.9203186035156,247.76673889160156,13.498138427734375,10.538650512695312,1,-1,-1,-1
1341,1494,196.6942138671875,245.66305541992188,20.733001708984375,15.244415283203125,1,-1,-1,-1
1341,1493,196.6942138671875,245.66305541992188,20.733001708984375,15.244415283203125,1,-1,-1,-1
1361,1495,434.4414978027344,248.60691833496094,13.452972412109375,10.959732055664062,1,-1,-1,-1
1361,1494,237.48899841308594,266.41998291015625,19.514572143554688,13.06756591796875,1,-1,-1,-1
1361,1493,237.48899841308594,266.41998291015625,19.514572143554688,13.06756591796875,1,-1,-1,-1
1381,1495,422.1571044921875,254.0331573486328,13.18267822265625,11.255386352539062,1,-1,-1,-1
1381,1494,241.83990478515625,265.86517333984375,19.139556884765625,13.34527587890625,1,-1,-1,-1
1381,1493,241.83990478515625,265.86517333984375,19.139556884765625,13.34527587890625,1,-1,-1,-1
1401,1495,410.2571105957031,260.2797546386719,14.070587158203125,9.93609619140625,1,-1,-1,-1
1401,1494,234.22747802734375,259.462158203125,20.355499267578125,14.68463134765625,1,-1,-1,-1
1401,1493,234.22747802734375,259.462158203125,20.355499267578125,14.68463134765625,1,-1,-1,-1
1421,1495,405.4167175292969,262.9165954589844,13.221832275390625,9.8929443359375,1,-1,-1,-1
1421,1494,236.88909912109375,260.80450439453125,19.59051513671875,14.5843505859375,1,-1,-1,-1
1421,1493,236.88909912109375,260.80450439453125,19.59051513671875,14.5843505859375,1,-1,-1,-1
1441,1495,405.5169372558594,263.1929016113281,13.3701171875,10.036865234375,1,-1,-1,-1
1441,1494,237.41273498535156,262.9237365722656,19.663314819335938,14.123291015625,1,-1,-1,-1
1441,1493,237.41273498535156,262.9237365722656,19.663314819335938,14.123291015625,1,-1,-1,-1
1461,1495,406.39410400390625,262.95513916015625,13.322998046875,9.64007568359375,1,-1,-1,-1
1461,1494,237.493408203125,262.79510498046875,20.062164306640625,14.14410400390625,1,-1,-1,-1
1461,1493,237.493408203125,262.79510498046875,20.062164306640625,14.14410400390625,1,-1,-1,-1
1481,1495,407.0942687988281,262.1160888671875,12.958892822265625,9.968017578125,1,-1,-1,-1
1481,1494,232.9332733154297,236.537841796875,20.348617553710938,14.45123291015625,1,-1,-1,-1
1481,1493,232.9332733154297,236.537841796875,20.348617553710938,14.45123291015625,1,-1,-1,-1
1501,1495,402.4480895996094,262.97027587890625,12.834320068359375,10.4522705078125,1,-1,-1,-1
1501,1494,230.1836395263672,215.83946228027344,19.360580444335938,12.864166259765625,1,-1,-1,-1
1501,1493,230.1836395263672,215.83946228027344,19.360580444335938,12.864166259765625,1,-1,-1,-1
1521,1495,373.9945068359375,275.6873474121094,13.076263427734375,9.248779296875,1,-1,-1,-1
1521,1494,266.17041015625,189.19561767578125,20.625823974609375,15.2720947265625,1,-1,-1,-1
1521,1493,266.17041015625,189.19561767578125,20.625823974609375,15.2720947265625,1,-1,-1,-1
1541,1495,365.258544921875,279.6410827636719,12.7047119140625,9.921630859375,1,-1,-1,-1
1541,1494,304.4033508300781,203.69906616210938,21.716827392578125,15.11181640625,1,-1,-1,-1
1541,1493,304.4033508300781,203.69906616210938,21.716827392578125,15.11181640625,1,-1,-1,-1
1561,1495,346.16571044921875,288.284912109375,12.91290283203125,9.72540283203125,1,-1,-1,-1
1561,1494,318.0220642089844,246.8452911376953,21.852447509765625,15.498428344726562,1,-1,-1,-1
1561,1493,318.0220642089844,246.8452911376953,21.852447509765625,15.498428344726562,1,-1,-1,-1
1581,1496,338.4651184082031,319.61956787109375,21.307220458984375,14.005615234375,1,-1,-1,-1
1601,1496,331.504150390625,312.0763244628906,21.816162109375,14.50897216796875,1,-1,-1,-1
1621,1497,312.4346618652344,262.4018249511719,22.020172119140625,15.68133544921875,1,-1,-1,-1
1641,1498,292.8328552246094,314.2640686035156,12.835662841796875,9.47723388671875,1,-1,-1,-1
1641,1497,291.6212463378906,221.25804138183594,20.866607666015625,19.74566650390625,1,-1,-1,-1
1661,1498,271.57720947265625,322.6027526855469,11.91253662109375,10.32757568359375,1,-1,-1,-1
1661,1497,255.92257690429688,246.4553680419922,20.523162841796875,14.522933959960938,1,-1,-1,-1
1681,1498,232.74798583984375,340.7986755371094,12.22161865234375,7.82220458984375,1,-1,-1,-1
1681,1497,245.3341064453125,253.92274475097656,20.40252685546875,13.882339477539062,1,-1,-1,-1
1701,1498,230.58511352539062,341.0144958496094,12.412490844726562,9.34466552734375,1,-1,-1,-1
1701,1497,241.36752319335938,228.9580841064453,19.429962158203125,14.567718505859375,1,-1,-1,-1
1721,1498,215.03469848632812,347.4584045410156,11.709976196289062,9.6705322265625,1,-1,-1,-1
1721,1497,260.31732177734375,184.42112731933594,20.876495361328125,12.971435546875,1,-1,-1,-1
1741,1498,193.38449096679688,357.78643798828125,12.413406372070312,8.12548828125,1,-1,-1,-1
1741,1497,338.0535583496094,141.24337768554688,22.231048583984375,19.25201416015625,1,-1,-1,-1
1761,1498,193.59674072265625,357.52972412109375,12.326171875,8.26788330078125,1,-1,-1,-1
1761,1497,359.97332763671875,171.4524688720703,22.626495361328125,15.852996826171875,1,-1,-1,-1
1781,1498,204.9502716064453,351.345458984375,13.350143432617188,8.046142578125,1,-1,-1,-1
1781,1497,416.78387451171875,131.02549743652344,23.925689697265625,17.866485595703125,1,-1,-1,-1
1801,1498,245.01275634765625,330.7313537597656,12.827484130859375,8.2589111328125,1,-1,-1,-1
1801,1497,468.09234619140625,92.54273986816406,22.2869873046875,17.906021118164062,1,-1,-1,-1
1821,1498,308.6150817871094,297.9255676269531,13.298187255859375,9.20611572265625,1,-1,-1,-1
1821,1497,447.7759094238281,62.984561920166016,25.38446044921875,20.681964874267578,1,-1,-1,-1
1841,1498,380.6806945800781,261.4097595214844,13.820892333984375,10.013916015625,1,-1,-1,-1
1841,1497,469.83685302734375,119.14785766601562,26.127777099609375,22.2672119140625,1,-1,-1,-1
1861,1498,431.720947265625,235.3026123046875,12.8582763671875,12.07672119140625,1,-1,-1,-1
1861,1497,526.2614135742188,235.16070556640625,26.6129150390625,21.889373779296875,1,-1,-1,-1
1881,1498,434.5979309082031,234.47503662109375,13.918975830078125,10.314666748046875,1,-1,-1,-1
1881,1497,541.932373046875,329.08367919921875,25.970458984375,22.487548828125,1,-1,-1,-1
1901,1498,458.31793212890625,223.0401611328125,14.5904541015625,10.28802490234375,1,-1,-1,-1
1901,1497,341.77166748046875,425.1710510253906,28.546295166015625,19.00311279296875,1,-1,-1,-1
1921,1498,502.5377197265625,201.14779663085938,12.99713134765625,12.1856689453125,1,-1,-1,-1
1921,1497,214.48992919921875,457.9472961425781,23.739471435546875,11.999267578125,1,-1,-1,-1
1941,1498,513.087158203125,195.76800537109375,13.5709228515625,11.424774169921875,1,-1,-1,-1
1941,1497,192.35690307617188,368.082275390625,22.503509521484375,13.889404296875,1,-1,-1,-1
1961,1498,502.34881591796875,200.56153869628906,13.1541748046875,11.97454833984375,1,-1,-1,-1
1961,1497,193.17955017089844,355.1187438964844,22.996902465820312,13.97955322265625,1,-1,-1,-1
1981,1498,454.2253112792969,223.0998077392578,13.300628662109375,11.571533203125,1,-1,-1,-1
1981,1497,199.7400665283203,343.1105041503906,23.216201782226562,14.10223388671875,1,-1,-1,-1
