1,504.0,514.0,290.5,21.0,8.5,0.48,-1,-1,-1
1,503.0,376.0,202.9,14.5,5.5,0.48,-1,-1,-1
1,502.0,155.6,217.0,16.7,9.0,0.48,-1,-1,-1
21,505.0,547.7,267.2,18.3,7.2,1.11,-1,-1,-1
21,503.0,363.6,202.9,14.6,5.3,1.11,-1,-1,-1
21,502.0,154.2,234.4,14.8,7.2,1.11,-1,-1,-1
41,505.0,418.1,230.5,41.3,20.4,1.11,-1,-1,-1
41,503.0,336.6,202.5,14.3,5.7,1.11,-1,-1,-1
41,502.0,152.7,248.0,13.6,5.8,1.11,-1,-1,-1
61,505.0,275.0,244.6,50.5,19.3,1.11,-1,-1,-1
61,503.0,295.1,203.1,15.5,5.2,1.11,-1,-1,-1
61,502.0,154.1,248.9,11.8,4.6,1.11,-1,-1,-1
81,505.0,260.8,222.6,43.8,19.1,1.11,-1,-1,-1
81,503.0,263.6,202.6,14.3,6.9,1.11,-1,-1,-1
81,502.0,155.2,276.5,11.8,5.7,1.11,-1,-1,-1
101,505.0,264.3,202.6,64.9,20.6,1.11,-1,-1,-1
101,502.0,152.2,290.3,13.2,6.1,1.11,-1,-1,-1
121,508.0,313.7,202.7,15.9,7.0,1.11,-1,-1,-1
121,507.0,153.4,268.3,12.4,5.2,1.11,-1,-1,-1
121,505.0,308.3,151.1,72.2,25.9,1.11,-1,-1,-1
141,508.0,367.8,202.8,16.0,7.7,1.11,-1,-1,-1
141,505.0,348.9,78.5,98.7,42.0,1.11,-1,-1,-1
161,505.0,328.4,188.2,112.6,41.4,1.11,-1,-1,-1
181,508.0,383.0,192.3,14.7,5.5,1.11,-1,-1,-1
181,505.0,330.8,232.7,98.0,37.9,1.11,-1,-1,-1
201,519.0,154.7,233.0,12.1,5.6,0.73,-1,-1,-1
201,508.0,384.2,180.7,16.8,10.2,1.11,-1,-1,-1
201,505.0,487.5,249.9,73.7,23.8,1.11,-1,-1,-1
221,519.0,156.4,178.0,13.2,5.5,1.11,-1,-1,-1
221,508.0,381.8,193.4,17.3,9.7,1.11,-1,-1,-1
221,505.0,428.3,249.8,91.0,26.7,1.11,-1,-1,-1
241,519.0,159.0,136.8,12.4,4.9,1.11,-1,-1,-1
241,508.0,378.9,217.2,15.6,7.0,1.11,-1,-1,-1
241,505.0,325.4,303.7,93.4,22.6,1.11,-1,-1,-1
261,519.0,160.9,115.9,11.8,4.5,1.11,-1,-1,-1
261,508.0,378.2,233.6,13.2,6.1,1.11,-1,-1,-1
261,505.0,316.4,299.6,108.5,34.3,1.11,-1,-1,-1
281,519.0,173.3,116.8,13.1,6.0,1.11,-1,-1,-1
281,508.0,378.3,236.3,12.7,5.8,1.11,-1,-1,-1
281,505.0,374.9,276.4,135.3,34.6,1.11,-1,-1,-1
301,520.0,363.3,278.6,151.2,39.2,1.11,-1,-1,-1
301,519.0,225.1,121.6,12.1,4.2,1.11,-1,-1,-1
301,508.0,379.1,229.4,14.5,5.4,1.11,-1,-1,-1
301,505.0,378.4,279.2,108.9,34.7,1.11,-1,-1,-1
321,520.0,345.6,327.8,149.6,39.1,1.11,-1,-1,-1
321,519.0,253.6,123.1,12.2,4.8,1.11,-1,-1,-1
321,508.0,384.4,213.7,11.1,6.2,1.11,-1,-1,-1
341,522.0,164.2,327.1,131.7,28.6,1.11,-1,-1,-1
341,520.0,153.4,323.4,162.0,40.8,1.11,-1,-1,-1
341,519.0,233.7,121.6,11.9,4.8,1.11,-1,-1,-1
341,508.0,384.7,205.3,15.1,5.3,1.11,-1,-1,-1
361,523.0,93.4,311.9,145.1,30.1,1.11,-1,-1,-1
361,522.0,84.8,311.7,163.2,34.5,1.11,-1,-1,-1
361,520.0,77.3,308.9,209.2,43.9,1.11,-1,-1,-1
361,519.0,185.7,117.4,11.9,6.0,1.11,-1,-1,-1
361,508.0,384.2,193.4,16.8,5.2,1.11,-1,-1,-1
381,520.0,93.0,274.4,181.1,68.1,1.11,-1,-1,-1
381,519.0,173.5,115.3,12.6,5.0,1.11,-1,-1,-1
381,508.0,385.0,173.0,19.5,10.0,1.11,-1,-1,-1
401,524.0,73.6,270.6,196.6,80.4,1.11,-1,-1,-1
401,519.0,174.0,114.1,11.5,4.4,1.11,-1,-1,-1
401,508.0,385.7,172.7,17.7,10.6,1.11,-1,-1,-1
421,524.0,56.5,321.1,108.7,29.5,1.11,-1,-1,-1
421,519.0,171.9,144.8,11.0,5.3,1.11,-1,-1,-1
421,508.0,383.9,192.3,15.8,9.2,1.11,-1,-1,-1
441,526.0,80.7,366.7,51.3,13.5,1.11,-1,-1,-1
441,519.0,168.0,221.7,11.0,5.9,1.11,-1,-1,-1
441,508.0,380.7,218.3,13.0,5.0,1.11,-1,-1,-1
461,528.0,164.2,268.8,11.9,4.0,0.81,-1,-1,-1
461,508.0,376.9,231.1,14.7,5.8,1.11,-1,-1,-1
481,529.0,98.0,257.5,16.0,7.2,0.81,-1,-1,-1
481,528.0,164.8,270.1,11.5,4.0,1.11,-1,-1,-1
481,508.0,378.0,232.2,13.0,4.6,1.11,-1,-1,-1
501,529.0,100.1,229.7,13.4,7.2,1.11,-1,-1,-1
501,528.0,166.0,269.2,12.0,4.0,1.11,-1,-1,-1
501,508.0,378.5,227.9,12.8,5.7,1.11,-1,-1,-1
521,529.0,107.2,156.5,12.9,6.3,1.11,-1,-1,-1
521,528.0,165.0,269.2,13.0,4.0,1.11,-1,-1,-1
521,508.0,379.0,219.0,15.0,7.2,1.11,-1,-1,-1
541,529.0,111.2,135.3,12.0,5.0,1.11,-1,-1,-1
541,528.0,165.0,269.3,13.0,4.0,1.11,-1,-1,-1
541,508.0,379.7,218.1,13.6,6.6,1.11,-1,-1,-1
561,529.0,127.2,137.6,12.6,7.0,1.11,-1,-1,-1
561,528.0,165.3,269.1,11.2,4.3,1.11,-1,-1,-1
561,508.0,378.9,223.0,13.0,5.3,1.11,-1,-1,-1
581,529.0,183.9,143.9,15.4,5.9,1.11,-1,-1,-1
581,528.0,171.9,269.0,12.0,4.9,1.11,-1,-1,-1
581,508.0,378.3,219.1,16.3,5.8,1.11,-1,-1,-1
601,529.0,239.0,147.8,12.4,4.8,1.11,-1,-1,-1
601,528.0,203.4,270.3,12.6,4.7,1.11,-1,-1,-1
601,508.0,381.4,204.6,15.1,5.3,1.11,-1,-1,-1
621,529.0,249.3,147.4,13.6,4.5,1.11,-1,-1,-1
621,528.0,199.1,271.5,12.5,4.6,1.11,-1,-1,-1
621,508.0,384.3,202.6,15.6,10.5,1.11,-1,-1,-1
641,529.0,254.2,147.0,12.9,4.2,1.11,-1,-1,-1
641,528.0,172.2,270.5,11.7,4.0,1.11,-1,-1,-1
641,508.0,382.8,225.0,15.6,5.9,1.11,-1,-1,-1
661,529.0,251.8,151.2,12.7,4.3,1.11,-1,-1,-1
661,528.0,154.9,268.3,11.8,4.3,1.11,-1,-1,-1
661,508.0,356.1,224.5,16.0,6.0,1.11,-1,-1,-1
681,529.0,248.2,199.0,13.9,4.7,1.11,-1,-1,-1
681,528.0,158.9,267.5,12.8,5.0,1.11,-1,-1,-1
681,508.0,310.5,224.4,16.2,5.6,1.11,-1,-1,-1
701,530.0,247.4,195.3,12.6,4.7,1.11,-1,-1,-1
701,528.0,181.5,268.8,11.6,4.0,1.11,-1,-1,-1
701,508.0,267.3,223.7,16.2,6.8,1.11,-1,-1,-1
721,530.0,248.9,141.2,13.4,5.0,1.11,-1,-1,-1
721,508.0,264.9,223.5,16.6,6.8,1.11,-1,-1,-1
741,530.0,250.9,128.4,11.7,4.7,1.11,-1,-1,-1
741,508.0,300.0,222.7,17.0,6.8,1.11,-1,-1,-1
761,530.0,267.1,129.9,12.8,6.7,1.11,-1,-1,-1
761,508.0,365.2,221.4,15.0,8.0,1.11,-1,-1,-1
781,534.0,185.0,315.3,11.5,5.3,1.11,-1,-1,-1
781,530.0,315.2,137.9,12.4,4.5,1.11,-1,-1,-1
781,508.0,385.7,189.1,17.5,7.4,1.11,-1,-1,-1
801,534.0,197.8,315.7,11.1,4.2,1.11,-1,-1,-1
801,530.0,330.8,141.4,12.4,4.2,1.11,-1,-1,-1
801,508.0,387.2,175.5,16.9,6.4,1.11,-1,-1,-1
821,535.0,386.9,225.8,16.8,6.0,1.11,-1,-1,-1
821,534.0,234.4,317.1,14.4,5.0,1.11,-1,-1,-1
821,530.0,329.6,159.0,12.5,4.3,1.11,-1,-1,-1
841,535.0,386.1,230.3,16.3,6.2,1.11,-1,-1,-1
841,534.0,241.6,318.3,16.3,5.0,1.11,-1,-1,-1
841,530.0,301.0,156.8,13.9,4.5,1.11,-1,-1,-1
861,535.0,384.9,230.6,16.5,7.7,1.11,-1,-1,-1
861,534.0,241.2,318.1,15.0,4.7,1.11,-1,-1,-1
861,530.0,267.8,187.1,12.8,7.9,1.11,-1,-1,-1
881,535.0,382.6,237.8,16.4,5.0,1.11,-1,-1,-1
881,530.0,262.1,246.3,12.4,4.8,1.11,-1,-1,-1
901,536.0,264.4,246.2,13.1,4.5,1.11,-1,-1,-1
901,535.0,380.6,237.3,16.9,5.7,1.11,-1,-1,-1
921,536.0,264.2,222.6,12.0,5.1,1.11,-1,-1,-1
921,535.0,382.2,229.4,16.9,5.6,1.11,-1,-1,-1
941,537.0,239.9,318.2,16.1,5.3,1.11,-1,-1,-1
941,536.0,271.3,216.8,13.4,5.4,1.11,-1,-1,-1
941,535.0,384.5,228.4,19.7,7.1,1.11,-1,-1,-1
961,539.0,236.0,329.7,16.8,4.6,0.66,-1,-1,-1
961,536.0,260.3,221.5,15.0,6.4,1.11,-1,-1,-1
961,535.0,387.2,258.5,21.1,6.2,1.11,-1,-1,-1
981,539.0,231.6,330.4,17.4,5.0,1.11,-1,-1,-1
981,536.0,245.5,227.9,12.9,5.7,1.11,-1,-1,-1
981,535.0,390.4,244.2,24.5,7.0,1.11,-1,-1,-1
1001,539.0,230.7,321.7,20.4,5.9,1.11,-1,-1,-1
1001,536.0,249.4,222.7,13.1,5.8,1.11,-1,-1,-1
1001,535.0,392.7,225.8,28.9,11.8,1.11,-1,-1,-1
1021,539.0,233.8,316.2,24.7,6.8,1.11,-1,-1,-1
1021,536.0,249.8,222.0,12.7,4.7,1.11,-1,-1,-1
1021,535.0,394.9,224.5,27.9,9.5,1.11,-1,-1,-1
1041,539.0,243.6,304.7,29.1,9.2,1.11,-1,-1,-1
1041,536.0,247.5,234.2,12.2,4.7,1.11,-1,-1,-1
1041,535.0,396.7,226.3,26.2,9.2,1.11,-1,-1,-1
1061,539.0,237.4,277.6,37.7,12.4,1.11,-1,-1,-1
1061,536.0,246.8,247.8,13.4,4.5,1.11,-1,-1,-1
1061,535.0,395.5,231.1,25.7,10.3,1.11,-1,-1,-1
1081,539.0,230.2,246.0,57.2,15.6,1.11,-1,-1,-1
1081,535.0,390.4,244.4,25.2,8.3,1.11,-1,-1,-1
1101,542.0,247.4,288.2,12.5,4.0,1.11,-1,-1,-1
1101,539.0,218.3,244.6,58.6,21.0,1.11,-1,-1,-1
1101,535.0,387.2,252.4,24.7,7.3,1.11,-1,-1,-1
1121,539.0,207.5,309.1,56.7,14.9,1.11,-1,-1,-1
1121,535.0,388.7,248.1,26.1,6.9,1.11,-1,-1,-1
1141,544.0,247.2,279.2,11.9,4.1,0.66,-1,-1,-1
1141,539.0,205.8,311.5,60.9,16.5,1.11,-1,-1,-1
1141,535.0,393.3,237.7,25.7,10.2,1.11,-1,-1,-1
1161,544.0,247.1,265.9,13.9,4.6,1.11,-1,-1,-1
1161,539.0,213.2,299.8,62.4,17.4,1.11,-1,-1,-1
1161,535.0,396.0,238.0,24.9,8.0,1.11,-1,-1,-1
1181,544.0,247.0,266.9,12.5,4.2,1.11,-1,-1,-1
1181,539.0,216.2,285.5,73.1,19.3,1.11,-1,-1,-1
1181,535.0,395.1,239.0,27.7,7.3,1.11,-1,-1,-1
1201,546.0,221.5,255.4,101.7,34.5,1.11,-1,-1,-1
1201,535.0,394.9,238.6,27.7,7.8,1.11,-1,-1,-1
1221,546.0,220.5,5.4,116.6,55.2,1.11,-1,-1,-1
1221,544.0,247.0,266.6,12.3,4.5,1.11,-1,-1,-1
1221,535.0,395.3,238.1,26.8,7.6,1.11,-1,-1,-1
1241,544.0,247.4,275.4,12.1,4.5,1.11,-1,-1,-1
1241,535.0,395.5,237.5,25.9,7.7,1.11,-1,-1,-1
1261,535.0,394.6,237.5,25.8,7.7,1.11,-1,-1,-1
1281,549.0,256.6,296.7,14.4,5.5,1.11,-1,-1,-1
1281,535.0,390.5,237.6,26.7,7.7,1.11,-1,-1,-1
1301,535.0,388.7,237.8,26.4,7.5,1.11,-1,-1,-1
1321,535.0,388.8,237.5,27.8,7.0,1.11,-1,-1,-1
1341,549.0,280.5,282.2,18.9,8.9,1.11,-1,-1,-1
1341,535.0,393.5,229.2,26.0,9.9,1.11,-1,-1,-1
1361,549.0,242.3,279.8,14.1,5.4,1.11,-1,-1,-1
1361,535.0,394.4,225.5,27.2,9.6,1.11,-1,-1,-1
1381,550.0,30.0,45.8,21.9,10.2,1.11,-1,-1,-1
1381,549.0,221.2,275.0,14.8,6.5,1.11,-1,-1,-1
1381,535.0,394.9,224.1,26.5,12.2,1.11,-1,-1,-1
1401,550.0,58.9,57.5,23.1,7.7,1.11,-1,-1,-1
1401,549.0,225.2,266.7,20.0,6.4,1.11,-1,-1,-1
1401,535.0,389.8,237.8,25.0,11.7,1.11,-1,-1,-1
1421,550.0,70.4,50.1,22.7,12.7,1.11,-1,-1,-1
1421,549.0,235.5,261.2,18.6,6.5,1.11,-1,-1,-1
1421,535.0,383.7,260.3,19.5,9.3,1.11,-1,-1,-1
1441,550.0,111.4,47.3,23.0,13.7,1.11,-1,-1,-1
1441,549.0,215.2,256.7,17.5,6.6,1.11,-1,-1,-1
1441,535.0,377.5,282.5,16.4,7.2,1.11,-1,-1,-1
1461,550.0,139.3,81.3,23.5,14.6,1.11,-1,-1,-1
1461,549.0,192.9,254.4,18.7,7.0,1.11,-1,-1,-1
1461,535.0,372.2,298.6,14.4,6.5,1.11,-1,-1,-1
1481,550.0,164.3,139.1,19.0,10.9,1.11,-1,-1,-1
1481,549.0,194.2,251.8,20.2,6.6,1.11,-1,-1,-1
1481,535.0,369.4,305.1,12.9,5.0,1.11,-1,-1,-1
1501,550.0,183.8,189.7,13.4,6.0,1.11,-1,-1,-1
1501,549.0,199.8,249.1,19.5,6.4,1.11,-1,-1,-1
1501,535.0,368.9,305.0,12.9,4.5,1.11,-1,-1,-1
1521,550.0,195.9,222.9,13.0,5.2,1.11,-1,-1,-1
1521,549.0,203.0,245.7,19.8,6.2,1.11,-1,-1,-1
1521,535.0,369.3,304.8,13.0,4.5,1.11,-1,-1,-1
1541,554.0,205.8,246.8,10.5,4.3,1.11,-1,-1,-1
1541,551.0,205.3,171.5,18.8,9.8,1.11,-1,-1,-1
1541,535.0,369.1,304.8,13.4,4.0,1.11,-1,-1,-1
1561,554.0,212.3,262.8,10.2,4.7,1.11,-1,-1,-1
1561,551.0,209.3,115.9,18.6,7.1,1.11,-1,-1,-1
1561,535.0,369.1,303.5,14.3,5.2,1.11,-1,-1,-1
1581,555.0,204.9,162.7,21.3,8.6,1.11,-1,-1,-1
1581,554.0,214.7,269.8,8.0,4.0,1.11,-1,-1,-1
1581,535.0,371.3,299.9,12.2,4.7,1.11,-1,-1,-1
1601,556.0,204.9,221.3,21.2,6.0,0.73,-1,-1,-1
1601,554.0,231.3,272.1,8.1,3.8,1.11,-1,-1,-1
1601,535.0,371.6,294.8,14.6,4.9,1.11,-1,-1,-1
1621,556.0,204.2,255.2,19.2,6.3,1.11,-1,-1,-1
1621,554.0,268.3,274.0,10.5,4.0,1.11,-1,-1,-1
1621,535.0,374.7,288.8,15.0,5.0,1.11,-1,-1,-1
1661,559.0,328.6,277.0,7.5,3.5,1.11,-1,-1,-1
1661,558.0,201.8,215.4,19.9,8.4,1.11,-1,-1,-1
1661,557.0,376.8,281.3,15.8,5.3,1.11,-1,-1,-1
1681,560.0,204.4,190.7,20.0,6.5,0.66,-1,-1,-1
1681,559.0,309.2,277.4,8.8,4.0,1.11,-1,-1,-1
1681,557.0,377.2,275.4,18.4,5.8,1.11,-1,-1,-1
1701,561.0,266.6,277.3,7.4,3.0,1.11,-1,-1,-1
1701,560.0,203.3,227.9,19.9,5.9,1.11,-1,-1,-1
1701,557.0,380.0,265.5,21.3,6.1,1.11,-1,-1,-1
1721,560.0,204.1,228.6,20.0,6.1,1.11,-1,-1,-1
1721,557.0,381.9,275.0,22.4,8.4,1.11,-1,-1,-1
1741,562.0,166.3,275.2,7.8,3.0,1.11,-1,-1,-1
1741,560.0,205.0,226.3,19.3,8.1,1.11,-1,-1,-1
1741,557.0,382.8,288.1,19.5,5.8,1.11,-1,-1,-1
1761,562.0,160.6,274.7,9.1,4.0,1.11,-1,-1,-1
1761,560.0,244.6,230.2,21.6,6.5,1.11,-1,-1,-1
1761,557.0,381.6,285.2,23.2,5.8,1.11,-1,-1,-1
1781,560.0,262.3,233.1,21.0,5.3,1.11,-1,-1,-1
1781,557.0,383.3,304.6,24.8,9.0,1.11,-1,-1,-1
1801,563.0,222.8,277.3,8.3,3.6,0.9,-1,-1,-1
1801,560.0,280.6,233.7,21.2,9.0,1.11,-1,-1,-1
1801,557.0,383.9,315.9,23.3,6.9,1.11,-1,-1,-1
1821,560.0,346.4,247.8,19.9,6.6,1.11,-1,-1,-1
1821,557.0,385.6,313.4,24.2,6.9,1.11,-1,-1,-1
1841,564.0,323.3,281.1,8.4,3.2,1.11,-1,-1,-1
1841,560.0,363.6,260.2,21.3,6.2,1.11,-1,-1,-1
1841,557.0,390.0,310.1,24.4,8.9,1.11,-1,-1,-1
1861,564.0,328.5,280.8,7.4,3.0,1.11,-1,-1,-1
1861,560.0,324.9,255.9,17.1,6.6,1.11,-1,-1,-1
1861,557.0,390.5,329.4,25.4,7.8,1.11,-1,-1,-1
1881,560.0,298.7,254.0,20.6,6.0,1.11,-1,-1,-1
1881,557.0,391.7,326.3,26.5,7.7,1.11,-1,-1,-1
1901,566.0,272.5,279.0,8.8,3.6,0.9,-1,-1,-1
1901,560.0,297.8,253.1,20.3,6.8,1.11,-1,-1,-1
1901,557.0,396.7,320.8,27.8,8.8,1.11,-1,-1,-1
1921,566.0,264.2,277.6,7.3,3.9,1.11,-1,-1,-1
1921,560.0,328.5,242.9,18.5,7.5,1.11,-1,-1,-1
1921,557.0,403.5,310.5,32.9,9.8,1.11,-1,-1,-1
1941,560.0,342.0,237.2,23.0,6.8,1.11,-1,-1,-1
1941,557.0,419.7,292.2,37.3,10.8,1.11,-1,-1,-1
1961,560.0,341.4,267.1,23.1,6.9,1.11,-1,-1,-1
1961,557.0,437.3,267.1,47.9,21.5,1.11,-1,-1,-1
1981,560.0,339.9,284.1,21.6,6.5,1.11,-1,-1,-1
1981,557.0,441.1,263.1,51.7,17.9,1.11,-1,-1,-1
2001,560.0,341.5,284.0,21.6,6.2,1.11,-1,-1,-1
2001,557.0,438.6,265.6,48.9,15.8,1.11,-1,-1,-1
2021,560.0,341.1,284.1,23.9,6.3,1.11,-1,-1,-1
2021,557.0,436.8,266.2,52.2,15.4,1.11,-1,-1,-1
2041,560.0,342.5,283.9,21.9,6.1,1.11,-1,-1,-1
2041,557.0,438.4,265.2,49.9,16.3,1.11,-1,-1,-1
2061,560.0,343.5,286.1,21.1,6.4,1.11,-1,-1,-1
2061,557.0,440.1,264.7,51.3,16.6,1.11,-1,-1,-1
2081,560.0,340.3,308.8,20.2,6.2,1.11,-1,-1,-1
2081,557.0,432.1,264.8,49.8,16.8,1.11,-1,-1,-1
2101,560.0,308.7,308.1,19.8,6.3,1.11,-1,-1,-1
2101,557.0,389.3,264.2,50.9,17.0,1.11,-1,-1,-1
2121,560.0,300.3,308.3,20.9,5.3,1.11,-1,-1,-1
2121,557.0,325.8,262.7,48.7,18.7,1.11,-1,-1,-1
2141,560.0,300.9,308.5,21.0,6.0,1.11,-1,-1,-1
2141,557.0,308.8,264.4,47.9,16.8,1.11,-1,-1,-1
