1,756.0,625.5,164.5,12.0,5.5,0.48,-1,-1,-1
1,755.0,212.4,96.5,17.2,5.1,0.48,-1,-1,-1
21,757.0,627.3,164.7,12.7,5.8,1.11,-1,-1,-1
21,755.0,212.5,96.4,17.0,5.1,1.11,-1,-1,-1
41,757.0,607.6,164.4,12.5,5.5,1.11,-1,-1,-1
41,755.0,212.0,96.2,17.5,5.3,1.11,-1,-1,-1
61,757.0,603.2,164.9,12.7,4.9,1.11,-1,-1,-1
61,755.0,211.2,107.0,18.7,5.4,1.11,-1,-1,-1
81,757.0,577.4,164.7,13.1,5.0,1.11,-1,-1,-1
81,755.0,211.4,97.2,17.9,5.3,1.11,-1,-1,-1
101,757.0,530.4,163.6,11.1,6.5,1.11,-1,-1,-1
101,755.0,233.2,90.9,19.0,6.5,1.11,-1,-1,-1
121,757.0,523.1,163.0,12.3,6.4,1.11,-1,-1,-1
121,755.0,262.3,90.7,15.3,8.3,1.11,-1,-1,-1
141,757.0,560.9,161.5,14.0,9.0,1.11,-1,-1,-1
141,755.0,338.2,89.3,18.5,6.7,1.11,-1,-1,-1
161,757.0,613.3,178.4,14.8,6.8,1.11,-1,-1,-1
161,755.0,425.1,86.1,16.8,9.6,1.11,-1,-1,-1
181,758.0,614.1,138.9,13.9,7.0,1.11,-1,-1,-1
181,755.0,389.9,85.8,15.6,8.4,1.11,-1,-1,-1
201,758.0,611.5,112.1,14.0,5.6,1.11,-1,-1,-1
201,755.0,286.1,86.3,16.4,8.9,1.11,-1,-1,-1
221,759.0,611.1,147.6,13.1,5.3,1.11,-1,-1,-1
221,755.0,271.5,84.5,15.8,9.1,1.11,-1,-1,-1
241,759.0,594.0,150.2,12.6,5.6,1.11,-1,-1,-1
241,755.0,306.7,82.5,18.2,6.3,1.11,-1,-1,-1
261,759.0,548.8,149.6,13.4,5.3,1.11,-1,-1,-1
261,755.0,311.2,81.3,16.4,4.8,1.11,-1,-1,-1
281,759.0,532.4,149.1,12.2,6.6,1.11,-1,-1,-1
281,755.0,307.7,75.0,17.8,5.3,1.11,-1,-1,-1
301,761.0,307.7,87.2,16.0,5.4,0.53,-1,-1,-1
301,759.0,558.7,147.7,13.1,6.3,1.11,-1,-1,-1
321,761.0,306.9,115.1,16.0,4.8,1.11,-1,-1,-1
321,759.0,614.6,147.1,12.7,6.8,1.11,-1,-1,-1
341,761.0,309.5,116.0,16.9,5.2,1.11,-1,-1,-1
341,759.0,631.5,148.3,9.0,6.8,1.11,-1,-1,-1
361,761.0,309.9,116.5,17.1,5.2,1.11,-1,-1,-1
361,759.0,602.5,148.7,13.4,5.7,1.11,-1,-1,-1
381,761.0,311.7,63.7,16.2,6.8,1.11,-1,-1,-1
381,759.0,566.9,148.4,13.8,6.4,1.11,-1,-1,-1
401,761.0,313.5,14.4,15.8,5.6,1.11,-1,-1,-1
401,759.0,577.4,148.4,11.9,6.7,1.11,-1,-1,-1
421,762.0,313.9,56.3,16.1,6.5,1.11,-1,-1,-1
421,759.0,624.7,149.6,13.7,5.5,1.11,-1,-1,-1
461,763.0,310.3,120.1,17.8,5.0,1.11,-1,-1,-1
481,764.0,587.4,150.1,11.9,5.5,1.11,-1,-1,-1
481,763.0,332.1,121.3,20.6,5.9,1.11,-1,-1,-1
501,764.0,547.7,149.4,13.2,6.4,1.11,-1,-1,-1
501,763.0,341.1,120.3,21.2,8.3,1.11,-1,-1,-1
521,764.0,558.8,148.7,13.1,6.1,1.11,-1,-1,-1
521,763.0,315.3,120.9,16.9,4.8,1.11,-1,-1,-1
541,764.0,605.9,147.7,14.7,6.6,1.11,-1,-1,-1
541,763.0,311.8,119.3,18.2,5.2,1.11,-1,-1,-1
561,763.0,313.1,118.0,16.6,5.5,1.11,-1,-1,-1
581,763.0,313.2,116.4,18.3,5.5,1.11,-1,-1,-1
601,763.0,314.0,115.7,17.1,4.9,1.11,-1,-1,-1
621,765.0,596.4,149.6,13.6,6.8,1.11,-1,-1,-1
621,763.0,313.6,115.0,16.9,5.0,1.11,-1,-1,-1
641,765.0,601.6,150.5,12.7,6.3,1.11,-1,-1,-1
641,763.0,312.6,115.3,18.4,5.2,1.11,-1,-1,-1
661,765.0,626.1,164.9,12.9,5.5,1.11,-1,-1,-1
661,763.0,312.4,115.3,17.7,5.1,1.11,-1,-1,-1
681,765.0,622.2,173.1,10.4,4.7,1.11,-1,-1,-1
681,763.0,326.0,113.1,18.6,8.1,1.11,-1,-1,-1
701,766.0,356.1,217.9,11.8,7.1,1.11,-1,-1,-1
701,765.0,585.7,172.5,13.1,4.3,1.11,-1,-1,-1
701,763.0,416.8,106.5,22.3,6.1,1.11,-1,-1,-1
721,766.0,356.0,217.9,12.0,7.0,1.11,-1,-1,-1
721,765.0,547.6,172.4,15.7,5.1,1.11,-1,-1,-1
721,763.0,514.2,100.0,22.6,10.1,1.11,-1,-1,-1
741,766.0,355.8,217.8,12.3,7.2,1.11,-1,-1,-1
741,765.0,527.8,172.9,11.5,4.5,1.11,-1,-1,-1
741,763.0,538.0,103.5,17.2,6.1,1.11,-1,-1,-1
761,766.0,356.0,217.5,12.0,7.3,1.11,-1,-1,-1
761,765.0,509.0,173.3,11.6,4.6,1.11,-1,-1,-1
761,763.0,537.6,105.3,17.6,5.2,1.11,-1,-1,-1
781,765.0,458.1,173.4,13.6,4.4,1.11,-1,-1,-1
781,763.0,533.6,106.2,17.6,5.4,1.11,-1,-1,-1
801,765.0,419.0,173.2,14.4,4.9,1.11,-1,-1,-1
801,763.0,532.4,105.4,18.1,5.5,1.11,-1,-1,-1
821,765.0,408.8,173.2,13.6,5.0,1.11,-1,-1,-1
821,763.0,532.7,103.3,18.3,5.5,1.11,-1,-1,-1
841,765.0,372.6,173.4,14.2,5.3,1.11,-1,-1,-1
841,763.0,533.2,101.2,19.9,5.6,1.11,-1,-1,-1
861,765.0,337.9,173.9,14.4,4.9,1.11,-1,-1,-1
861,763.0,536.9,100.0,17.4,5.5,1.11,-1,-1,-1
881,765.0,323.3,174.1,14.1,4.8,1.11,-1,-1,-1
881,763.0,538.0,99.6,17.7,5.5,1.11,-1,-1,-1
901,765.0,286.2,174.8,14.3,4.6,1.11,-1,-1,-1
901,763.0,538.1,99.7,17.1,7.4,1.11,-1,-1,-1
921,765.0,227.9,176.0,14.4,4.5,1.11,-1,-1,-1
921,763.0,498.0,105.2,16.9,6.8,1.11,-1,-1,-1
941,765.0,191.3,176.8,14.3,5.0,1.11,-1,-1,-1
941,763.0,484.9,105.6,21.1,8.4,1.11,-1,-1,-1
961,765.0,177.1,177.2,13.6,4.9,1.11,-1,-1,-1
961,763.0,558.3,95.6,17.8,6.5,1.11,-1,-1,-1
981,765.0,153.6,177.5,13.5,4.9,1.11,-1,-1,-1
981,763.0,602.4,86.5,18.5,10.6,1.11,-1,-1,-1
1001,765.0,122.6,178.4,13.7,5.1,1.11,-1,-1,-1
1001,763.0,552.3,91.7,16.4,7.0,1.11,-1,-1,-1
1021,765.0,87.4,180.0,13.4,5.0,1.11,-1,-1,-1
1021,763.0,523.8,93.0,19.3,5.2,1.11,-1,-1,-1
1041,765.0,52.3,181.6,12.0,5.9,1.11,-1,-1,-1
1041,763.0,497.3,92.3,20.5,10.9,1.11,-1,-1,-1
1061,765.0,40.3,182.6,13.2,5.3,1.11,-1,-1,-1
1061,763.0,406.4,106.8,17.0,5.2,1.11,-1,-1,-1
1081,765.0,40.8,183.2,12.2,5.1,1.11,-1,-1,-1
1081,763.0,326.8,118.0,18.2,8.2,1.11,-1,-1,-1
1101,765.0,39.2,183.4,12.8,5.4,1.11,-1,-1,-1
1101,763.0,233.0,134.4,15.0,6.7,1.11,-1,-1,-1
1121,765.0,34.8,183.8,12.5,5.2,1.11,-1,-1,-1
1121,763.0,167.6,148.2,13.2,5.2,1.11,-1,-1,-1
1141,769.0,356.8,218.0,10.8,6.6,1.11,-1,-1,-1
1141,765.0,19.2,183.2,13.0,7.4,1.11,-1,-1,-1
1141,763.0,140.2,153.6,12.1,5.7,1.11,-1,-1,-1
1161,763.0,105.1,160.9,11.7,6.6,1.11,-1,-1,-1
1181,763.0,67.6,170.0,9.3,5.0,1.11,-1,-1,-1
1201,763.0,62.2,171.6,8.5,5.2,1.11,-1,-1,-1
1221,763.0,83.1,167.0,9.3,5.4,1.11,-1,-1,-1
1241,763.0,133.9,156.3,11.1,4.8,1.11,-1,-1,-1
1261,770.0,11.1,130.1,12.9,6.2,1.11,-1,-1,-1
1261,763.0,207.1,140.1,15.0,4.6,1.11,-1,-1,-1
1281,770.0,12.2,118.1,13.2,6.1,1.11,-1,-1,-1
1281,763.0,280.3,127.1,15.7,4.6,1.11,-1,-1,-1
1301,770.0,31.8,116.1,13.0,7.2,1.11,-1,-1,-1
1301,763.0,333.3,117.6,17.9,8.7,1.11,-1,-1,-1
1321,770.0,76.7,111.6,13.6,7.5,1.11,-1,-1,-1
1321,763.0,339.3,119.1,15.5,4.7,1.11,-1,-1,-1
1341,770.0,91.7,110.1,13.6,6.6,1.11,-1,-1,-1
1341,763.0,335.9,119.3,15.8,4.9,1.11,-1,-1,-1
1361,770.0,75.9,111.3,14.0,6.8,1.11,-1,-1,-1
1361,763.0,332.6,137.5,16.2,5.1,1.11,-1,-1,-1
1381,771.0,332.9,136.3,16.0,5.1,0.81,-1,-1,-1
1381,770.0,52.3,113.3,12.7,6.7,1.11,-1,-1,-1
1401,771.0,333.8,104.9,16.3,4.7,1.11,-1,-1,-1
1401,770.0,62.0,112.4,13.2,6.8,1.11,-1,-1,-1
1421,771.0,339.9,115.1,14.4,5.0,1.11,-1,-1,-1
1421,770.0,108.1,108.2,15.2,7.0,1.11,-1,-1,-1
1441,771.0,377.0,142.3,17.0,7.3,1.11,-1,-1,-1
1441,770.0,173.6,102.2,14.1,8.3,1.11,-1,-1,-1
1461,771.0,485.7,127.6,15.4,7.1,1.11,-1,-1,-1
1461,770.0,188.9,102.9,15.1,5.7,1.11,-1,-1,-1
1481,771.0,541.6,119.9,18.1,8.1,1.11,-1,-1,-1
1481,770.0,187.1,102.3,14.3,7.5,1.11,-1,-1,-1
1501,771.0,494.2,122.3,25.0,8.4,1.11,-1,-1,-1
1501,770.0,201.1,110.6,13.6,6.7,1.11,-1,-1,-1
1521,771.0,443.0,129.1,17.7,5.4,1.11,-1,-1,-1
1521,770.0,226.6,124.6,12.6,5.8,1.11,-1,-1,-1
1541,771.0,432.1,130.2,17.1,5.0,1.11,-1,-1,-1
1541,770.0,249.8,137.3,10.9,4.4,1.11,-1,-1,-1
1561,771.0,428.3,130.6,17.2,4.9,1.11,-1,-1,-1
1561,770.0,257.5,141.4,9.5,3.8,1.11,-1,-1,-1
1581,771.0,427.2,130.7,18.5,5.0,1.11,-1,-1,-1
1581,770.0,255.0,141.8,10.1,4.6,1.11,-1,-1,-1
1601,771.0,428.5,133.3,18.2,5.1,1.11,-1,-1,-1
1601,770.0,243.3,142.0,10.4,4.2,1.11,-1,-1,-1
1621,771.0,430.5,137.6,18.0,5.0,1.11,-1,-1,-1
1621,770.0,241.0,141.7,10.7,4.0,1.11,-1,-1,-1
1641,771.0,429.3,141.8,18.3,5.1,1.11,-1,-1,-1
1641,770.0,237.4,141.0,10.7,4.7,1.11,-1,-1,-1
1661,771.0,426.9,144.0,18.3,5.0,1.11,-1,-1,-1
1661,770.0,220.2,140.9,10.9,4.4,1.11,-1,-1,-1
1681,771.0,425.7,144.4,18.6,5.2,1.11,-1,-1,-1
1681,770.0,220.9,140.4,9.8,5.3,1.11,-1,-1,-1
1701,771.0,427.1,144.0,18.5,5.3,1.11,-1,-1,-1
1701,770.0,248.5,139.9,10.1,4.9,1.11,-1,-1,-1
1721,771.0,428.8,143.2,17.3,4.9,1.11,-1,-1,-1
1721,770.0,256.9,140.4,10.7,4.6,1.11,-1,-1,-1
1741,771.0,429.7,142.2,17.9,5.1,1.11,-1,-1,-1
1741,770.0,240.9,141.6,11.9,4.3,1.11,-1,-1,-1
1761,771.0,429.3,141.9,18.0,4.7,1.11,-1,-1,-1
1761,770.0,225.9,142.2,9.7,5.4,1.11,-1,-1,-1
1781,771.0,413.5,141.6,22.5,8.1,1.11,-1,-1,-1
1781,770.0,242.1,142.3,11.7,4.7,1.11,-1,-1,-1
1801,771.0,387.6,145.9,17.2,4.9,1.11,-1,-1,-1
1801,770.0,264.2,141.9,11.6,4.7,1.11,-1,-1,-1
1821,771.0,388.4,145.5,16.2,7.4,1.11,-1,-1,-1
1821,770.0,258.5,142.8,9.9,3.8,1.11,-1,-1,-1
1841,771.0,439.6,136.7,16.8,8.8,1.11,-1,-1,-1
1841,770.0,260.5,142.2,10.1,5.3,1.11,-1,-1,-1
1861,771.0,447.0,136.6,18.6,10.1,1.11,-1,-1,-1
1861,770.0,294.0,141.5,11.0,5.0,1.11,-1,-1,-1
1881,771.0,379.2,146.3,19.1,7.8,1.11,-1,-1,-1
1881,770.0,345.1,139.6,10.8,6.2,1.11,-1,-1,-1
1901,771.0,308.9,156.3,16.5,6.2,1.11,-1,-1,-1
1901,770.0,361.2,141.1,10.3,4.2,1.11,-1,-1,-1
1921,771.0,307.4,155.8,15.2,6.6,1.11,-1,-1,-1
1921,770.0,360.6,141.5,10.5,4.0,1.11,-1,-1,-1
1941,775.0,358.2,141.8,14.8,5.2,0.73,-1,-1,-1
1941,771.0,370.9,147.0,14.7,6.2,1.11,-1,-1,-1
1941,770.0,358.6,142.0,11.1,4.2,1.11,-1,-1,-1
1961,771.0,453.5,132.2,19.1,10.9,1.11,-1,-1,-1
1961,770.0,360.1,142.1,10.0,4.5,1.11,-1,-1,-1
1981,771.0,439.0,136.6,18.7,9.1,1.11,-1,-1,-1
1981,770.0,381.5,141.8,10.1,4.3,1.11,-1,-1,-1
2001,779.0,364.1,149.1,16.7,6.6,0.66,-1,-1,-1
2001,770.0,393.6,142.2,10.8,4.1,1.11,-1,-1,-1
2021,779.0,338.4,154.6,15.3,4.9,1.11,-1,-1,-1
2021,770.0,392.1,143.0,10.0,4.0,1.11,-1,-1,-1
2041,779.0,300.5,150.9,18.7,5.6,1.11,-1,-1,-1
2041,770.0,386.1,143.2,9.8,4.6,1.11,-1,-1,-1
2061,779.0,259.2,146.1,18.1,5.5,1.11,-1,-1,-1
2061,770.0,366.7,143.8,9.7,5.1,1.11,-1,-1,-1
2081,779.0,252.0,146.1,16.7,5.9,1.11,-1,-1,-1
2081,770.0,375.1,143.9,9.4,5.0,1.11,-1,-1,-1
2101,779.0,200.8,138.4,15.4,7.0,1.11,-1,-1,-1
2101,770.0,412.0,143.3,12.1,4.3,1.11,-1,-1,-1
2121,779.0,182.0,132.3,18.5,7.9,1.11,-1,-1,-1
2121,770.0,443.8,142.9,11.1,4.7,1.11,-1,-1,-1
2141,779.0,241.6,113.8,21.7,7.7,1.11,-1,-1,-1
2141,770.0,445.9,143.0,10.0,4.2,1.11,-1,-1,-1
