1,3170.0,175.3,267.8,14.7,4.0,0.48,-1,-1,-1
21,3171.0,367.1,249.3,27.2,6.9,1.11,-1,-1,-1
21,3170.0,175.8,265.0,14.3,4.0,1.11,-1,-1,-1
41,3171.0,367.6,228.4,26.6,7.4,1.11,-1,-1,-1
41,3170.0,185.8,264.1,16.9,4.8,1.11,-1,-1,-1
61,3171.0,370.7,226.0,27.6,7.8,1.11,-1,-1,-1
61,3170.0,197.8,262.2,14.6,4.3,1.11,-1,-1,-1
81,3171.0,385.4,227.1,30.2,7.6,1.11,-1,-1,-1
81,3170.0,198.9,257.9,12.4,4.1,1.11,-1,-1,-1
101,3171.0,393.2,245.0,25.8,6.7,1.11,-1,-1,-1
101,3170.0,198.4,258.5,12.8,4.4,1.11,-1,-1,-1
121,3171.0,392.4,254.1,26.0,7.4,1.11,-1,-1,-1
121,3170.0,201.4,262.8,14.4,4.3,1.11,-1,-1,-1
141,3171.0,404.5,253.3,25.4,7.5,1.11,-1,-1,-1
141,3170.0,198.0,263.6,20.3,4.9,1.11,-1,-1,-1
161,3171.0,418.1,258.0,28.6,5.6,1.11,-1,-1,-1
161,3170.0,198.2,263.8,16.7,4.5,1.11,-1,-1,-1
181,3173.0,417.9,274.8,27.3,5.6,1.11,-1,-1,-1
181,3170.0,198.0,261.7,13.2,4.2,1.11,-1,-1,-1
201,3173.0,413.6,273.1,27.8,6.8,1.11,-1,-1,-1
201,3170.0,211.7,261.0,13.0,4.5,1.11,-1,-1,-1
221,3172.0,614.5,282.0,15.0,6.5,1.11,-1,-1,-1
221,3170.0,221.9,256.3,13.5,3.8,1.11,-1,-1,-1
241,3170.0,222.8,252.5,14.3,4.0,1.11,-1,-1,-1
261,3170.0,232.1,253.4,15.5,4.0,1.11,-1,-1,-1
281,3177.0,354.6,288.3,23.0,5.0,0.59,-1,-1,-1
281,3176.0,344.5,289.0,26.0,5.0,0.66,-1,-1,-1
281,3175.0,344.2,289.8,20.0,4.5,1.11,-1,-1,-1
281,3170.0,252.6,253.7,15.2,4.2,1.11,-1,-1,-1
301,3170.0,270.1,253.8,14.7,4.2,1.11,-1,-1,-1
321,3170.0,284.2,255.9,14.3,4.0,1.11,-1,-1,-1
341,3170.0,291.1,257.7,14.2,4.0,1.11,-1,-1,-1
361,3180.0,248.6,301.5,29.1,7.7,1.11,-1,-1,-1
361,3170.0,296.8,258.8,13.5,4.0,1.11,-1,-1,-1
381,3180.0,249.8,311.3,26.8,6.6,1.11,-1,-1,-1
381,3170.0,309.3,259.8,13.8,4.1,1.11,-1,-1,-1
401,3170.0,334.0,261.0,13.2,3.6,1.11,-1,-1,-1
421,3181.0,257.6,267.3,21.1,6.7,1.11,-1,-1,-1
421,3170.0,361.9,260.4,12.1,4.0,1.11,-1,-1,-1
441,3181.0,249.7,247.5,28.5,7.2,1.11,-1,-1,-1
441,3170.0,386.1,259.8,12.5,4.0,1.11,-1,-1,-1
461,3181.0,249.1,229.8,27.0,7.7,1.11,-1,-1,-1
461,3170.0,400.2,259.2,13.5,4.0,1.11,-1,-1,-1
481,3181.0,247.1,209.3,30.1,7.8,1.11,-1,-1,-1
481,3170.0,406.8,262.1,14.1,3.7,1.11,-1,-1,-1
501,3181.0,248.1,186.3,30.4,8.3,1.11,-1,-1,-1
501,3170.0,408.9,268.5,11.9,3.5,1.11,-1,-1,-1
521,3181.0,248.9,158.2,29.6,8.6,1.11,-1,-1,-1
521,3170.0,406.8,273.5,12.1,3.5,1.11,-1,-1,-1
541,3181.0,248.6,133.1,29.9,8.9,1.11,-1,-1,-1
541,3170.0,413.4,275.6,14.1,4.0,1.11,-1,-1,-1
561,3181.0,239.2,131.5,29.4,9.0,1.11,-1,-1,-1
561,3170.0,433.0,275.8,12.9,4.0,1.11,-1,-1,-1
581,3182.0,325.4,298.4,16.0,4.5,0.81,-1,-1,-1
581,3181.0,216.2,129.1,29.6,9.8,1.11,-1,-1,-1
581,3170.0,441.7,275.0,14.1,4.0,1.11,-1,-1,-1
601,3183.0,302.3,295.7,12.0,4.0,0.73,-1,-1,-1
601,3181.0,207.5,118.5,28.8,9.7,1.11,-1,-1,-1
601,3170.0,449.3,273.2,13.3,4.1,1.11,-1,-1,-1
621,3184.0,262.3,293.3,17.5,5.0,0.59,-1,-1,-1
621,3181.0,208.0,93.4,28.8,9.8,1.11,-1,-1,-1
621,3170.0,460.9,274.4,12.4,4.5,1.11,-1,-1,-1
641,3185.0,226.1,287.8,20.7,5.4,0.59,-1,-1,-1
641,3181.0,204.2,69.3,27.8,9.7,1.11,-1,-1,-1
641,3170.0,475.3,275.4,12.6,4.5,1.11,-1,-1,-1
661,3188.0,189.3,286.7,11.3,3.2,0.73,-1,-1,-1
661,3181.0,189.0,60.5,28.1,9.9,1.11,-1,-1,-1
661,3170.0,479.4,276.0,14.0,4.5,1.11,-1,-1,-1
681,3192.0,129.0,279.3,22.7,8.0,0.53,-1,-1,-1
681,3181.0,163.2,57.9,28.7,10.3,1.11,-1,-1,-1
681,3170.0,453.9,276.3,12.7,4.4,1.11,-1,-1,-1
701,3193.0,74.1,272.1,20.2,7.1,0.66,-1,-1,-1
701,3181.0,135.0,54.1,29.0,12.4,1.11,-1,-1,-1
701,3170.0,448.7,275.0,10.9,4.3,1.11,-1,-1,-1
721,3181.0,144.4,52.7,29.4,17.0,1.11,-1,-1,-1
721,3170.0,468.1,272.9,12.5,4.5,1.11,-1,-1,-1
741,3181.0,217.1,63.1,26.2,11.2,1.11,-1,-1,-1
741,3170.0,499.5,270.9,14.8,4.6,1.11,-1,-1,-1
761,3181.0,246.1,69.7,27.4,9.6,1.11,-1,-1,-1
761,3170.0,529.4,269.3,11.5,4.7,1.11,-1,-1,-1
781,3181.0,246.4,91.6,27.6,9.6,1.11,-1,-1,-1
781,3170.0,536.7,267.1,11.2,4.1,1.11,-1,-1,-1
801,3181.0,247.9,91.4,28.2,11.6,1.11,-1,-1,-1
801,3170.0,534.5,265.7,10.8,4.4,1.11,-1,-1,-1
821,3181.0,271.8,94.6,27.2,9.1,1.11,-1,-1,-1
821,3170.0,521.3,265.2,11.4,4.7,1.11,-1,-1,-1
841,3181.0,284.4,84.2,27.7,9.4,1.11,-1,-1,-1
841,3170.0,505.1,264.3,13.5,4.5,1.11,-1,-1,-1
861,3181.0,288.8,77.5,26.6,11.5,1.11,-1,-1,-1
861,3170.0,484.8,263.3,12.0,4.2,1.11,-1,-1,-1
881,3181.0,314.3,81.4,28.5,10.7,1.11,-1,-1,-1
881,3170.0,465.0,261.8,12.9,4.5,1.11,-1,-1,-1
901,3181.0,354.3,86.9,26.5,8.9,1.11,-1,-1,-1
901,3170.0,446.6,260.4,15.2,4.2,1.11,-1,-1,-1
921,3181.0,387.1,91.4,26.7,8.4,1.11,-1,-1,-1
921,3170.0,431.8,260.3,12.9,3.5,1.11,-1,-1,-1
941,3181.0,415.7,94.6,25.4,8.6,1.11,-1,-1,-1
941,3170.0,417.8,258.9,12.7,3.8,1.11,-1,-1,-1
961,3181.0,433.0,110.1,25.5,8.6,1.11,-1,-1,-1
961,3170.0,405.0,259.4,15.2,4.6,1.11,-1,-1,-1
981,3181.0,434.5,133.6,27.4,8.0,1.11,-1,-1,-1
981,3170.0,398.4,261.2,13.9,3.6,1.11,-1,-1,-1
1001,3181.0,436.8,135.4,26.6,8.5,1.11,-1,-1,-1
1001,3170.0,388.4,261.8,12.9,4.0,1.11,-1,-1,-1
1021,3181.0,452.5,137.4,27.6,8.2,1.11,-1,-1,-1
1021,3170.0,377.7,262.9,12.5,3.5,1.11,-1,-1,-1
1041,3181.0,471.2,144.4,27.0,8.0,1.11,-1,-1,-1
1041,3170.0,366.2,264.4,12.1,3.5,1.11,-1,-1,-1
1061,3181.0,475.5,156.4,26.6,7.5,1.11,-1,-1,-1
1081,3181.0,475.2,166.4,26.4,7.7,1.11,-1,-1,-1
1081,3170.0,339.8,269.0,16.6,4.7,1.11,-1,-1,-1
1101,3181.0,475.4,178.5,24.4,7.1,1.11,-1,-1,-1
1121,3181.0,467.7,188.8,27.4,7.5,1.11,-1,-1,-1
1141,3181.0,469.5,199.1,24.8,7.2,1.11,-1,-1,-1
1141,3170.0,312.0,278.7,13.6,4.5,1.11,-1,-1,-1
1161,3181.0,476.7,200.4,25.7,7.1,1.11,-1,-1,-1
1161,3170.0,302.0,281.0,16.3,4.7,1.11,-1,-1,-1
1181,3181.0,489.6,203.8,23.8,6.6,1.11,-1,-1,-1
1181,3170.0,289.4,282.2,14.5,4.7,1.11,-1,-1,-1
1201,3181.0,496.6,220.2,23.6,6.9,1.11,-1,-1,-1
1221,3181.0,498.4,254.7,24.1,7.5,1.11,-1,-1,-1
1241,3181.0,495.0,268.3,26.2,7.0,1.11,-1,-1,-1
1261,3181.0,475.4,268.8,26.5,7.0,1.11,-1,-1,-1
1281,3181.0,437.8,270.5,25.5,5.9,1.11,-1,-1,-1
1301,3199.0,422.3,284.8,24.0,6.5,0.66,-1,-1,-1
1321,3199.0,413.6,287.2,26.7,6.7,1.11,-1,-1,-1
1341,3199.0,381.1,287.6,29.1,5.8,1.11,-1,-1,-1
1341,3196.0,615.0,282.3,14.9,6.9,1.11,-1,-1,-1
1401,3201.0,298.0,312.6,26.8,6.6,1.11,-1,-1,-1
1401,3196.0,616.0,282.5,14.0,6.5,1.11,-1,-1,-1
1421,3201.0,300.2,320.9,25.9,7.0,1.11,-1,-1,-1
1421,3196.0,616.1,282.8,14.0,6.5,1.11,-1,-1,-1
1441,3203.0,131.9,287.8,13.9,4.4,1.11,-1,-1,-1
1441,3201.0,284.3,320.3,27.0,7.0,1.11,-1,-1,-1
1441,3196.0,616.5,282.8,14.0,6.5,1.11,-1,-1,-1
1461,3203.0,113.5,287.9,11.5,4.4,1.11,-1,-1,-1
1461,3201.0,255.4,320.8,26.6,6.8,1.11,-1,-1,-1
1461,3196.0,616.9,283.8,14.0,6.5,1.11,-1,-1,-1
1481,3203.0,93.7,288.2,12.0,5.6,1.11,-1,-1,-1
1481,3201.0,221.4,320.3,27.2,7.0,1.11,-1,-1,-1
1501,3201.0,190.0,319.7,28.7,7.7,1.11,-1,-1,-1
1521,3201.0,161.8,320.0,26.7,7.0,1.11,-1,-1,-1
1541,3201.0,122.0,319.5,27.1,6.9,1.11,-1,-1,-1
1561,3201.0,107.3,302.7,24.9,7.3,1.11,-1,-1,-1
1561,3196.0,615.0,281.9,15.0,7.0,1.11,-1,-1,-1
1581,3201.0,104.8,284.0,28.1,6.5,1.11,-1,-1,-1
1601,3205.0,108.4,260.3,24.9,7.5,0.59,-1,-1,-1
1601,3196.0,615.4,282.3,14.9,6.5,1.11,-1,-1,-1
1621,3205.0,111.4,236.2,22.5,7.0,1.11,-1,-1,-1
1621,3196.0,615.5,282.7,15.0,6.5,1.11,-1,-1,-1
1641,3205.0,109.6,207.0,29.3,8.7,1.11,-1,-1,-1
1641,3196.0,615.0,282.5,15.0,6.5,1.11,-1,-1,-1
1661,3205.0,110.5,178.4,28.4,9.5,1.11,-1,-1,-1
1661,3196.0,615.1,282.0,14.8,6.9,1.11,-1,-1,-1
1701,3207.0,113.7,120.8,27.8,10.2,0.59,-1,-1,-1
1721,3209.0,187.4,291.6,11.4,3.8,0.66,-1,-1,-1
1721,3207.0,113.4,90.9,29.4,11.2,1.11,-1,-1,-1
1741,3209.0,191.1,295.5,12.3,4.3,1.11,-1,-1,-1
1741,3207.0,114.1,63.9,29.4,11.6,1.11,-1,-1,-1
1761,3209.0,206.5,297.4,12.1,4.3,1.11,-1,-1,-1
1761,3207.0,123.3,42.9,28.5,12.6,1.11,-1,-1,-1
1761,3196.0,617.0,283.8,14.0,6.5,1.11,-1,-1,-1
1781,3209.0,225.1,297.3,11.8,3.9,1.11,-1,-1,-1
1781,3207.0,151.2,35.8,29.0,11.4,1.11,-1,-1,-1
1801,3207.0,172.9,12.1,25.2,10.4,1.11,-1,-1,-1
1821,3210.0,257.2,281.6,14.9,4.8,0.66,-1,-1,-1
1841,3210.0,275.4,277.9,12.8,4.0,1.11,-1,-1,-1
1861,3210.0,291.5,277.1,15.8,4.0,1.11,-1,-1,-1
1881,3210.0,310.2,276.6,14.8,4.4,1.11,-1,-1,-1
1901,3211.0,331.5,280.0,13.9,4.0,1.11,-1,-1,-1
1921,3212.0,328.8,-0.2,21.0,4.3,0.53,-1,-1,-1
1921,3211.0,352.0,279.3,13.5,3.6,1.11,-1,-1,-1
1941,3212.0,328.0,11.8,27.2,11.7,1.11,-1,-1,-1
1941,3211.0,372.4,279.5,14.5,4.0,1.11,-1,-1,-1
1961,3212.0,325.9,25.9,25.1,10.5,1.11,-1,-1,-1
1961,3211.0,389.7,277.8,17.3,4.3,1.11,-1,-1,-1
1981,3212.0,329.0,25.1,24.4,10.9,1.11,-1,-1,-1
1981,3211.0,414.0,277.4,12.6,4.0,1.11,-1,-1,-1
2001,3212.0,338.5,26.1,24.3,11.5,1.11,-1,-1,-1
2001,3211.0,427.6,276.8,14.5,4.0,1.11,-1,-1,-1
2021,3212.0,347.7,27.2,27.8,12.5,1.11,-1,-1,-1
2021,3211.0,435.0,276.2,13.0,4.0,1.11,-1,-1,-1
2041,3212.0,357.0,30.1,25.8,10.5,1.11,-1,-1,-1
2041,3211.0,442.2,274.5,13.5,4.0,1.11,-1,-1,-1
2061,3212.0,360.6,30.8,27.1,10.6,1.11,-1,-1,-1
2061,3211.0,452.1,271.7,15.6,4.5,1.11,-1,-1,-1
2081,3212.0,366.8,31.6,26.0,10.3,1.11,-1,-1,-1
2081,3211.0,467.6,267.3,15.7,4.7,1.11,-1,-1,-1
2101,3212.0,374.5,33.2,25.4,10.8,1.11,-1,-1,-1
2101,3211.0,489.8,261.2,13.8,4.9,1.11,-1,-1,-1
