1,4882.0,127.1,295.5,20.1,11.5,0.48,-1,-1,-1
1,4881.0,264.0,232.9,29.5,18.2,0.48,-1,-1,-1
21,4882.0,127.7,296.2,20.0,11.1,1.11,-1,-1,-1
21,4881.0,262.1,232.9,28.7,18.1,1.11,-1,-1,-1
41,4882.0,125.6,295.9,20.3,11.7,1.11,-1,-1,-1
41,4881.0,260.9,232.1,28.7,18.6,1.11,-1,-1,-1
61,4882.0,125.1,295.7,19.3,11.5,1.11,-1,-1,-1
61,4881.0,262.1,232.1,29.2,18.4,1.11,-1,-1,-1
81,4882.0,125.8,295.5,18.8,11.0,1.11,-1,-1,-1
81,4881.0,262.6,232.1,29.6,18.6,1.11,-1,-1,-1
101,4882.0,125.4,294.7,21.1,11.5,1.11,-1,-1,-1
101,4881.0,262.6,233.2,29.2,18.3,1.11,-1,-1,-1
121,4882.0,127.0,288.8,19.6,11.2,1.11,-1,-1,-1
121,4881.0,262.3,234.3,29.5,18.0,1.11,-1,-1,-1
141,4882.0,127.2,275.5,18.8,11.5,1.11,-1,-1,-1
141,4881.0,279.3,231.3,30.0,16.7,1.11,-1,-1,-1
161,4882.0,129.2,222.9,18.7,11.8,1.11,-1,-1,-1
161,4881.0,366.9,213.9,29.5,17.4,1.11,-1,-1,-1
181,4882.0,133.1,176.0,16.7,11.2,1.11,-1,-1,-1
181,4881.0,422.5,185.5,31.6,20.9,1.11,-1,-1,-1
201,4882.0,133.9,140.0,17.0,11.0,1.11,-1,-1,-1
201,4881.0,421.3,164.4,30.9,20.7,1.11,-1,-1,-1
221,4882.0,136.0,136.2,17.6,11.8,1.11,-1,-1,-1
221,4881.0,418.9,152.7,31.0,20.3,1.11,-1,-1,-1
241,4882.0,137.1,136.9,18.7,12.5,1.11,-1,-1,-1
241,4881.0,417.1,151.1,29.7,21.5,1.11,-1,-1,-1
261,4882.0,135.9,157.6,17.7,11.2,1.11,-1,-1,-1
261,4881.0,381.7,166.5,30.9,21.2,1.11,-1,-1,-1
281,4882.0,135.2,210.7,15.9,11.1,1.11,-1,-1,-1
281,4881.0,361.6,211.6,27.5,18.2,1.11,-1,-1,-1
301,4882.0,130.8,272.7,18.6,12.5,1.11,-1,-1,-1
321,4882.0,130.9,323.9,19.8,10.8,1.11,-1,-1,-1
341,4882.0,122.6,316.4,18.7,11.2,1.11,-1,-1,-1
361,4887.0,355.3,279.6,20.2,8.8,1.11,-1,-1,-1
361,4882.0,115.6,321.6,19.8,11.9,1.11,-1,-1,-1
381,4882.0,115.1,330.2,19.3,10.8,1.11,-1,-1,-1
401,4882.0,115.6,277.7,20.2,12.4,1.11,-1,-1,-1
421,4882.0,120.3,220.3,18.7,11.7,1.11,-1,-1,-1
441,4888.0,270.2,270.1,21.0,11.5,1.11,-1,-1,-1
441,4882.0,123.5,177.9,20.0,12.6,1.11,-1,-1,-1
461,4888.0,243.4,272.0,20.2,10.9,1.11,-1,-1,-1
461,4882.0,127.4,169.6,18.6,13.1,1.11,-1,-1,-1
481,4888.0,269.1,268.7,20.5,12.0,1.11,-1,-1,-1
481,4882.0,128.9,153.5,18.8,12.7,1.11,-1,-1,-1
501,4882.0,128.2,183.9,19.3,13.4,1.11,-1,-1,-1
521,4882.0,125.7,228.6,17.9,11.5,1.11,-1,-1,-1
541,4895.0,118.9,295.0,20.5,12.5,0.53,-1,-1,-1
581,4901.0,118.8,364.4,20.3,11.1,1.11,-1,-1,-1
601,4896.0,119.4,319.8,19.5,11.5,1.11,-1,-1,-1
621,4904.0,428.3,286.4,19.1,8.3,1.11,-1,-1,-1
621,4896.0,119.8,272.3,20.4,12.2,1.11,-1,-1,-1
641,4908.0,362.5,289.0,19.5,10.0,0.53,-1,-1,-1
641,4896.0,122.8,230.2,18.6,12.5,1.11,-1,-1,-1
661,4910.0,264.1,305.2,15.0,6.5,0.66,-1,-1,-1
661,4896.0,119.8,216.7,21.2,13.7,1.11,-1,-1,-1
681,4896.0,123.6,180.1,20.0,13.1,1.11,-1,-1,-1
701,4896.0,162.8,176.5,18.0,13.2,1.11,-1,-1,-1
721,4896.0,187.6,165.2,18.8,13.3,1.11,-1,-1,-1
741,4914.0,184.1,205.4,16.7,12.0,0.53,-1,-1,-1
761,4922.0,183.6,267.5,20.5,13.0,0.53,-1,-1,-1
801,4925.0,332.0,259.6,20.5,12.3,1.11,-1,-1,-1
821,4925.0,330.7,251.7,20.3,13.5,1.11,-1,-1,-1
841,4935.0,426.5,375.8,20.5,7.5,0.59,-1,-1,-1
841,4925.0,331.1,240.0,20.4,13.4,1.11,-1,-1,-1
861,4925.0,329.2,220.6,21.5,14.0,1.11,-1,-1,-1
881,4938.0,431.8,374.1,18.8,7.4,0.66,-1,-1,-1
881,4925.0,325.5,200.4,22.6,14.5,1.11,-1,-1,-1
901,4931.0,334.5,382.5,17.0,7.0,1.11,-1,-1,-1
901,4925.0,317.9,194.3,21.2,16.5,1.11,-1,-1,-1
921,4925.0,257.4,205.9,22.9,15.1,1.11,-1,-1,-1
941,4925.0,231.4,209.2,20.1,14.0,1.11,-1,-1,-1
961,4925.0,222.7,210.2,20.2,13.5,1.11,-1,-1,-1
981,4925.0,241.4,206.7,21.8,13.6,1.11,-1,-1,-1
1001,4925.0,272.3,199.5,23.3,16.1,1.11,-1,-1,-1
1021,4947.0,123.1,377.4,21.7,11.0,1.11,-1,-1,-1
1021,4925.0,272.2,192.4,20.9,15.9,1.11,-1,-1,-1
1041,4951.0,129.3,344.5,21.2,11.7,1.11,-1,-1,-1
1041,4925.0,216.6,197.3,20.3,12.8,1.11,-1,-1,-1
1061,4948.0,136.7,378.9,21.5,11.3,1.11,-1,-1,-1
1061,4925.0,212.7,198.6,20.0,13.6,1.11,-1,-1,-1
1081,4925.0,240.1,201.1,18.9,12.9,1.11,-1,-1,-1
1101,4955.0,322.6,370.3,16.0,6.5,0.73,-1,-1,-1
1101,4925.0,270.2,209.6,21.2,14.3,1.11,-1,-1,-1
1121,4956.0,333.4,364.5,16.5,6.5,1.11,-1,-1,-1
1121,4925.0,295.7,224.8,21.6,14.1,1.11,-1,-1,-1
1141,4925.0,318.6,253.0,17.3,12.2,1.11,-1,-1,-1
1161,4951.0,150.0,371.5,22.3,11.0,1.11,-1,-1,-1
1181,4963.0,344.5,284.5,15.0,7.0,1.11,-1,-1,-1
1181,4962.0,100.5,364.9,21.4,11.4,1.11,-1,-1,-1
1201,4971.0,108.9,274.8,20.3,12.5,0.59,-1,-1,-1
1221,4978.0,114.3,195.0,19.6,13.5,0.73,-1,-1,-1
1241,4978.0,114.6,201.7,19.5,13.0,1.11,-1,-1,-1
1261,4979.0,262.4,304.5,16.4,7.5,1.11,-1,-1,-1
1261,4971.0,108.7,278.5,22.9,11.5,1.11,-1,-1,-1
1281,4981.0,417.7,240.3,18.2,12.7,1.11,-1,-1,-1
1281,4967.0,107.3,333.0,22.3,13.3,1.11,-1,-1,-1
1301,4981.0,426.0,241.4,16.5,12.0,1.11,-1,-1,-1
1301,4967.0,114.7,354.7,19.5,10.3,1.11,-1,-1,-1
1321,4989.0,517.5,341.5,21.0,8.0,0.53,-1,-1,-1
1321,4988.0,115.2,420.4,21.4,11.0,0.73,-1,-1,-1
1341,4984.0,116.4,382.8,21.1,10.5,1.11,-1,-1,-1
1361,4997.0,118.1,325.8,20.6,11.5,0.53,-1,-1,-1
1361,4992.0,427.5,233.7,17.0,11.7,1.11,-1,-1,-1
1381,4998.0,120.3,279.5,20.9,11.8,1.11,-1,-1,-1
1381,4992.0,430.0,218.3,17.0,11.4,1.11,-1,-1,-1
1401,4998.0,120.1,261.6,19.7,10.8,1.11,-1,-1,-1
1401,4992.0,416.3,214.0,17.6,13.0,1.11,-1,-1,-1
1421,4992.0,358.6,216.5,19.1,12.3,1.11,-1,-1,-1
1421,4980.0,109.5,257.7,20.1,14.0,1.11,-1,-1,-1
1441,4992.0,304.5,220.2,20.7,13.2,1.11,-1,-1,-1
1441,4980.0,103.4,285.6,22.5,13.1,1.11,-1,-1,-1
1461,4992.0,268.2,223.1,18.0,11.3,1.11,-1,-1,-1
1461,4980.0,100.7,308.9,22.5,12.9,1.11,-1,-1,-1
1481,4992.0,241.5,225.2,18.7,11.8,1.11,-1,-1,-1
1481,4980.0,111.0,308.5,21.4,12.2,1.11,-1,-1,-1
1501,4992.0,237.8,224.2,17.5,11.7,1.11,-1,-1,-1
1501,4980.0,133.9,308.2,23.5,13.1,1.11,-1,-1,-1
1521,5000.0,136.0,350.3,22.0,12.0,1.11,-1,-1,-1
1521,4992.0,255.6,222.5,18.8,11.9,1.11,-1,-1,-1
1541,5000.0,135.4,334.6,22.5,12.4,1.11,-1,-1,-1
1541,4992.0,272.5,219.5,18.3,12.4,1.11,-1,-1,-1
1561,5001.0,134.6,342.5,22.7,12.5,0.53,-1,-1,-1
1561,4992.0,286.4,211.4,17.4,12.1,1.11,-1,-1,-1
1581,5002.0,134.3,372.8,23.2,11.5,1.11,-1,-1,-1
1581,4992.0,290.7,185.0,19.4,12.2,1.11,-1,-1,-1
1601,4992.0,299.7,152.3,19.6,14.4,1.11,-1,-1,-1
1601,4982.0,135.4,342.7,21.5,12.1,1.11,-1,-1,-1
1621,5005.0,133.7,384.5,22.9,12.1,0.81,-1,-1,-1
1621,4992.0,305.4,155.3,20.9,14.4,1.11,-1,-1,-1
1641,5005.0,170.2,387.0,18.2,11.6,1.11,-1,-1,-1
1641,4992.0,309.8,179.9,19.8,13.6,1.11,-1,-1,-1
1661,5008.0,267.8,382.5,15.5,6.0,0.59,-1,-1,-1
1661,4992.0,316.1,201.8,22.2,15.5,1.11,-1,-1,-1
1681,5013.0,345.7,374.7,15.4,5.8,0.9,-1,-1,-1
1681,4992.0,310.6,217.3,23.9,16.4,1.11,-1,-1,-1
1701,4992.0,281.6,240.3,24.3,15.9,1.11,-1,-1,-1
1721,4992.0,267.1,262.2,24.6,15.5,1.11,-1,-1,-1
1761,4992.0,271.9,291.9,20.4,8.7,1.11,-1,-1,-1
1781,4992.0,268.0,289.0,19.9,8.4,1.11,-1,-1,-1
1801,5020.0,388.8,402.8,17.5,6.0,0.53,-1,-1,-1
1801,5018.0,254.5,262.7,30.8,18.8,1.11,-1,-1,-1
1821,5024.0,433.3,375.0,19.0,7.5,0.53,-1,-1,-1
1821,5018.0,258.0,271.0,26.7,12.8,1.11,-1,-1,-1
1861,5032.0,409.7,228.7,21.0,15.0,0.81,-1,-1,-1
1901,5040.0,220.1,240.6,20.0,12.8,0.59,-1,-1,-1
1901,5039.0,378.8,243.6,28.8,17.1,0.73,-1,-1,-1
1921,5044.0,126.1,244.3,22.1,14.8,1.11,-1,-1,-1
1921,5039.0,402.9,233.5,30.1,18.9,1.11,-1,-1,-1
1941,5044.0,165.9,247.6,23.3,14.9,1.11,-1,-1,-1
1941,5039.0,405.3,230.0,28.7,18.8,1.11,-1,-1,-1
1961,5039.0,407.7,220.0,31.2,19.5,1.11,-1,-1,-1
1981,5039.0,377.6,214.4,34.6,20.3,1.11,-1,-1,-1
