1,5622.0,246.6,226.0,26.4,10.8,0.48,-1,-1,-1
21,5622.0,246.5,225.4,26.0,11.2,1.11,-1,-1,-1
41,5622.0,246.6,226.1,25.5,10.4,1.11,-1,-1,-1
61,5622.0,243.2,225.0,26.1,10.8,1.11,-1,-1,-1
81,5622.0,242.9,223.7,26.8,10.4,1.11,-1,-1,-1
101,5622.0,245.2,215.1,26.7,10.2,1.11,-1,-1,-1
121,5627.0,492.0,250.1,16.0,9.6,0.59,-1,-1,-1
121,5622.0,241.6,204.2,25.8,10.5,1.11,-1,-1,-1
141,5627.0,469.0,251.8,12.7,8.5,1.11,-1,-1,-1
141,5622.0,199.2,204.9,25.5,9.9,1.11,-1,-1,-1
161,5628.0,427.8,250.8,17.4,9.3,1.11,-1,-1,-1
161,5622.0,180.5,202.3,25.0,10.0,1.11,-1,-1,-1
181,5628.0,416.3,221.8,17.7,9.1,1.11,-1,-1,-1
181,5622.0,184.1,192.7,25.7,10.3,1.11,-1,-1,-1
201,5628.0,418.2,216.5,19.1,8.6,1.11,-1,-1,-1
201,5622.0,185.4,181.1,25.4,9.7,1.11,-1,-1,-1
221,5628.0,417.1,216.2,18.5,8.5,1.11,-1,-1,-1
221,5622.0,183.1,174.3,29.5,10.0,1.11,-1,-1,-1
241,5628.0,382.1,217.1,16.5,8.5,1.11,-1,-1,-1
241,5622.0,231.4,170.4,25.9,10.3,1.11,-1,-1,-1
261,5628.0,313.8,217.9,15.0,8.2,1.11,-1,-1,-1
261,5622.0,285.4,167.6,27.5,11.2,1.11,-1,-1,-1
281,5628.0,240.3,218.9,17.3,8.5,1.11,-1,-1,-1
281,5622.0,289.6,168.9,27.3,9.7,1.11,-1,-1,-1
301,5628.0,166.0,221.1,16.5,8.8,1.11,-1,-1,-1
301,5622.0,295.5,170.9,27.8,9.4,1.11,-1,-1,-1
321,5628.0,92.1,223.9,15.1,8.1,1.11,-1,-1,-1
321,5622.0,296.1,165.0,27.2,10.4,1.11,-1,-1,-1
341,5622.0,288.1,149.2,31.3,11.4,1.11,-1,-1,-1
361,5622.0,273.6,133.3,34.2,13.9,1.11,-1,-1,-1
381,5629.0,40.7,194.0,14.0,7.8,1.11,-1,-1,-1
381,5622.0,269.8,129.3,33.8,12.3,1.11,-1,-1,-1
401,5629.0,55.6,193.1,14.2,8.0,1.11,-1,-1,-1
401,5622.0,254.6,120.0,34.5,13.6,1.11,-1,-1,-1
421,5629.0,107.0,191.3,15.7,7.9,1.11,-1,-1,-1
421,5622.0,187.3,113.2,36.4,14.2,1.11,-1,-1,-1
441,5629.0,153.0,189.9,15.5,8.5,1.11,-1,-1,-1
441,5622.0,81.2,116.3,37.7,11.7,1.11,-1,-1,-1
461,5629.0,172.0,190.1,15.9,8.0,1.11,-1,-1,-1
461,5622.0,6.5,126.0,37.4,11.3,1.11,-1,-1,-1
481,5629.0,215.3,188.9,16.1,8.6,1.11,-1,-1,-1
481,5622.0,20.6,129.1,35.6,11.8,1.11,-1,-1,-1
501,5632.0,291.3,186.1,17.0,9.2,0.53,-1,-1,-1
501,5622.0,32.0,120.0,38.3,12.3,1.11,-1,-1,-1
521,5640.0,393.3,183.4,19.5,8.8,0.53,-1,-1,-1
521,5622.0,-0.6,83.3,22.3,13.2,1.11,-1,-1,-1
541,5643.0,444.7,180.6,24.4,10.7,1.11,-1,-1,-1
561,5643.0,438.9,182.1,22.4,10.1,1.11,-1,-1,-1
581,5643.0,409.4,183.7,19.9,9.2,1.11,-1,-1,-1
601,5644.0,-0.1,71.8,4.4,7.1,0.59,-1,-1,-1
601,5643.0,393.3,180.7,18.0,9.5,1.11,-1,-1,-1
621,5644.0,14.7,62.1,45.9,13.5,1.11,-1,-1,-1
621,5643.0,390.8,158.7,19.2,9.9,1.11,-1,-1,-1
641,5644.0,172.6,41.8,48.8,15.0,1.11,-1,-1,-1
641,5643.0,390.9,135.4,17.7,9.1,1.11,-1,-1,-1
661,5648.0,361.0,20.2,46.1,23.9,1.11,-1,-1,-1
661,5643.0,365.7,135.2,20.0,9.2,1.11,-1,-1,-1
681,5645.0,238.0,36.4,48.5,25.7,1.11,-1,-1,-1
681,5643.0,296.1,139.3,17.0,8.2,1.11,-1,-1,-1
701,5643.0,204.0,144.3,16.7,7.0,1.11,-1,-1,-1
721,5643.0,127.1,150.6,15.4,7.6,1.11,-1,-1,-1
741,5643.0,59.9,156.2,18.2,8.0,1.11,-1,-1,-1
761,5655.0,-0.3,94.1,9.9,9.9,1.11,-1,-1,-1
761,5643.0,32.3,152.2,16.5,8.3,1.11,-1,-1,-1
781,5656.0,57.7,74.5,48.0,14.5,1.11,-1,-1,-1
781,5643.0,35.5,133.8,15.6,7.9,1.11,-1,-1,-1
801,5656.0,192.7,62.2,46.0,15.5,1.11,-1,-1,-1
801,5643.0,37.0,126.2,15.9,7.5,1.11,-1,-1,-1
821,5656.0,265.6,55.6,49.1,24.6,1.11,-1,-1,-1
821,5643.0,68.0,123.3,15.0,8.0,1.11,-1,-1,-1
841,5660.0,146.3,117.0,14.7,7.8,0.59,-1,-1,-1
841,5656.0,136.2,79.3,46.6,15.4,1.11,-1,-1,-1
861,5668.0,278.0,109.0,15.5,7.2,0.53,-1,-1,-1
861,5656.0,113.9,111.5,48.1,14.6,1.11,-1,-1,-1
881,5676.0,440.3,103.2,19.5,9.4,0.53,-1,-1,-1
881,5656.0,110.1,142.5,46.5,15.9,1.11,-1,-1,-1
901,5656.0,5.0,162.2,41.9,18.0,1.11,-1,-1,-1
961,5691.0,567.0,95.2,15.0,10.6,0.59,-1,-1,-1
981,5692.0,540.4,114.1,18.4,10.8,1.11,-1,-1,-1
1001,5694.0,41.1,170.9,40.0,13.0,0.53,-1,-1,-1
1001,5692.0,540.0,140.8,18.7,10.2,1.11,-1,-1,-1
1021,5699.0,203.3,172.4,42.4,18.4,1.11,-1,-1,-1
1021,5692.0,544.1,171.4,15.9,10.1,1.11,-1,-1,-1
1041,5701.0,192.1,208.9,38.2,15.2,1.11,-1,-1,-1
1041,5692.0,519.5,203.0,15.5,10.0,1.11,-1,-1,-1
1061,5701.0,80.3,208.5,37.7,12.9,1.11,-1,-1,-1
1061,5692.0,468.1,227.4,13.3,8.4,1.11,-1,-1,-1
1081,5707.0,384.8,239.9,17.5,8.0,0.59,-1,-1,-1
1121,5715.0,0.0,151.8,7.2,11.8,0.53,-1,-1,-1
1121,5714.0,254.5,243.1,14.7,8.3,1.11,-1,-1,-1
1141,5716.0,43.2,104.3,64.0,30.0,1.11,-1,-1,-1
1141,5714.0,225.0,243.5,14.3,8.3,1.11,-1,-1,-1
1161,5716.0,40.1,99.8,79.8,27.4,1.11,-1,-1,-1
1161,5714.0,169.1,244.5,16.4,7.9,1.11,-1,-1,-1
1181,5721.0,43.9,196.6,58.1,19.2,0.59,-1,-1,-1
1181,5714.0,112.1,245.3,15.8,7.7,1.11,-1,-1,-1
1221,5727.0,94.6,211.7,13.0,8.6,0.9,-1,-1,-1
1221,5726.0,204.1,239.8,74.2,20.7,1.11,-1,-1,-1
1241,5727.0,94.7,200.2,13.1,8.7,1.11,-1,-1,-1
1241,5726.0,338.5,231.3,71.9,24.0,1.11,-1,-1,-1
1261,5727.0,101.7,199.3,15.0,8.1,1.11,-1,-1,-1
1261,5726.0,355.6,235.9,82.3,27.0,1.11,-1,-1,-1
1281,5726.0,216.1,247.3,67.5,19.2,1.11,-1,-1,-1
1301,5738.0,284.8,191.6,16.0,8.2,0.59,-1,-1,-1
1301,5726.0,181.9,250.2,72.5,20.3,1.11,-1,-1,-1
1321,5726.0,131.6,252.0,62.7,20.9,1.11,-1,-1,-1
1341,5751.0,549.1,185.5,14.7,10.6,0.9,-1,-1,-1
1341,5726.0,35.3,257.0,61.7,19.2,1.11,-1,-1,-1
1361,5750.0,515.5,186.9,19.0,10.5,1.11,-1,-1,-1
1381,5744.0,408.7,190.2,17.0,9.2,1.11,-1,-1,-1
1401,5759.0,111.9,260.8,64.8,16.3,0.59,-1,-1,-1
1421,5769.0,161.8,200.0,15.0,7.8,0.59,-1,-1,-1
1441,5778.0,60.7,205.5,13.8,8.0,0.53,-1,-1,-1
1461,5774.0,238.9,257.0,54.7,17.4,1.11,-1,-1,-1
1481,5781.0,362.4,256.1,67.8,19.0,1.11,-1,-1,-1
1501,5782.0,54.3,208.4,12.8,7.2,1.11,-1,-1,-1
1521,5782.0,38.4,202.0,17.4,8.3,1.11,-1,-1,-1
1541,5783.0,520.0,254.5,71.1,19.1,1.11,-1,-1,-1
1561,5783.0,512.7,235.2,72.3,22.4,1.11,-1,-1,-1
1581,5784.0,67.9,170.5,21.4,8.7,1.11,-1,-1,-1
1581,5783.0,516.7,209.7,69.5,21.4,1.11,-1,-1,-1
1601,5784.0,103.6,156.6,20.3,9.3,1.11,-1,-1,-1
1601,5783.0,464.1,212.2,62.5,22.3,1.11,-1,-1,-1
1621,5783.0,289.5,221.0,61.9,17.9,1.11,-1,-1,-1
1641,5783.0,130.3,226.0,63.3,17.2,1.11,-1,-1,-1
1661,5803.0,484.0,117.1,26.0,10.2,0.59,-1,-1,-1
1661,5783.0,95.9,225.4,64.8,18.0,1.11,-1,-1,-1
1681,5809.0,596.0,107.8,25.9,13.5,0.9,-1,-1,-1
1701,5809.0,575.7,105.9,27.2,12.8,1.11,-1,-1,-1
1721,5809.0,458.8,106.2,25.6,11.6,1.11,-1,-1,-1
1741,5810.0,35.5,181.4,69.8,23.7,1.11,-1,-1,-1
1741,5809.0,355.4,110.5,24.4,10.5,1.11,-1,-1,-1
1761,5810.0,87.0,179.5,86.7,27.1,1.11,-1,-1,-1
1761,5809.0,345.7,115.3,23.6,10.6,1.11,-1,-1,-1
1781,5811.0,87.5,185.0,25.5,8.9,1.11,-1,-1,-1
1781,5810.0,106.9,182.0,83.2,25.0,1.11,-1,-1,-1
1781,5809.0,344.5,128.1,21.9,9.7,1.11,-1,-1,-1
1801,5810.0,141.6,186.9,80.5,24.2,1.11,-1,-1,-1
1801,5809.0,306.9,144.5,20.6,8.3,1.11,-1,-1,-1
1821,5810.0,207.2,192.3,85.1,23.7,1.11,-1,-1,-1
1821,5809.0,233.0,159.6,19.5,8.9,1.11,-1,-1,-1
1841,5810.0,209.4,193.7,80.4,22.9,1.11,-1,-1,-1
1841,5809.0,152.9,171.9,19.6,8.8,1.11,-1,-1,-1
1861,5810.0,172.9,177.9,87.3,24.3,1.11,-1,-1,-1
1861,5809.0,96.3,178.8,18.7,9.7,1.11,-1,-1,-1
1881,5810.0,320.5,156.8,83.2,29.4,1.11,-1,-1,-1
1881,5809.0,121.3,178.0,19.2,9.5,1.11,-1,-1,-1
1901,5810.0,389.5,139.0,95.7,31.1,1.11,-1,-1,-1
1901,5809.0,149.5,177.8,19.2,9.6,1.11,-1,-1,-1
1921,5810.0,386.8,140.9,96.4,30.0,1.11,-1,-1,-1
1921,5809.0,155.4,178.3,18.7,9.3,1.11,-1,-1,-1
1941,5810.0,341.6,162.8,81.6,27.5,1.11,-1,-1,-1
1941,5809.0,161.5,178.9,16.9,9.9,1.11,-1,-1,-1
1961,5810.0,196.7,185.5,70.3,23.7,1.11,-1,-1,-1
1981,5810.0,122.1,200.4,56.9,17.4,1.11,-1,-1,-1
