frame0000.jpg,221,228,234,234,0
frame0020.jpg,221,226,234,232,0
frame0040.jpg,223,194,235,200,0
frame0060.jpg,224,177,236,180,0
frame0080.jpg,215,166,227,171,0
frame0100.jpg,201,160,215,168,0
frame0120.jpg,196,193,211,202,0
frame0140.jpg,195,256,209,263,0
frame0160.jpg,215,284,229,292,0
frame0180.jpg,282,282,296,288,0
frame0200.jpg,311,272,325,277,0
frame0220.jpg,309,229,325,236,0
frame0240.jpg,313,219,326,226,0
frame0260.jpg,322,217,335,223,0
frame0280.jpg,335,219,348,225,0
frame0300.jpg,351,226,361,232,0
frame0320.jpg,363,237,373,242,0
frame0340.jpg,374,250,383,257,0
frame0360.jpg,383,261,391,268,0
frame0380.jpg,385,264,394,269,0
frame0400.jpg,384,259,394,265,0
frame0420.jpg,385,250,394,255,0
frame0440.jpg,384,228,392,233,0
frame0460.jpg,382,210,390,215,0
frame0480.jpg,361,208,370,213,0
frame0500.jpg,324,220,332,224,0
frame0520.jpg,290,248,301,255,0
frame0540.jpg,258,246,268,249,0
frame0560.jpg,219,222,230,227,0
frame0580.jpg,181,204,192,211,0
frame0600.jpg,161,232,174,239,0
frame0620.jpg,154,247,167,253,0
frame0640.jpg,128,248,141,255,0
frame0660.jpg,103,237,115,243,0
frame0680.jpg,108,209,119,216,0
frame0700.jpg,144,205,157,212,0
frame0720.jpg,216,201,231,206,0
frame0740.jpg,287,196,300,201,0
frame0760.jpg,343,192,355,198,0
frame0780.jpg,369,189,381,195,0
frame0800.jpg,389,186,401,193,0
frame0820.jpg,448,181,461,188,0
frame0840.jpg,503,179,514,184,0
frame0860.jpg,549,176,561,181,0
frame0880.jpg,603,175,615,183,0
frame0900.jpg,627,208,639,215,0
frame0920.jpg,633,235,639,243,0
frame0940.jpg,628,242,639,249,0
frame0960.jpg,616,255,628,262,0
frame0980.jpg,600,267,609,272,0
frame1000.jpg,584,276,594,284,0
frame1020.jpg,569,284,579,289,0
frame1040.jpg,558,283,566,289,0
frame1060.jpg,547,272,554,277,0
frame1080.jpg,542,252,549,255,0
frame1100.jpg,540,226,547,230,0
frame1120.jpg,539,205,545,211,0
frame1140.jpg,540,201,546,204,0
frame1160.jpg,543,192,549,196,0
frame1180.jpg,545,180,551,186,0
frame1200.jpg,530,174,536,178,0
frame1220.jpg,484,171,491,175,0
frame1240.jpg,429,170,437,179,0
frame1260.jpg,400,173,406,177,0
frame1280.jpg,355,175,362,178,0
frame1300.jpg,315,176,322,180,0
frame1320.jpg,304,173,311,177,0
frame1340.jpg,302,161,309,164,0
frame1360.jpg,301,178,309,183,0
frame1380.jpg,302,196,309,200,0
frame1400.jpg,302,180,308,184,0
frame1420.jpg,303,160,310,165,0
frame1440.jpg,324,159,331,162,0
frame1460.jpg,355,176,361,181,0
frame1480.jpg,361,202,369,207,0
frame1500.jpg,339,209,345,213,0
frame1520.jpg,288,210,298,216,0
frame1540.jpg,229,210,239,219,0
frame1560.jpg,202,222,209,228,0
frame1580.jpg,212,219,221,228,0
frame1600.jpg,256,220,263,223,0
frame1620.jpg,304,218,311,221,0
frame1640.jpg,336,216,345,219,0
frame1660.jpg,376,213,382,216,0
frame1680.jpg,402,189,410,196,0
frame1700.jpg,406,165,413,169,0
frame1720.jpg,403,155,409,159,0
frame1740.jpg,373,155,383,162,0
frame1760.jpg,333,159,340,162,0
frame1780.jpg,302,174,310,178,0
frame1800.jpg,288,177,295,182,0
frame1820.jpg,258,174,268,181,0
frame1840.jpg,216,174,224,178,0
frame1860.jpg,173,173,181,179,0
frame1880.jpg,161,174,169,179,0
frame1900.jpg,142,176,149,181,0
frame1920.jpg,117,178,123,182,0
frame1940.jpg,91,180,97,185,0
frame1960.jpg,83,167,90,173,0
frame1980.jpg,84,146,93,152,0
frame2000.jpg,83,143,91,149,0
frame2020.jpg,69,133,77,137,0
frame2040.jpg,52,131,59,137,0
frame2060.jpg,46,147,53,154,0
frame2080.jpg,66,147,74,152,0
frame2100.jpg,88,143,97,150,0
frame2120.jpg,92,142,101,147,0
frame2129.jpg,92,142,101,148,0
