1,1,286.76,215.14,10.36,7.69,0.84,-1,-1,-1
1,2,207.33,145.32,9.24,5.64,0.81,-1,-1,-1
1,3,521.41,277.29,7.41,4.77,0.78,-1,-1,-1
21,1,293.41,213.08,10.30,6.71,0.82,-1,-1,-1
21,2,206.74,144.97,9.05,5.64,0.81,-1,-1,-1
21,3,520.34,276.37,7.35,4.69,0.78,-1,-1,-1
41,1,291.95,213.78,10.06,6.48,0.82,-1,-1,-1
41,2,206.36,144.50,9.11,5.77,0.81,-1,-1,-1
41,3,519.26,274.38,7.09,4.70,0.79,-1,-1,-1
61,1,286.14,215.50,10.95,6.57,0.83,-1,-1,-1
61,2,205.99,144.20,9.26,6.08,0.82,-1,-1,-1
61,3,516.58,270.99,7.02,4.30,0.78,-1,-1,-1
81,1,277.70,218.30,10.33,6.37,0.84,-1,-1,-1
81,2,204.90,143.19,9.01,5.36,0.79,-1,-1,-1
81,3,512.26,265.32,7.45,4.47,0.79,-1,-1,-1
101,1,266.03,222.23,10.27,6.23,0.82,-1,-1,-1
101,2,197.55,133.30,9.24,5.71,0.79,-1,-1,-1
101,3,506.64,257.65,7.95,4.89,0.81,-1,-1,-1
121,1,251.44,226.81,10.48,6.58,0.83,-1,-1,-1
121,2,184.45,116.00,9.47,5.91,0.80,-1,-1,-1
121,3,501.02,249.86,8.13,4.93,0.80,-1,-1,-1
141,1,238.11,232.11,10.61,5.27,0.82,-1,-1,-1
141,2,168.35,95.96,10.12,6.39,0.82,-1,-1,-1
141,3,495.65,242.23,7.73,4.93,0.80,-1,-1,-1
161,1,234.51,232.31,10.45,6.71,0.85,-1,-1,-1
161,2,155.99,80.83,10.64,7.90,0.84,-1,-1,-1
161,3,489.92,234.64,8.47,4.95,0.80,-1,-1,-1
181,1,226.28,235.31,10.45,6.43,0.82,-1,-1,-1
181,2,154.32,80.48,10.31,6.78,0.84,-1,-1,-1
181,3,484.47,226.29,8.13,5.16,0.80,-1,-1,-1
201,1,219.14,238.12,10.34,5.80,0.82,-1,-1,-1
201,2,154.23,82.31,10.46,7.12,0.83,-1,-1,-1
201,3,478.21,218.40,8.63,5.41,0.82,-1,-1,-1
221,1,214.96,240.05,9.91,5.42,0.82,-1,-1,-1
221,2,154.79,86.39,10.63,6.82,0.83,-1,-1,-1
221,3,473.41,211.46,8.89,5.89,0.81,-1,-1,-1
241,1,213.43,240.29,10.13,5.63,0.82,-1,-1,-1
241,2,155.36,89.06,10.21,6.76,0.84,-1,-1,-1
241,3,471.78,210.30,8.77,5.61,0.82,-1,-1,-1
261,1,212.39,240.33,10.04,6.35,0.84,-1,-1,-1
261,2,155.86,93.48,10.43,7.12,0.83,-1,-1,-1
261,3,466.47,211.14,9.02,5.80,0.80,-1,-1,-1
281,1,204.76,242.89,10.10,6.49,0.82,-1,-1,-1
281,2,155.89,99.10,10.57,7.19,0.82,-1,-1,-1
281,3,458.73,213.45,9.04,5.76,0.80,-1,-1,-1
301,1,195.89,246.22,9.95,6.01,0.82,-1,-1,-1
301,2,155.97,106.42,10.57,6.91,0.84,-1,-1,-1
301,3,450.03,216.66,8.79,5.54,0.81,-1,-1,-1
321,1,190.08,248.01,10.11,6.32,0.84,-1,-1,-1
321,2,156.37,115.96,10.42,7.26,0.83,-1,-1,-1
321,3,440.20,219.62,8.96,5.92,0.82,-1,-1,-1
341,1,179.55,251.87,9.60,6.21,0.83,-1,-1,-1
341,2,156.04,122.68,10.74,6.92,0.84,-1,-1,-1
341,3,431.10,223.63,8.83,5.38,0.81,-1,-1,-1
361,1,165.08,257.30,9.98,5.32,0.83,-1,-1,-1
361,2,156.30,122.28,10.50,7.00,0.84,-1,-1,-1
361,3,423.08,226.99,8.65,5.43,0.82,-1,-1,-1
381,1,161.15,258.32,9.40,5.55,0.82,-1,-1,-1
381,2,156.42,121.86,10.64,6.92,0.84,-1,-1,-1
381,3,416.15,230.41,8.63,5.27,0.80,-1,-1,-1
401,1,165.19,256.94,9.95,5.31,0.82,-1,-1,-1
401,2,161.03,120.36,10.68,6.55,0.84,-1,-1,-1
401,3,409.73,233.66,8.95,5.21,0.81,-1,-1,-1
421,1,189.84,248.00,9.82,5.13,0.82,-1,-1,-1
421,2,173.41,116.13,10.86,6.81,0.83,-1,-1,-1
421,3,404.01,236.82,8.72,5.34,0.79,-1,-1,-1
441,1,221.83,234.61,9.83,8.15,0.85,-1,-1,-1
441,2,190.30,110.69,10.99,7.07,0.84,-1,-1,-1
441,3,398.61,240.20,9.07,4.54,0.79,-1,-1,-1
461,1,226.21,230.26,10.52,6.55,0.83,-1,-1,-1
461,2,205.93,105.68,11.37,6.92,0.83,-1,-1,-1
461,3,396.47,241.56,8.92,5.13,0.81,-1,-1,-1
481,1,224.94,227.23,9.87,6.16,0.82,-1,-1,-1
481,2,218.99,101.74,10.94,7.53,0.83,-1,-1,-1
481,3,397.14,242.25,8.56,5.17,0.81,-1,-1,-1
501,1,223.24,227.55,10.18,6.92,0.84,-1,-1,-1
501,2,221.15,101.52,10.97,7.05,0.82,-1,-1,-1
501,3,397.95,242.94,8.58,5.17,0.80,-1,-1,-1
521,1,216.34,230.20,10.33,6.84,0.84,-1,-1,-1
521,2,221.39,101.87,11.11,6.75,0.81,-1,-1,-1
521,3,397.92,243.46,9.02,5.55,0.80,-1,-1,-1
541,1,201.27,235.97,9.90,6.31,0.81,-1,-1,-1
541,2,226.28,100.67,10.94,7.15,0.83,-1,-1,-1
541,3,402.73,248.54,8.94,5.72,0.82,-1,-1,-1
561,1,188.46,241.11,10.08,5.50,0.83,-1,-1,-1
561,2,229.24,100.64,11.09,7.16,0.82,-1,-1,-1
561,3,413.79,260.25,8.76,5.70,0.80,-1,-1,-1
581,1,184.10,242.54,9.93,6.33,0.84,-1,-1,-1
581,2,229.06,101.29,10.58,6.75,0.82,-1,-1,-1
581,3,426.92,274.93,8.43,5.28,0.81,-1,-1,-1
601,1,180.32,244.47,9.80,5.83,0.81,-1,-1,-1
601,2,225.76,98.32,11.32,7.70,0.84,-1,-1,-1
601,3,440.25,289.85,7.52,4.60,0.79,-1,-1,-1
621,1,184.90,243.30,9.55,5.23,0.81,-1,-1,-1
621,2,221.12,94.36,11.08,7.16,0.84,-1,-1,-1
621,3,452.22,303.03,7.32,3.77,0.76,-1,-1,-1
641,1,204.43,236.21,10.03,5.31,0.79,-1,-1,-1
641,2,216.45,89.58,11.15,7.03,0.84,-1,-1,-1
641,3,457.66,307.67,7.46,3.69,0.78,-1,-1,-1
661,1,233.53,224.51,9.58,8.39,0.85,-1,-1,-1
661,2,210.01,82.17,11.17,7.80,0.84,-1,-1,-1
661,3,464.53,307.52,7.18,3.58,0.77,-1,-1,-1
681,1,240.79,223.37,10.35,5.95,0.83,-1,-1,-1
681,2,203.06,74.57,11.27,7.54,0.83,-1,-1,-1
681,3,479.07,304.50,7.39,3.70,0.77,-1,-1,-1
701,1,244.93,221.14,10.05,6.87,0.84,-1,-1,-1
701,2,196.03,66.77,11.70,8.09,0.84,-1,-1,-1
701,3,500.58,298.40,7.55,3.87,0.77,-1,-1,-1
721,1,245.54,221.05,10.20,6.18,0.82,-1,-1,-1
721,2,193.33,64.45,11.35,7.63,0.85,-1,-1,-1
721,3,526.86,289.75,7.55,4.33,0.79,-1,-1,-1
741,1,244.66,221.19,10.22,6.25,0.82,-1,-1,-1
741,2,192.94,68.09,11.58,7.76,0.84,-1,-1,-1
741,3,551.36,281.64,6.48,5.64,0.80,-1,-1,-1
761,1,244.64,221.02,9.99,6.33,0.82,-1,-1,-1
761,2,193.67,74.22,11.57,8.38,0.84,-1,-1,-1
761,3,556.78,280.43,7.14,4.40,0.79,-1,-1,-1
781,1,249.19,219.80,9.88,5.09,0.81,-1,-1,-1
781,2,194.35,82.26,11.56,8.22,0.84,-1,-1,-1
781,3,557.17,278.25,6.80,4.02,0.76,-1,-1,-1
801,1,265.54,211.56,10.97,7.64,0.84,-1,-1,-1
801,2,194.92,89.74,11.77,7.23,0.85,-1,-1,-1
801,3,554.05,269.65,6.69,4.29,0.74,-1,-1,-1
821,1,273.68,208.83,10.16,6.82,0.83,-1,-1,-1
821,2,194.56,90.39,11.70,7.87,0.84,-1,-1,-1
821,3,546.48,254.53,7.32,4.41,0.77,-1,-1,-1
841,1,268.69,209.84,10.59,7.52,0.85,-1,-1,-1
841,2,194.13,91.17,11.87,7.75,0.84,-1,-1,-1
841,3,535.06,233.18,7.60,4.95,0.81,-1,-1,-1
861,1,253.45,214.92,10.69,7.05,0.84,-1,-1,-1
861,2,193.09,91.21,11.89,7.99,0.85,-1,-1,-1
861,3,520.73,208.72,8.63,5.80,0.82,-1,-1,-1
881,1,241.51,218.99,10.88,6.90,0.83,-1,-1,-1
881,2,191.78,91.92,11.45,7.74,0.84,-1,-1,-1
881,3,505.23,183.61,9.24,5.89,0.83,-1,-1,-1
901,1,230.93,222.89,10.30,7.03,0.84,-1,-1,-1
901,2,189.88,92.81,11.90,7.73,0.84,-1,-1,-1
901,3,488.71,157.14,9.90,6.52,0.82,-1,-1,-1
921,1,210.42,230.03,10.50,6.66,0.84,-1,-1,-1
921,2,187.61,94.63,11.73,7.75,0.86,-1,-1,-1
921,3,470.02,129.40,10.81,7.23,0.84,-1,-1,-1
941,1,190.88,237.54,10.29,5.55,0.82,-1,-1,-1
941,2,183.83,96.69,11.66,7.43,0.85,-1,-1,-1
941,3,450.65,99.86,11.44,8.07,0.84,-1,-1,-1
961,1,182.30,239.76,10.49,6.35,0.84,-1,-1,-1
961,2,179.11,98.21,11.97,8.29,0.85,-1,-1,-1
961,3,431.86,70.93,12.00,9.00,0.85,-1,-1,-1
981,1,171.80,242.74,10.19,7.07,0.84,-1,-1,-1
981,2,174.51,100.33,11.94,7.85,0.84,-1,-1,-1
981,3,423.01,58.26,12.51,9.65,0.86,-1,-1,-1
1001,1,155.25,248.77,9.94,6.44,0.85,-1,-1,-1
1001,2,169.62,101.93,11.84,7.99,0.86,-1,-1,-1
1001,3,420.60,57.49,12.89,9.04,0.86,-1,-1,-1
1021,1,141.18,253.97,9.66,5.65,0.83,-1,-1,-1
1021,2,164.13,103.78,11.77,7.29,0.85,-1,-1,-1
1021,3,415.48,49.89,12.54,8.62,0.85,-1,-1,-1
1041,1,136.71,255.00,9.92,6.09,0.83,-1,-1,-1
1041,2,163.18,103.45,11.77,7.19,0.85,-1,-1,-1
1041,3,407.62,37.92,13.02,10.04,0.87,-1,-1,-1
1061,1,134.03,256.08,9.57,5.77,0.84,-1,-1,-1
1061,2,162.92,102.03,12.00,8.02,0.85,-1,-1,-1
1061,3,406.15,36.87,12.70,9.22,0.86,-1,-1,-1
1081,1,140.44,254.01,9.66,5.57,0.83,-1,-1,-1
1081,2,163.42,101.44,11.56,7.68,0.85,-1,-1,-1
1081,3,400.75,39.86,12.45,9.49,0.87,-1,-1,-1
1101,1,164.35,245.21,10.59,5.90,0.82,-1,-1,-1
1101,2,164.57,102.33,11.82,8.27,0.86,-1,-1,-1
1101,3,382.30,48.72,13.49,9.07,0.86,-1,-1,-1
1121,1,185.71,237.88,10.06,6.02,0.82,-1,-1,-1
1121,2,168.73,107.20,11.61,7.88,0.84,-1,-1,-1
1121,3,369.25,55.59,12.98,8.45,0.87,-1,-1,-1
1141,1,202.66,232.49,10.05,5.17,0.82,-1,-1,-1
1141,2,174.93,115.37,11.17,7.94,0.84,-1,-1,-1
1141,3,369.30,57.41,13.00,9.50,0.86,-1,-1,-1
1161,1,235.19,218.70,10.35,8.39,0.86,-1,-1,-1
1161,2,182.39,125.48,11.16,7.10,0.83,-1,-1,-1
1161,3,369.55,61.61,13.16,8.85,0.87,-1,-1,-1
1181,1,250.58,214.23,10.79,7.22,0.84,-1,-1,-1
1181,2,190.68,136.09,11.03,7.09,0.85,-1,-1,-1
1181,3,370.24,65.56,13.20,9.39,0.87,-1,-1,-1
1201,1,249.37,214.38,10.47,8.04,0.85,-1,-1,-1
1201,2,199.54,147.20,10.52,7.09,0.83,-1,-1,-1
1201,3,373.69,78.64,13.32,9.00,0.86,-1,-1,-1
1221,1,230.53,222.47,10.31,5.34,0.82,-1,-1,-1
1221,2,208.33,158.50,9.98,6.39,0.83,-1,-1,-1
1221,3,378.40,92.88,13.16,9.29,0.87,-1,-1,-1
1241,1,216.51,226.50,10.13,6.88,0.84,-1,-1,-1
1241,2,216.42,169.47,9.94,6.16,0.83,-1,-1,-1
1241,3,383.04,107.98,13.91,9.08,0.87,-1,-1,-1
1261,1,200.73,232.43,10.09,6.30,0.84,-1,-1,-1
1261,2,224.01,179.45,9.68,6.13,0.81,-1,-1,-1
1261,3,387.41,122.75,13.88,9.16,0.86,-1,-1,-1
1281,1,189.19,236.06,9.85,5.69,0.82,-1,-1,-1
1281,2,230.96,189.02,9.73,6.16,0.81,-1,-1,-1
1281,3,391.64,139.41,13.93,8.96,0.86,-1,-1,-1
1301,1,189.28,230.94,10.04,6.22,0.84,-1,-1,-1
1301,2,237.58,199.25,9.50,5.31,0.80,-1,-1,-1
1301,3,395.26,154.98,14.35,8.91,0.87,-1,-1,-1
1321,1,190.37,235.46,10.30,6.34,0.84,-1,-1,-1
1321,2,241.09,203.27,9.80,5.50,0.81,-1,-1,-1
1321,3,398.43,165.53,14.17,8.50,0.87,-1,-1,-1
1341,1,190.31,247.91,10.66,6.30,0.84,-1,-1,-1
1341,2,241.58,201.35,9.51,5.47,0.82,-1,-1,-1
1341,3,399.30,167.38,14.02,8.98,0.87,-1,-1,-1
1361,1,190.25,261.21,10.62,6.22,0.83,-1,-1,-1
1361,2,240.58,187.92,9.29,5.87,0.81,-1,-1,-1
1361,3,402.43,183.49,14.16,9.05,0.88,-1,-1,-1
1381,1,191.52,275.11,10.12,6.09,0.84,-1,-1,-1
1381,2,238.39,171.58,9.22,6.40,0.81,-1,-1,-1
1381,3,403.25,188.69,14.38,9.36,0.88,-1,-1,-1
1401,1,192.67,288.71,10.07,6.04,0.84,-1,-1,-1
1401,2,237.93,171.00,9.20,5.95,0.81,-1,-1,-1
1401,3,396.70,191.98,14.49,9.43,0.89,-1,-1,-1
1421,1,192.47,296.38,10.28,5.84,0.84,-1,-1,-1
1421,2,236.95,171.81,9.56,6.70,0.80,-1,-1,-1
1421,3,375.50,200.85,14.06,9.42,0.88,-1,-1,-1
1441,1,192.25,296.00,10.27,5.44,0.83,-1,-1,-1
1441,2,225.36,176.29,9.41,6.35,0.82,-1,-1,-1
1441,3,346.45,212.54,14.27,8.87,0.86,-1,-1,-1
1461,1,199.10,292.96,10.57,5.46,0.82,-1,-1,-1
1461,2,202.49,183.64,9.65,6.33,0.84,-1,-1,-1
1461,3,313.59,225.83,14.18,8.57,0.87,-1,-1,-1
1481,1,213.55,287.10,10.90,6.88,0.85,-1,-1,-1
1481,2,175.15,193.38,9.37,6.05,0.83,-1,-1,-1
1481,3,280.81,240.33,13.89,6.28,0.85,-1,-1,-1
1501,1,217.94,286.01,10.20,6.46,0.84,-1,-1,-1
1501,2,146.99,203.54,9.77,6.01,0.83,-1,-1,-1
1501,3,268.72,248.01,13.81,6.86,0.86,-1,-1,-1
1521,1,210.39,288.26,10.48,6.70,0.85,-1,-1,-1
1521,2,123.24,212.66,9.51,6.04,0.82,-1,-1,-1
1521,3,268.56,260.08,13.57,7.73,0.86,-1,-1,-1
1541,1,191.86,293.96,10.55,6.97,0.85,-1,-1,-1
1541,2,111.87,217.85,8.96,5.61,0.83,-1,-1,-1
1541,3,266.92,266.77,13.85,7.05,0.85,-1,-1,-1
1561,1,165.37,302.49,10.41,6.47,0.85,-1,-1,-1
1561,2,109.86,219.54,9.12,5.49,0.82,-1,-1,-1
1561,3,267.83,267.67,14.25,8.04,0.86,-1,-1,-1
1581,1,133.86,313.07,10.13,6.26,0.86,-1,-1,-1
1581,2,107.85,217.47,8.78,5.50,0.82,-1,-1,-1
1581,3,278.82,275.69,13.67,7.72,0.86,-1,-1,-1
1601,1,111.96,320.95,9.91,5.58,0.84,-1,-1,-1
1601,2,99.75,209.44,9.00,5.46,0.81,-1,-1,-1
1601,3,297.27,289.18,12.79,7.05,0.86,-1,-1,-1
1621,1,109.77,321.90,9.66,5.34,0.83,-1,-1,-1
1621,2,84.81,195.29,9.80,6.08,0.82,-1,-1,-1
1621,3,318.58,305.42,12.15,6.35,0.85,-1,-1,-1
1641,1,123.36,317.18,10.04,5.49,0.83,-1,-1,-1
1641,2,68.21,179.29,10.33,6.50,0.83,-1,-1,-1
1641,3,340.18,321.43,11.77,6.57,0.86,-1,-1,-1
1661,1,150.57,306.55,10.63,7.84,0.86,-1,-1,-1
1661,2,49.77,161.21,10.66,7.20,0.83,-1,-1,-1
1661,3,361.33,337.20,10.96,5.85,0.84,-1,-1,-1
1681,1,161.69,303.62,10.45,6.48,0.85,-1,-1,-1
1681,2,32.87,144.68,11.01,7.50,0.84,-1,-1,-1
1681,3,380.88,351.92,10.58,5.31,0.83,-1,-1,-1
1701,1,161.40,303.85,10.41,5.91,0.84,-1,-1,-1
1701,2,21.28,133.84,11.64,8.73,0.84,-1,-1,-1
1701,3,398.70,364.55,9.68,5.26,0.79,-1,-1,-1
1721,1,160.61,304.02,10.05,5.84,0.84,-1,-1,-1
1721,2,19.61,133.78,11.36,8.25,0.84,-1,-1,-1
1721,3,410.93,373.42,8.99,4.16,0.78,-1,-1,-1
1741,1,160.25,304.42,10.14,5.71,0.84,-1,-1,-1
1741,2,19.41,134.90,11.67,7.63,0.85,-1,-1,-1
1741,3,413.90,374.46,9.04,4.29,0.79,-1,-1,-1
1761,1,160.35,304.54,10.17,5.81,0.84,-1,-1,-1
1761,2,20.17,134.88,11.24,7.64,0.84,-1,-1,-1
1761,3,419.16,373.40,9.18,4.30,0.79,-1,-1,-1
1781,1,160.71,304.52,10.28,5.95,0.84,-1,-1,-1
1781,2,20.73,134.15,11.04,7.63,0.83,-1,-1,-1
1781,3,430.14,370.07,9.61,4.16,0.80,-1,-1,-1
1801,1,161.00,304.31,10.10,5.55,0.83,-1,-1,-1
1801,2,20.97,133.15,11.39,7.85,0.81,-1,-1,-1
1801,3,447.08,364.98,9.26,4.48,0.80,-1,-1,-1
1821,1,159.66,302.57,9.96,6.27,0.84,-1,-1,-1
1821,2,23.71,131.75,11.27,7.91,0.82,-1,-1,-1
1821,3,466.65,358.58,9.51,4.36,0.79,-1,-1,-1
1841,1,159.22,306.27,10.32,6.00,0.84,-1,-1,-1
1841,2,33.51,128.11,11.27,7.13,0.84,-1,-1,-1
1841,3,489.28,351.13,9.13,4.41,0.80,-1,-1,-1
1861,1,159.90,315.45,10.31,5.78,0.84,-1,-1,-1
1861,2,51.69,120.84,11.23,7.15,0.85,-1,-1,-1
1861,3,512.65,343.35,9.31,4.58,0.80,-1,-1,-1
1881,1,160.18,316.94,10.21,5.77,0.83,-1,-1,-1
1881,2,76.73,111.46,11.62,7.04,0.83,-1,-1,-1
1881,3,534.22,335.71,9.34,4.91,0.82,-1,-1,-1
1901,1,159.69,312.66,10.08,5.72,0.84,-1,-1,-1
1901,2,108.33,99.28,11.64,7.43,0.83,-1,-1,-1
1901,3,553.60,327.82,9.26,6.55,0.84,-1,-1,-1
1921,1,158.80,305.73,10.71,5.92,0.84,-1,-1,-1
1921,2,142.99,86.32,11.63,7.30,0.85,-1,-1,-1
1921,3,560.74,325.58,9.04,5.47,0.80,-1,-1,-1
1941,1,158.88,305.54,10.60,5.97,0.85,-1,-1,-1
1941,2,174.62,74.32,11.39,8.87,0.84,-1,-1,-1
1941,3,561.66,321.22,9.31,5.87,0.83,-1,-1,-1
1961,1,158.84,305.88,10.48,5.80,0.84,-1,-1,-1
1961,2,184.56,71.22,11.27,8.17,0.85,-1,-1,-1
1961,3,561.58,320.71,9.30,5.68,0.83,-1,-1,-1
1981,1,158.96,306.02,10.34,5.92,0.85,-1,-1,-1
1981,2,184.74,72.18,11.06,7.34,0.85,-1,-1,-1
1981,3,561.24,320.74,9.36,5.75,0.83,-1,-1,-1
2001,1,158.95,306.01,10.34,5.98,0.85,-1,-1,-1
2001,2,186.48,75.35,11.05,7.93,0.84,-1,-1,-1
2001,3,560.63,320.85,9.11,5.53,0.83,-1,-1,-1
2021,1,158.51,306.13,10.42,5.91,0.85,-1,-1,-1
2021,2,189.70,81.86,11.36,7.90,0.85,-1,-1,-1
2021,3,560.27,320.97,9.19,5.55,0.83,-1,-1,-1
2041,1,157.93,306.00,10.52,6.36,0.85,-1,-1,-1
2041,2,196.42,93.62,11.36,7.68,0.85,-1,-1,-1
2041,3,560.07,321.02,9.08,5.45,0.83,-1,-1,-1
2061,1,149.75,308.24,10.35,7.07,0.84,-1,-1,-1
2061,2,210.26,112.65,10.36,7.09,0.83,-1,-1,-1
2061,3,559.99,320.98,9.08,5.46,0.83,-1,-1,-1
2081,1,129.68,315.10,10.61,6.16,0.84,-1,-1,-1
2081,2,226.00,135.05,10.29,7.31,0.85,-1,-1,-1
2081,3,560.28,320.80,9.26,5.61,0.83,-1,-1,-1
2101,1,117.17,319.86,9.93,5.57,0.84,-1,-1,-1
2101,2,242.90,159.27,9.74,6.44,0.83,-1,-1,-1
2101,3,560.53,320.92,9.01,5.46,0.83,-1,-1,-1
2121,1,116.95,319.87,9.91,5.49,0.84,-1,-1,-1
2121,2,259.74,182.32,9.50,6.15,0.82,-1,-1,-1
2121,3,560.51,320.90,9.19,5.60,0.83,-1,-1,-1
2141,1,131.55,314.08,10.25,5.50,0.84,-1,-1,-1
2141,2,274.27,202.57,8.91,5.24,0.81,-1,-1,-1
2141,3,560.72,320.82,9.17,5.65,0.83,-1,-1,-1
2161,1,167.59,301.09,10.39,5.16,0.82,-1,-1,-1
2161,2,283.89,215.77,8.29,4.22,0.78,-1,-1,-1
2161,3,560.66,320.81,9.28,5.67,0.83,-1,-1,-1
2181,1,204.09,286.80,10.08,7.68,0.86,-1,-1,-1
2181,2,284.94,216.84,8.73,4.85,0.80,-1,-1,-1
2181,3,560.69,320.84,9.31,5.67,0.83,-1,-1,-1
2201,1,209.85,281.32,10.15,6.05,0.83,-1,-1,-1
2201,2,285.08,216.86,8.70,4.92,0.80,-1,-1,-1
2201,3,560.71,320.79,9.29,5.74,0.83,-1,-1,-1
2221,1,208.00,274.12,10.45,6.17,0.83,-1,-1,-1
2221,2,284.66,216.66,8.37,4.71,0.80,-1,-1,-1
2221,3,560.49,320.70,9.08,5.43,0.83,-1,-1,-1
2241,1,205.60,265.21,10.06,5.69,0.84,-1,-1,-1
2241,2,280.14,210.89,8.54,4.84,0.80,-1,-1,-1
2241,3,559.51,319.00,8.58,5.03,0.81,-1,-1,-1
2261,1,204.20,256.81,10.31,5.97,0.84,-1,-1,-1
2261,2,273.48,202.73,9.09,5.20,0.80,-1,-1,-1
2261,3,554.20,311.04,9.38,5.25,0.82,-1,-1,-1
2281,1,204.36,250.27,10.31,6.27,0.84,-1,-1,-1
2281,2,268.48,195.78,9.38,5.20,0.79,-1,-1,-1
2281,3,545.69,296.27,9.64,5.37,0.83,-1,-1,-1
2301,1,205.17,250.33,10.38,6.09,0.84,-1,-1,-1
2301,2,268.17,189.01,9.55,6.31,0.81,-1,-1,-1
2301,3,533.93,275.14,10.42,6.45,0.85,-1,-1,-1
2321,1,206.09,251.99,10.84,6.59,0.84,-1,-1,-1
2321,2,270.99,187.93,9.02,5.07,0.80,-1,-1,-1
2321,3,518.70,249.14,11.42,7.28,0.86,-1,-1,-1
2341,1,207.68,258.80,10.16,6.20,0.84,-1,-1,-1
2341,2,280.16,184.27,9.28,5.56,0.82,-1,-1,-1
2341,3,501.38,221.92,12.74,7.85,0.86,-1,-1,-1
2361,1,208.48,265.90,10.32,6.01,0.83,-1,-1,-1
2361,2,289.83,179.41,9.17,5.10,0.78,-1,-1,-1
2361,3,483.88,194.50,13.85,8.95,0.87,-1,-1,-1
2381,1,209.26,273.07,10.28,5.95,0.83,-1,-1,-1
2381,2,288.85,162.35,9.44,5.56,0.81,-1,-1,-1
2381,3,465.83,168.09,14.76,9.50,0.88,-1,-1,-1
2401,1,209.87,283.32,10.62,6.34,0.83,-1,-1,-1
2401,2,284.11,146.91,9.76,6.94,0.81,-1,-1,-1
2401,3,447.88,141.23,16.03,10.40,0.89,-1,-1,-1
2421,1,210.14,292.61,10.56,6.10,0.83,-1,-1,-1
2421,2,282.44,145.78,9.82,8.35,0.83,-1,-1,-1
2421,3,434.65,121.88,17.74,12.21,0.90,-1,-1,-1
2441,1,209.66,292.07,11.07,6.41,0.83,-1,-1,-1
2441,2,252.29,156.98,10.08,6.86,0.82,-1,-1,-1
2441,3,426.50,122.02,16.80,13.23,0.89,-1,-1,-1
2461,1,204.97,292.66,10.56,6.77,0.84,-1,-1,-1
2461,2,212.22,171.34,10.32,6.22,0.81,-1,-1,-1
2461,3,395.55,134.51,17.24,12.03,0.89,-1,-1,-1
2481,1,193.52,296.29,10.62,6.66,0.86,-1,-1,-1
2481,2,186.89,181.29,9.58,5.42,0.80,-1,-1,-1
2481,3,344.85,155.62,17.33,12.10,0.90,-1,-1,-1
2501,1,172.99,302.52,11.09,6.87,0.85,-1,-1,-1
2501,2,186.43,182.25,9.62,5.26,0.79,-1,-1,-1
2501,3,285.63,181.87,17.10,10.45,0.90,-1,-1,-1
2521,1,146.51,311.70,10.84,6.38,0.85,-1,-1,-1
2521,2,212.50,174.41,9.93,5.11,0.80,-1,-1,-1
2521,3,232.23,206.09,16.49,9.50,0.88,-1,-1,-1
2541,1,121.69,320.61,10.15,5.44,0.83,-1,-1,-1
2541,2,247.66,162.57,9.64,6.20,0.83,-1,-1,-1
2541,3,194.55,225.04,15.54,6.73,0.87,-1,-1,-1
2561,1,116.55,322.02,10.27,5.75,0.84,-1,-1,-1
2561,2,267.81,156.07,9.68,5.76,0.81,-1,-1,-1
2561,3,189.87,227.75,15.56,8.51,0.87,-1,-1,-1
2581,1,119.02,321.50,10.39,5.71,0.85,-1,-1,-1
2581,2,272.21,144.54,9.65,5.55,0.81,-1,-1,-1
2581,3,195.01,230.13,15.47,9.68,0.88,-1,-1,-1
2601,1,130.68,317.97,10.62,5.46,0.83,-1,-1,-1
2601,2,270.47,127.50,10.41,6.63,0.83,-1,-1,-1
2601,3,215.46,244.63,14.84,9.08,0.88,-1,-1,-1
2621,1,155.10,309.93,10.45,5.56,0.83,-1,-1,-1
2621,2,267.94,119.02,10.51,6.81,0.84,-1,-1,-1
2621,3,245.78,265.57,14.08,8.00,0.88,-1,-1,-1
2641,1,190.23,297.88,11.19,5.27,0.84,-1,-1,-1
2641,2,261.74,119.91,10.98,7.37,0.85,-1,-1,-1
2641,3,277.48,287.72,12.87,7.20,0.87,-1,-1,-1
2661,1,233.68,281.68,10.87,7.55,0.86,-1,-1,-1
2661,2,240.40,127.01,10.60,7.89,0.85,-1,-1,-1
2661,3,307.06,307.82,12.14,6.93,0.85,-1,-1,-1
2681,1,257.71,274.10,10.43,7.42,0.84,-1,-1,-1
2681,2,200.82,141.48,10.85,7.57,0.83,-1,-1,-1
2681,3,332.91,325.85,11.45,6.17,0.84,-1,-1,-1
2701,1,257.83,273.79,10.63,7.57,0.85,-1,-1,-1
2701,2,150.01,160.95,11.05,7.08,0.85,-1,-1,-1
2701,3,354.72,341.44,10.82,5.70,0.82,-1,-1,-1
2721,1,240.02,279.36,10.89,7.19,0.86,-1,-1,-1
2721,2,99.70,181.07,11.04,6.74,0.83,-1,-1,-1
2721,3,372.90,354.37,10.41,5.53,0.84,-1,-1,-1
2741,1,207.52,289.19,11.38,7.19,0.86,-1,-1,-1
2741,2,70.05,194.74,10.10,5.95,0.83,-1,-1,-1
2741,3,388.23,365.92,10.04,4.87,0.81,-1,-1,-1
2761,1,167.75,302.75,10.41,5.23,0.82,-1,-1,-1
2761,2,66.31,196.85,10.45,6.87,0.84,-1,-1,-1
2761,3,401.86,375.89,9.39,4.64,0.81,-1,-1,-1
2781,1,148.82,308.42,10.49,5.68,0.83,-1,-1,-1
2781,2,69.04,201.04,10.24,6.31,0.85,-1,-1,-1
2781,3,413.59,384.48,8.87,4.21,0.80,-1,-1,-1
2801,1,147.80,305.20,10.71,5.91,0.84,-1,-1,-1
2801,2,74.29,205.11,10.27,6.83,0.83,-1,-1,-1
2801,3,416.19,386.42,8.96,4.35,0.80,-1,-1,-1
2821,1,148.95,298.71,10.47,6.14,0.85,-1,-1,-1
2821,2,81.40,210.98,9.66,6.37,0.83,-1,-1,-1
2821,3,418.38,385.95,9.36,3.98,0.79,-1,-1,-1
2841,1,149.13,290.65,10.49,6.21,0.84,-1,-1,-1
2841,2,87.99,216.36,9.60,6.49,0.85,-1,-1,-1
2841,3,434.90,380.88,9.16,3.70,0.78,-1,-1,-1
2861,1,149.43,284.99,10.34,6.29,0.84,-1,-1,-1
2861,2,93.37,221.92,9.36,5.75,0.82,-1,-1,-1
2861,3,463.46,371.82,9.30,3.78,0.79,-1,-1,-1
2881,1,149.44,288.70,10.61,6.19,0.85,-1,-1,-1
2881,2,97.49,225.24,9.47,6.01,0.83,-1,-1,-1
2881,3,499.98,360.07,9.30,3.99,0.79,-1,-1,-1
2901,1,149.62,310.29,11.13,6.60,0.85,-1,-1,-1
2901,2,103.64,230.38,9.39,6.22,0.83,-1,-1,-1
2901,3,541.57,345.87,9.48,4.44,0.81,-1,-1,-1
2901,7,412.76,478.16,10.45,6.80,0.81,-1,-1,-1
2921,1,149.62,325.57,10.96,6.19,0.84,-1,-1,-1
2921,2,112.76,238.16,9.06,5.78,0.82,-1,-1,-1
2921,3,587.40,330.21,9.81,4.83,0.82,-1,-1,-1
2941,1,149.63,341.02,10.98,6.10,0.84,-1,-1,-1
2941,2,123.00,247.04,8.74,5.44,0.81,-1,-1,-1
2941,3,633.32,314.05,6.51,7.00,0.77,-1,-1,-1
2961,1,149.26,340.30,10.43,5.79,0.83,-1,-1,-1
2961,2,133.29,255.31,8.51,5.41,0.82,-1,-1,-1
2981,1,148.12,331.90,10.36,5.67,0.83,-1,-1,-1
2981,2,142.71,263.15,8.43,5.23,0.81,-1,-1,-1
3001,1,147.95,329.39,10.50,5.82,0.85,-1,-1,-1
3001,2,150.94,269.77,8.09,4.75,0.79,-1,-1,-1
3021,1,155.63,327.49,10.47,5.47,0.83,-1,-1,-1
3021,2,152.84,270.84,8.01,4.57,0.79,-1,-1,-1
3041,1,186.02,317.97,10.98,5.10,0.82,-1,-1,-1
3041,2,152.86,270.38,8.13,4.61,0.79,-1,-1,-1
3061,1,222.93,305.15,10.64,8.34,0.86,-1,-1,-1
3061,2,155.76,269.29,8.11,4.30,0.78,-1,-1,-1
3081,1,230.19,306.19,11.10,6.31,0.84,-1,-1,-1
3081,2,168.10,265.34,8.18,4.20,0.80,-1,-1,-1
3101,1,231.61,324.47,10.99,6.15,0.84,-1,-1,-1
3101,2,187.26,259.12,8.56,4.40,0.79,-1,-1,-1
3121,1,230.67,334.85,11.08,5.45,0.82,-1,-1,-1
3121,2,205.72,253.30,8.31,4.45,0.76,-1,-1,-1
3141,1,229.31,331.86,11.35,5.98,0.82,-1,-1,-1
3141,2,220.44,248.07,8.49,5.46,0.82,-1,-1,-1
3161,1,229.06,324.91,10.51,5.72,0.83,-1,-1,-1
3161,2,223.55,246.72,7.81,4.96,0.78,-1,-1,-1
3181,1,228.20,316.86,11.05,5.98,0.83,-1,-1,-1
3181,2,222.62,246.54,8.15,4.84,0.79,-1,-1,-1
3201,1,227.96,307.88,11.22,5.93,0.83,-1,-1,-1
3201,2,221.45,246.22,8.20,4.49,0.77,-1,-1,-1
3221,1,228.43,299.00,10.74,5.84,0.84,-1,-1,-1
3221,2,217.36,242.43,8.31,4.51,0.80,-1,-1,-1
3221,8,609.21,117.43,15.44,11.57,0.88,-1,-1,-1
3241,1,228.08,290.61,10.44,6.24,0.84,-1,-1,-1
3241,2,209.27,234.41,8.62,4.79,0.81,-1,-1,-1
3241,8,576.63,131.06,15.29,11.64,0.89,-1,-1,-1
3261,1,226.93,281.19,10.59,6.00,0.84,-1,-1,-1
3261,2,200.30,225.78,8.63,5.17,0.80,-1,-1,-1
3261,8,537.66,146.54,16.06,10.92,0.89,-1,-1,-1
3281,1,225.87,271.22,10.98,6.04,0.84,-1,-1,-1
3281,2,191.18,217.50,8.54,5.22,0.81,-1,-1,-1
3281,8,494.87,164.31,15.45,10.14,0.88,-1,-1,-1
3301,1,225.95,262.07,10.75,6.27,0.83,-1,-1,-1
3301,2,181.97,209.90,8.88,5.24,0.81,-1,-1,-1
3301,8,453.04,182.24,15.52,8.01,0.86,-1,-1,-1
3321,1,225.68,253.84,10.70,5.99,0.83,-1,-1,-1
3321,2,173.33,202.30,9.37,5.75,0.82,-1,-1,-1
3321,8,438.63,188.84,14.89,8.42,0.87,-1,-1,-1
3341,1,225.32,248.55,10.39,6.07,0.84,-1,-1,-1
3341,2,165.04,195.11,9.51,6.29,0.82,-1,-1,-1
3341,8,438.66,189.05,14.89,9.13,0.88,-1,-1,-1
3361,1,224.79,250.27,10.84,6.25,0.84,-1,-1,-1
3361,2,157.22,188.37,9.71,6.43,0.82,-1,-1,-1
3361,8,438.79,189.62,14.67,9.17,0.88,-1,-1,-1
3381,1,225.29,259.89,10.46,6.27,0.84,-1,-1,-1
3381,2,149.72,182.03,9.92,5.98,0.82,-1,-1,-1
3381,8,430.08,192.77,14.52,9.60,0.88,-1,-1,-1
3401,1,225.97,272.33,11.11,6.25,0.85,-1,-1,-1
3401,2,142.66,175.89,10.19,6.24,0.83,-1,-1,-1
3401,8,409.41,200.75,14.84,9.91,0.87,-1,-1,-1
3421,1,227.83,286.10,10.65,6.40,0.84,-1,-1,-1
3421,2,136.62,170.52,9.93,6.61,0.83,-1,-1,-1
3421,8,379.94,212.25,15.13,9.56,0.88,-1,-1,-1
3441,1,228.34,300.42,10.77,5.99,0.83,-1,-1,-1
3441,2,135.63,170.30,9.84,6.33,0.83,-1,-1,-1
3441,8,344.78,227.01,14.85,9.19,0.88,-1,-1,-1
3461,1,229.16,312.95,11.17,5.98,0.85,-1,-1,-1
3461,2,135.65,170.78,9.91,6.42,0.83,-1,-1,-1
3461,8,319.51,239.82,14.04,6.90,0.87,-1,-1,-1
3481,1,229.74,330.48,11.60,6.03,0.84,-1,-1,-1
3481,2,137.17,170.70,9.89,6.29,0.82,-1,-1,-1
3481,8,317.13,240.60,13.79,7.55,0.87,-1,-1,-1
3501,1,229.91,338.30,11.71,5.53,0.84,-1,-1,-1
3501,2,137.93,170.91,10.07,6.74,0.82,-1,-1,-1
3501,8,313.95,238.69,13.97,7.37,0.87,-1,-1,-1
3521,1,228.87,338.12,11.30,5.98,0.84,-1,-1,-1
3521,2,138.00,171.45,9.90,6.56,0.81,-1,-1,-1
3521,8,307.94,233.58,14.65,8.94,0.87,-1,-1,-1
3541,1,221.89,339.97,11.07,6.62,0.84,-1,-1,-1
3541,2,137.59,171.31,10.11,6.58,0.82,-1,-1,-1
3541,8,308.46,235.14,14.14,8.46,0.86,-1,-1,-1
