1,67.0,408.3,196.0,9.0,5.5,0.48,-1,-1,-1
1,66.0,432.3,129.8,7.5,5.2,0.48,-1,-1,-1
1,65.0,264.0,171.5,11.5,7.5,0.48,-1,-1,-1
21,67.0,406.8,195.8,11.1,6.3,1.11,-1,-1,-1
21,66.0,425.0,121.4,10.0,5.8,1.11,-1,-1,-1
21,65.0,262.8,171.9,12.2,7.1,1.11,-1,-1,-1
41,67.0,406.6,195.2,9.6,6.6,1.11,-1,-1,-1
41,66.0,416.8,108.9,8.9,6.8,1.11,-1,-1,-1
41,65.0,261.3,172.5,11.7,7.6,1.11,-1,-1,-1
61,67.0,403.0,177.4,9.1,6.2,1.11,-1,-1,-1
61,66.0,415.8,106.6,8.6,6.3,1.11,-1,-1,-1
61,65.0,253.4,174.5,12.2,8.1,1.11,-1,-1,-1
81,67.0,400.4,168.0,10.8,6.4,1.11,-1,-1,-1
81,66.0,422.2,102.5,8.8,6.3,1.11,-1,-1,-1
81,65.0,233.1,181.9,12.3,8.0,1.11,-1,-1,-1
101,68.0,198.0,194.2,11.7,7.8,0.81,-1,-1,-1
101,67.0,400.7,168.6,10.0,6.3,1.11,-1,-1,-1
101,66.0,433.1,97.3,9.8,6.7,1.11,-1,-1,-1
121,69.0,156.8,209.4,10.6,6.7,0.73,-1,-1,-1
121,67.0,400.1,167.7,10.4,6.7,1.11,-1,-1,-1
121,66.0,444.7,92.8,9.3,6.7,1.11,-1,-1,-1
141,71.0,116.2,224.6,11.8,5.4,0.9,-1,-1,-1
141,70.0,395.2,139.6,8.9,5.6,0.9,-1,-1,-1
141,66.0,447.6,91.8,10.4,6.6,1.11,-1,-1,-1
161,71.0,100.6,229.5,12.4,5.6,1.11,-1,-1,-1
161,70.0,387.1,117.2,11.8,6.2,1.11,-1,-1,-1
161,66.0,447.7,91.5,10.3,6.9,1.11,-1,-1,-1
181,72.0,382.3,92.1,9.3,7.2,1.11,-1,-1,-1
181,71.0,102.2,229.2,10.8,5.4,1.11,-1,-1,-1
181,66.0,449.2,94.8,9.7,7.1,1.11,-1,-1,-1
201,73.0,377.3,70.3,9.8,6.6,1.11,-1,-1,-1
201,71.0,124.1,221.4,12.3,5.8,1.11,-1,-1,-1
201,66.0,452.1,106.3,10.6,6.0,1.11,-1,-1,-1
221,73.0,383.4,64.6,10.1,6.1,1.11,-1,-1,-1
221,71.0,163.6,207.8,11.6,6.0,1.11,-1,-1,-1
221,66.0,456.5,116.3,10.0,6.2,1.11,-1,-1,-1
241,75.0,415.5,51.9,10.6,6.3,1.11,-1,-1,-1
241,74.0,229.8,183.7,12.0,6.7,1.11,-1,-1,-1
241,66.0,460.7,127.5,9.2,5.8,1.11,-1,-1,-1
261,78.0,478.0,28.3,10.0,6.6,0.53,-1,-1,-1
261,76.0,279.9,165.1,12.3,9.4,1.11,-1,-1,-1
261,66.0,465.6,137.6,8.3,5.4,1.11,-1,-1,-1
281,79.0,555.2,-0.2,10.1,6.5,0.66,-1,-1,-1
281,76.0,280.7,159.3,13.4,7.7,1.11,-1,-1,-1
281,66.0,465.8,142.3,8.7,5.8,1.11,-1,-1,-1
301,76.0,276.9,141.2,12.1,7.5,1.11,-1,-1,-1
301,66.0,466.1,142.4,8.1,5.8,1.11,-1,-1,-1
321,76.0,275.2,123.1,10.8,7.6,1.11,-1,-1,-1
321,66.0,467.2,145.6,8.4,5.2,1.11,-1,-1,-1
341,80.0,608.9,2.7,11.5,8.7,1.11,-1,-1,-1
341,76.0,274.1,111.9,12.2,7.2,1.11,-1,-1,-1
341,66.0,467.4,146.0,8.0,5.8,1.11,-1,-1,-1
361,80.0,618.8,21.8,12.0,8.5,1.11,-1,-1,-1
361,76.0,275.5,115.4,11.5,8.8,1.11,-1,-1,-1
361,66.0,467.2,145.6,9.0,6.1,1.11,-1,-1,-1
381,80.0,632.9,46.0,7.3,7.3,1.11,-1,-1,-1
381,76.0,277.6,126.1,11.8,7.7,1.11,-1,-1,-1
381,66.0,466.7,146.1,9.6,5.4,1.11,-1,-1,-1
401,76.0,279.7,137.9,12.4,7.6,1.11,-1,-1,-1
401,66.0,466.5,146.4,8.8,6.1,1.11,-1,-1,-1
421,81.0,447.8,153.3,6.1,5.3,1.11,-1,-1,-1
421,76.0,282.4,151.0,12.1,7.7,1.11,-1,-1,-1
441,81.0,423.7,161.1,6.7,5.5,1.11,-1,-1,-1
441,76.0,285.2,164.3,10.9,8.0,1.11,-1,-1,-1
461,82.0,396.6,171.4,8.6,4.8,1.11,-1,-1,-1
461,76.0,285.2,184.9,13.1,6.8,1.11,-1,-1,-1
481,84.0,608.2,174.9,11.5,7.6,0.59,-1,-1,-1
481,82.0,392.8,172.8,7.3,5.7,1.11,-1,-1,-1
481,76.0,288.6,213.8,13.7,7.3,1.11,-1,-1,-1
501,85.0,548.6,209.0,13.3,5.9,0.73,-1,-1,-1
501,82.0,391.7,173.7,7.6,5.1,1.11,-1,-1,-1
501,76.0,291.6,223.0,12.2,7.0,1.11,-1,-1,-1
521,85.0,505.0,227.3,10.3,6.4,1.11,-1,-1,-1
521,82.0,389.5,173.2,8.7,5.2,1.11,-1,-1,-1
521,76.0,289.8,222.3,14.0,7.0,1.11,-1,-1,-1
541,87.0,456.1,242.8,9.6,6.5,1.11,-1,-1,-1
541,82.0,388.7,170.5,9.1,5.5,1.11,-1,-1,-1
541,76.0,282.9,223.9,12.1,7.3,1.11,-1,-1,-1
561,88.0,408.3,258.8,10.6,5.0,1.11,-1,-1,-1
561,82.0,385.6,166.9,7.8,4.9,1.11,-1,-1,-1
561,76.0,263.3,229.7,14.2,7.9,1.11,-1,-1,-1
581,88.0,368.4,271.4,10.9,5.4,1.11,-1,-1,-1
581,82.0,380.3,159.9,8.2,5.3,1.11,-1,-1,-1
581,76.0,238.9,238.1,11.2,7.6,1.11,-1,-1,-1
601,89.0,330.9,283.8,8.2,4.6,1.11,-1,-1,-1
601,82.0,371.3,147.5,9.0,6.0,1.11,-1,-1,-1
601,76.0,202.5,250.4,11.2,7.1,1.11,-1,-1,-1
621,89.0,323.5,276.7,8.2,5.8,1.11,-1,-1,-1
621,82.0,361.5,135.1,9.3,5.1,1.11,-1,-1,-1
621,76.0,161.5,264.4,12.6,6.2,1.11,-1,-1,-1
641,89.0,322.9,266.6,8.1,6.1,1.11,-1,-1,-1
641,82.0,352.5,121.9,9.7,6.8,1.11,-1,-1,-1
641,76.0,127.0,276.1,12.2,5.4,1.11,-1,-1,-1
661,89.0,323.3,268.6,12.2,7.4,1.11,-1,-1,-1
661,82.0,348.7,119.5,9.8,5.1,1.11,-1,-1,-1
661,76.0,109.5,282.1,12.2,5.2,1.11,-1,-1,-1
681,89.0,340.6,285.1,10.7,6.6,1.11,-1,-1,-1
681,82.0,349.5,119.9,9.7,6.1,1.11,-1,-1,-1
681,76.0,112.9,281.2,12.4,5.1,1.11,-1,-1,-1
701,90.0,369.9,310.3,8.2,5.6,0.9,-1,-1,-1
701,82.0,352.6,122.4,8.9,5.8,1.11,-1,-1,-1
701,76.0,139.2,273.2,11.8,5.1,1.11,-1,-1,-1
721,93.0,399.1,332.0,6.8,4.4,0.73,-1,-1,-1
721,91.0,188.2,257.1,12.1,5.5,1.11,-1,-1,-1
721,82.0,356.2,128.3,9.8,5.6,1.11,-1,-1,-1
741,93.0,417.4,339.6,6.1,3.3,1.11,-1,-1,-1
741,91.0,233.7,240.6,10.7,9.7,1.11,-1,-1,-1
741,82.0,361.8,134.0,9.3,6.4,1.11,-1,-1,-1
761,93.0,425.2,335.8,5.0,3.3,1.11,-1,-1,-1
761,91.0,244.4,238.2,11.9,6.4,1.11,-1,-1,-1
761,82.0,367.5,142.8,10.2,5.1,1.11,-1,-1,-1
781,91.0,253.3,235.3,14.2,6.1,1.11,-1,-1,-1
781,82.0,375.4,150.3,7.9,5.8,1.11,-1,-1,-1
801,91.0,276.2,226.6,14.1,6.8,1.11,-1,-1,-1
801,82.0,381.6,157.7,7.7,5.9,1.11,-1,-1,-1
821,95.0,414.4,283.0,5.5,3.6,1.11,-1,-1,-1
821,91.0,301.5,208.4,12.5,9.3,1.11,-1,-1,-1
821,82.0,387.3,164.7,8.3,5.8,1.11,-1,-1,-1
841,95.0,409.8,265.4,4.8,3.5,1.11,-1,-1,-1
841,91.0,307.1,206.2,12.1,7.5,1.11,-1,-1,-1
841,82.0,392.8,173.3,6.8,5.1,1.11,-1,-1,-1
861,91.0,304.4,207.2,13.7,6.6,1.11,-1,-1,-1
861,82.0,398.6,179.0,8.0,4.8,1.11,-1,-1,-1
881,95.0,404.2,241.3,5.4,4.6,1.11,-1,-1,-1
881,91.0,304.0,207.4,12.7,6.9,1.11,-1,-1,-1
881,82.0,402.4,183.6,8.5,4.8,1.11,-1,-1,-1
901,95.0,404.7,241.2,7.2,4.4,1.11,-1,-1,-1
901,91.0,302.7,207.9,11.7,7.3,1.11,-1,-1,-1
901,82.0,401.6,183.6,9.7,4.9,1.11,-1,-1,-1
921,95.0,410.9,240.0,6.9,3.8,1.11,-1,-1,-1
921,91.0,294.3,209.8,14.4,7.5,1.11,-1,-1,-1
921,82.0,404.2,183.8,7.4,4.2,1.11,-1,-1,-1
941,95.0,419.4,236.6,7.1,5.0,1.11,-1,-1,-1
941,91.0,283.2,213.4,11.7,7.9,1.11,-1,-1,-1
941,82.0,410.9,181.2,7.6,5.2,1.11,-1,-1,-1
961,91.0,267.9,218.3,13.3,7.2,1.11,-1,-1,-1
961,82.0,420.6,178.0,9.2,5.3,1.11,-1,-1,-1
981,95.0,443.1,231.5,6.1,4.2,1.11,-1,-1,-1
981,91.0,260.0,221.0,13.6,6.3,1.11,-1,-1,-1
981,82.0,439.5,171.8,7.1,4.8,1.11,-1,-1,-1
1001,97.0,464.4,163.8,7.7,4.4,0.66,-1,-1,-1
1001,95.0,459.0,226.8,5.0,3.8,1.11,-1,-1,-1
1001,91.0,278.2,215.6,11.1,5.8,1.11,-1,-1,-1
1021,97.0,487.8,155.5,8.2,5.4,1.11,-1,-1,-1
1021,91.0,313.5,202.0,12.4,9.1,1.11,-1,-1,-1
1041,97.0,511.0,147.2,9.2,5.6,1.11,-1,-1,-1
1041,95.0,491.4,217.2,7.4,4.6,1.11,-1,-1,-1
1041,91.0,328.2,195.2,12.1,8.6,1.11,-1,-1,-1
1061,97.0,523.5,143.6,9.2,4.9,1.11,-1,-1,-1
1061,91.0,323.7,185.7,13.5,7.7,1.11,-1,-1,-1
1081,97.0,523.7,143.2,9.1,4.8,1.11,-1,-1,-1
1081,91.0,321.3,175.7,12.9,7.2,1.11,-1,-1,-1
1101,97.0,525.0,142.8,8.7,5.3,1.11,-1,-1,-1
1101,91.0,320.6,163.0,11.9,7.7,1.11,-1,-1,-1
1121,100.0,504.6,178.3,5.5,4.2,1.11,-1,-1,-1
1121,97.0,523.8,140.4,8.4,6.0,1.11,-1,-1,-1
1121,91.0,319.9,152.5,12.0,7.2,1.11,-1,-1,-1
1141,100.0,500.6,166.9,7.2,5.7,1.11,-1,-1,-1
1141,97.0,520.6,132.8,8.1,5.8,1.11,-1,-1,-1
1141,91.0,321.5,151.6,11.4,8.0,1.11,-1,-1,-1
1161,100.0,495.8,155.0,6.6,3.8,1.11,-1,-1,-1
1161,97.0,515.1,118.7,7.4,5.6,1.11,-1,-1,-1
1161,91.0,324.7,168.4,11.1,7.7,1.11,-1,-1,-1
1181,102.0,507.3,96.6,9.2,6.5,1.11,-1,-1,-1
1181,101.0,328.1,199.6,11.7,7.5,1.11,-1,-1,-1
1181,100.0,491.0,141.0,6.3,5.0,1.11,-1,-1,-1
1201,102.0,499.2,75.1,8.3,6.5,1.11,-1,-1,-1
1201,101.0,328.1,203.5,13.1,7.7,1.11,-1,-1,-1
1201,100.0,487.4,129.1,6.0,4.6,1.11,-1,-1,-1
1221,102.0,488.2,48.4,10.7,6.2,1.11,-1,-1,-1
1221,101.0,330.8,213.0,12.4,7.5,1.11,-1,-1,-1
1221,100.0,483.5,116.8,5.4,4.7,1.11,-1,-1,-1
1241,102.0,475.6,19.2,12.7,10.0,1.11,-1,-1,-1
1241,101.0,332.7,224.6,12.5,7.0,1.11,-1,-1,-1
1241,100.0,478.3,105.4,6.3,4.4,1.11,-1,-1,-1
1261,102.0,471.6,16.1,12.3,8.3,1.11,-1,-1,-1
1261,101.0,333.4,226.5,12.9,7.3,1.11,-1,-1,-1
1261,100.0,476.0,96.1,6.3,5.0,1.11,-1,-1,-1
1281,102.0,469.8,16.4,11.2,8.0,1.11,-1,-1,-1
1281,101.0,332.4,226.4,14.5,7.3,1.11,-1,-1,-1
1281,100.0,474.9,96.5,5.3,3.9,1.11,-1,-1,-1
1301,102.0,465.3,17.9,11.7,9.3,1.11,-1,-1,-1
1301,101.0,334.3,227.6,15.4,8.7,1.11,-1,-1,-1
1301,100.0,471.2,97.1,7.1,5.0,1.11,-1,-1,-1
1321,102.0,454.3,24.4,12.5,8.1,1.11,-1,-1,-1
1321,101.0,343.1,236.7,13.0,7.8,1.11,-1,-1,-1
1321,100.0,464.4,100.3,5.6,4.3,1.11,-1,-1,-1
1341,102.0,440.7,31.2,11.4,8.4,1.11,-1,-1,-1
1341,101.0,353.7,248.6,12.8,5.9,1.11,-1,-1,-1
1361,102.0,415.2,44.5,10.6,7.9,1.11,-1,-1,-1
1361,101.0,357.7,252.3,10.7,6.4,1.11,-1,-1,-1
1381,102.0,393.9,54.9,10.6,7.5,1.11,-1,-1,-1
1381,101.0,357.1,251.7,10.8,6.1,1.11,-1,-1,-1
1381,100.0,430.3,113.3,5.7,4.4,1.11,-1,-1,-1
1401,102.0,373.3,64.6,10.2,7.8,1.11,-1,-1,-1
1401,101.0,353.1,247.9,11.1,6.0,1.11,-1,-1,-1
1401,100.0,417.1,117.5,6.1,4.8,1.11,-1,-1,-1
1421,102.0,349.3,76.2,9.9,7.1,1.11,-1,-1,-1
1421,101.0,343.5,239.4,12.9,6.2,1.11,-1,-1,-1
1421,100.0,401.4,122.2,8.1,5.1,1.11,-1,-1,-1
1441,102.0,326.5,86.0,10.2,7.8,1.11,-1,-1,-1
1441,101.0,331.8,225.4,12.5,7.4,1.11,-1,-1,-1
1461,104.0,372.4,134.1,6.8,5.2,1.11,-1,-1,-1
1461,102.0,306.7,96.6,8.7,6.3,1.11,-1,-1,-1
1461,101.0,317.9,209.9,11.8,7.7,1.11,-1,-1,-1
1481,104.0,355.6,140.7,5.7,3.9,1.11,-1,-1,-1
1481,102.0,282.2,106.2,9.8,6.9,1.11,-1,-1,-1
1481,101.0,301.8,195.1,14.7,9.9,1.11,-1,-1,-1
1501,104.0,338.5,146.8,5.5,4.3,1.11,-1,-1,-1
1501,102.0,260.6,115.2,10.2,7.2,1.11,-1,-1,-1
1501,101.0,300.3,194.1,15.3,7.9,1.11,-1,-1,-1
1521,104.0,329.3,151.1,5.3,4.2,1.11,-1,-1,-1
1521,102.0,245.1,123.6,9.9,6.0,1.11,-1,-1,-1
1521,101.0,302.0,192.5,13.5,8.4,1.11,-1,-1,-1
1541,104.0,328.7,151.1,6.3,4.3,1.11,-1,-1,-1
1541,102.0,230.5,130.8,8.4,5.4,1.11,-1,-1,-1
1541,101.0,301.8,192.8,14.1,8.0,1.11,-1,-1,-1
1561,102.0,227.3,132.3,10.7,6.9,1.11,-1,-1,-1
1561,101.0,301.7,192.2,13.1,8.2,1.11,-1,-1,-1
1581,104.0,339.5,146.1,8.0,4.3,1.11,-1,-1,-1
1581,102.0,229.9,132.2,8.9,6.6,1.11,-1,-1,-1
1581,101.0,300.4,191.8,14.9,7.9,1.11,-1,-1,-1
1601,104.0,347.6,144.0,6.7,3.8,1.11,-1,-1,-1
1601,102.0,229.5,135.0,12.1,6.2,1.11,-1,-1,-1
1601,101.0,301.1,191.7,13.2,8.0,1.11,-1,-1,-1
1621,102.0,233.5,137.5,11.6,6.1,1.11,-1,-1,-1
1621,101.0,303.1,193.4,14.1,8.8,1.11,-1,-1,-1
1641,104.0,360.8,139.4,5.6,3.5,1.11,-1,-1,-1
1641,102.0,240.2,144.7,10.0,6.1,1.11,-1,-1,-1
1641,101.0,307.1,198.4,16.0,9.0,1.11,-1,-1,-1
1661,102.0,248.5,151.4,10.3,5.8,1.11,-1,-1,-1
1661,101.0,319.1,208.6,14.3,8.4,1.11,-1,-1,-1
1681,104.0,370.7,135.4,6.0,3.8,1.11,-1,-1,-1
1681,102.0,256.8,157.7,7.8,5.8,1.11,-1,-1,-1
1681,101.0,332.2,222.1,12.8,7.2,1.11,-1,-1,-1
1701,104.0,375.6,132.5,7.0,5.4,1.11,-1,-1,-1
1701,102.0,261.0,163.0,9.4,6.2,1.11,-1,-1,-1
1701,101.0,339.8,229.5,12.0,6.0,1.11,-1,-1,-1
1721,102.0,263.0,167.0,12.4,5.3,1.11,-1,-1,-1
1721,101.0,339.8,227.0,12.0,7.5,1.11,-1,-1,-1
1741,104.0,388.9,127.3,8.0,4.2,1.11,-1,-1,-1
1741,102.0,269.4,169.9,8.2,5.5,1.11,-1,-1,-1
1741,101.0,337.8,217.7,11.9,7.6,1.11,-1,-1,-1
1761,104.0,401.7,122.7,5.4,3.9,1.11,-1,-1,-1
1761,102.0,271.4,173.0,9.7,6.1,1.11,-1,-1,-1
1761,101.0,336.8,209.2,11.9,7.9,1.11,-1,-1,-1
1781,102.0,272.2,175.0,11.2,5.1,1.11,-1,-1,-1
1781,101.0,336.1,202.5,11.8,7.6,1.11,-1,-1,-1
1801,104.0,425.2,113.6,4.7,4.8,1.11,-1,-1,-1
1801,102.0,275.3,176.7,9.6,5.3,1.11,-1,-1,-1
1801,101.0,335.2,197.5,12.7,7.4,1.11,-1,-1,-1
1821,104.0,426.9,119.3,7.2,4.5,1.11,-1,-1,-1
1821,102.0,277.1,177.7,9.4,6.0,1.11,-1,-1,-1
1821,101.0,336.2,197.3,11.4,7.7,1.11,-1,-1,-1
1841,105.0,432.3,133.4,5.1,4.7,1.11,-1,-1,-1
1841,102.0,277.5,177.8,9.1,6.1,1.11,-1,-1,-1
1841,101.0,330.2,198.9,11.7,8.3,1.11,-1,-1,-1
1861,105.0,433.3,137.2,6.0,4.9,1.11,-1,-1,-1
1861,102.0,276.5,178.2,10.0,5.5,1.11,-1,-1,-1
1861,101.0,306.4,207.2,13.7,7.7,1.11,-1,-1,-1
1881,105.0,433.7,137.8,5.8,4.6,1.11,-1,-1,-1
1881,102.0,278.2,179.2,8.9,5.7,1.11,-1,-1,-1
1881,101.0,288.1,215.5,10.0,6.2,1.11,-1,-1,-1
1901,105.0,440.1,135.9,6.6,4.7,1.11,-1,-1,-1
1901,102.0,283.0,181.9,9.3,5.6,1.11,-1,-1,-1
1901,101.0,285.4,216.5,12.2,6.6,1.11,-1,-1,-1
1921,102.0,289.0,185.5,10.3,5.4,1.11,-1,-1,-1
1921,101.0,287.0,226.6,12.3,6.9,1.11,-1,-1,-1
1941,105.0,473.6,128.4,5.6,4.2,1.11,-1,-1,-1
1941,102.0,299.1,190.7,8.6,5.1,1.11,-1,-1,-1
1941,101.0,288.1,239.5,13.7,6.3,1.11,-1,-1,-1
1961,105.0,473.3,129.3,7.7,4.8,1.11,-1,-1,-1
1961,102.0,311.3,196.3,7.1,5.2,1.11,-1,-1,-1
1961,101.0,288.8,252.0,13.8,6.9,1.11,-1,-1,-1
1981,105.0,474.0,129.9,6.2,4.2,1.11,-1,-1,-1
1981,102.0,322.0,201.1,8.1,5.0,1.11,-1,-1,-1
1981,101.0,289.4,252.8,13.0,7.2,1.11,-1,-1,-1
