1,588.0,187.6,216.9,7.0,4.2,0.48,-1,-1,-1
1,587.0,512.5,221.6,8.0,4.0,0.48,-1,-1,-1
1,586.0,218.0,231.1,11.0,5.8,0.48,-1,-1,-1
21,588.0,184.8,216.6,6.5,3.2,1.11,-1,-1,-1
21,587.0,503.0,203.1,9.5,5.0,1.11,-1,-1,-1
21,586.0,256.5,218.5,12.5,6.2,1.11,-1,-1,-1
41,588.0,184.9,216.2,6.7,3.9,1.11,-1,-1,-1
41,587.0,495.1,183.4,10.3,7.3,1.11,-1,-1,-1
41,586.0,300.5,204.2,13.8,9.1,1.11,-1,-1,-1
61,588.0,185.3,216.0,6.6,3.7,1.11,-1,-1,-1
61,587.0,491.3,178.5,11.0,6.5,1.11,-1,-1,-1
61,586.0,323.5,198.8,11.8,6.7,1.11,-1,-1,-1
81,588.0,186.4,215.8,5.4,2.9,1.11,-1,-1,-1
81,587.0,491.7,179.7,10.3,6.2,1.11,-1,-1,-1
81,586.0,338.1,193.3,13.0,8.3,1.11,-1,-1,-1
101,587.0,493.4,183.5,9.9,5.5,1.11,-1,-1,-1
101,586.0,338.2,193.4,11.2,8.5,1.11,-1,-1,-1
121,588.0,168.2,199.5,5.6,3.4,1.11,-1,-1,-1
121,587.0,494.4,185.9,11.5,5.7,1.11,-1,-1,-1
121,586.0,323.2,197.8,12.6,8.2,1.11,-1,-1,-1
141,588.0,146.9,182.3,7.5,5.4,1.11,-1,-1,-1
141,587.0,495.9,190.1,12.5,5.7,1.11,-1,-1,-1
141,586.0,297.5,206.3,11.5,7.6,1.11,-1,-1,-1
161,588.0,144.8,176.5,5.6,3.9,1.11,-1,-1,-1
161,587.0,499.8,196.5,10.6,6.6,1.11,-1,-1,-1
161,586.0,276.1,213.1,10.5,7.0,1.11,-1,-1,-1
181,588.0,160.3,167.9,6.2,3.7,1.11,-1,-1,-1
181,587.0,503.3,204.1,9.5,6.0,1.11,-1,-1,-1
181,586.0,260.7,217.5,11.7,7.6,1.11,-1,-1,-1
201,588.0,190.3,156.8,4.6,3.9,1.11,-1,-1,-1
201,587.0,504.0,209.6,12.4,5.7,1.11,-1,-1,-1
201,586.0,234.9,225.6,11.3,7.6,1.11,-1,-1,-1
221,588.0,217.6,143.6,7.3,5.4,1.11,-1,-1,-1
221,587.0,505.0,209.3,11.1,6.1,1.11,-1,-1,-1
221,586.0,200.5,235.8,11.8,7.3,1.11,-1,-1,-1
241,588.0,228.2,139.3,6.4,4.4,1.11,-1,-1,-1
241,587.0,505.0,208.8,10.4,6.4,1.11,-1,-1,-1
241,586.0,166.2,246.8,11.3,6.5,1.11,-1,-1,-1
261,588.0,234.1,136.4,6.4,4.4,1.11,-1,-1,-1
261,587.0,494.3,212.7,9.4,6.2,1.11,-1,-1,-1
261,586.0,135.8,256.7,11.5,5.5,1.11,-1,-1,-1
281,588.0,251.0,129.2,9.8,5.1,1.11,-1,-1,-1
281,587.0,476.0,218.0,9.0,6.0,1.11,-1,-1,-1
281,586.0,123.7,260.3,12.7,5.4,1.11,-1,-1,-1
301,588.0,286.5,118.4,7.4,4.4,1.11,-1,-1,-1
301,587.0,454.5,225.0,9.9,5.5,1.11,-1,-1,-1
301,586.0,137.7,256.5,11.0,5.7,1.11,-1,-1,-1
321,588.0,332.5,103.5,7.4,3.9,1.11,-1,-1,-1
321,587.0,434.3,231.9,9.2,5.5,1.11,-1,-1,-1
321,586.0,182.6,243.0,11.0,5.6,1.11,-1,-1,-1
341,588.0,374.1,87.2,7.3,5.9,1.11,-1,-1,-1
341,587.0,418.0,237.0,10.0,6.3,1.11,-1,-1,-1
341,586.0,247.0,220.6,9.8,10.7,1.11,-1,-1,-1
361,588.0,381.1,83.4,8.2,5.8,1.11,-1,-1,-1
361,587.0,404.2,241.8,9.8,5.4,1.11,-1,-1,-1
361,586.0,279.2,212.6,10.6,6.9,1.11,-1,-1,-1
381,588.0,380.7,83.4,8.5,5.8,1.11,-1,-1,-1
381,587.0,401.5,242.8,8.8,4.9,1.11,-1,-1,-1
381,586.0,313.0,201.7,11.7,6.6,1.11,-1,-1,-1
401,588.0,367.8,88.5,6.7,5.2,1.11,-1,-1,-1
401,587.0,401.5,242.8,10.2,5.9,1.11,-1,-1,-1
401,586.0,347.5,188.9,12.6,9.6,1.11,-1,-1,-1
421,588.0,341.5,97.3,7.5,4.8,1.11,-1,-1,-1
421,587.0,400.2,243.3,9.1,5.5,1.11,-1,-1,-1
421,586.0,354.6,187.5,10.8,8.4,1.11,-1,-1,-1
441,588.0,311.9,108.0,6.5,4.7,1.11,-1,-1,-1
441,587.0,393.0,245.3,10.1,5.8,1.11,-1,-1,-1
441,586.0,342.2,191.5,13.0,8.5,1.11,-1,-1,-1
461,588.0,282.9,117.7,7.1,5.0,1.11,-1,-1,-1
461,587.0,385.7,248.6,9.5,5.0,1.11,-1,-1,-1
461,586.0,312.0,199.2,11.7,9.2,1.11,-1,-1,-1
481,588.0,264.1,125.5,5.8,4.4,1.11,-1,-1,-1
481,587.0,383.6,249.4,9.1,4.8,1.11,-1,-1,-1
481,586.0,270.5,213.9,12.1,6.9,1.11,-1,-1,-1
501,588.0,259.9,126.8,8.1,5.1,1.11,-1,-1,-1
501,587.0,376.7,250.6,9.4,5.7,1.11,-1,-1,-1
501,586.0,232.6,225.0,11.8,7.1,1.11,-1,-1,-1
521,588.0,260.7,127.8,7.5,4.0,1.11,-1,-1,-1
521,587.0,367.2,254.2,7.8,5.5,1.11,-1,-1,-1
521,586.0,197.2,236.7,11.6,6.1,1.11,-1,-1,-1
541,588.0,261.0,127.6,9.9,4.6,1.11,-1,-1,-1
541,587.0,356.2,257.3,10.6,4.8,1.11,-1,-1,-1
541,586.0,186.9,244.4,10.6,5.9,1.11,-1,-1,-1
561,588.0,260.6,125.5,7.6,5.1,1.11,-1,-1,-1
561,587.0,353.5,258.1,10.8,4.9,1.11,-1,-1,-1
561,586.0,186.9,249.9,12.1,6.4,1.11,-1,-1,-1
581,588.0,257.1,119.1,5.0,3.4,1.11,-1,-1,-1
581,587.0,353.6,257.8,9.5,5.7,1.11,-1,-1,-1
581,586.0,188.6,245.5,11.0,6.6,1.11,-1,-1,-1
601,588.0,243.2,102.3,8.6,6.2,1.11,-1,-1,-1
601,587.0,356.6,260.6,12.2,7.3,1.11,-1,-1,-1
601,586.0,188.9,241.2,11.8,6.5,1.11,-1,-1,-1
621,588.0,241.4,104.9,7.5,5.7,1.11,-1,-1,-1
621,587.0,371.0,272.9,8.7,4.6,1.11,-1,-1,-1
621,586.0,190.4,241.3,11.4,5.7,1.11,-1,-1,-1
641,588.0,242.1,134.9,8.8,4.8,1.11,-1,-1,-1
641,587.0,383.7,284.2,7.5,4.5,1.11,-1,-1,-1
641,586.0,205.0,237.3,10.5,5.7,1.11,-1,-1,-1
661,588.0,244.1,158.8,10.2,4.9,1.11,-1,-1,-1
661,587.0,392.6,294.2,8.0,4.5,1.11,-1,-1,-1
661,586.0,237.5,227.0,11.2,6.3,1.11,-1,-1,-1
681,588.0,247.4,159.7,7.3,4.0,1.11,-1,-1,-1
681,587.0,402.0,301.3,7.4,4.9,1.11,-1,-1,-1
681,586.0,287.5,211.9,11.1,6.2,1.11,-1,-1,-1
701,588.0,273.6,149.6,4.7,5.1,1.11,-1,-1,-1
701,587.0,407.2,306.1,6.9,3.7,1.11,-1,-1,-1
701,586.0,344.8,192.8,10.2,9.7,1.11,-1,-1,-1
721,588.0,320.7,132.0,7.7,5.8,1.11,-1,-1,-1
721,587.0,409.4,306.8,6.6,4.6,1.11,-1,-1,-1
721,586.0,366.7,185.9,11.9,9.1,1.11,-1,-1,-1
741,588.0,336.5,125.3,11.1,5.9,1.11,-1,-1,-1
741,587.0,415.4,311.9,7.1,4.6,1.11,-1,-1,-1
741,586.0,361.7,187.2,12.6,9.2,1.11,-1,-1,-1
761,588.0,338.2,124.0,8.2,5.1,1.11,-1,-1,-1
761,587.0,424.5,319.6,5.9,3.8,1.11,-1,-1,-1
761,586.0,333.3,196.6,10.6,9.0,1.11,-1,-1,-1
781,588.0,336.3,124.1,7.6,5.3,1.11,-1,-1,-1
781,587.0,433.8,325.5,6.3,4.7,1.11,-1,-1,-1
781,586.0,289.5,210.9,11.0,7.4,1.11,-1,-1,-1
801,588.0,335.6,124.1,6.8,6.2,1.11,-1,-1,-1
801,587.0,451.9,326.3,7.7,4.5,1.11,-1,-1,-1
801,586.0,261.5,220.0,12.3,6.4,1.11,-1,-1,-1
821,588.0,335.5,124.3,7.9,6.1,1.11,-1,-1,-1
821,587.0,456.9,325.5,5.2,4.4,1.11,-1,-1,-1
821,586.0,249.6,223.8,11.8,7.3,1.11,-1,-1,-1
841,588.0,336.8,123.2,8.4,5.6,1.11,-1,-1,-1
841,587.0,455.1,323.4,6.7,3.9,1.11,-1,-1,-1
841,586.0,229.3,229.1,11.2,7.9,1.11,-1,-1,-1
861,588.0,335.8,123.4,6.9,5.9,1.11,-1,-1,-1
861,587.0,451.1,318.7,7.6,3.5,1.11,-1,-1,-1
861,586.0,200.4,238.4,11.6,6.8,1.11,-1,-1,-1
881,588.0,309.8,131.6,6.8,6.3,1.11,-1,-1,-1
881,587.0,448.4,307.3,6.8,4.2,1.11,-1,-1,-1
881,586.0,170.7,247.6,13.4,6.3,1.11,-1,-1,-1
901,588.0,257.3,148.4,6.6,6.9,1.11,-1,-1,-1
901,587.0,448.2,300.2,6.4,3.9,1.11,-1,-1,-1
901,586.0,141.8,256.8,11.9,6.2,1.11,-1,-1,-1
921,588.0,192.1,170.7,8.3,4.5,1.11,-1,-1,-1
921,587.0,448.7,298.3,7.2,3.6,1.11,-1,-1,-1
921,586.0,114.5,265.3,12.1,4.9,1.11,-1,-1,-1
941,588.0,159.9,182.2,7.3,4.4,1.11,-1,-1,-1
941,587.0,448.4,292.3,6.1,4.7,1.11,-1,-1,-1
941,586.0,110.8,267.1,11.3,5.2,1.11,-1,-1,-1
961,588.0,155.5,184.5,7.7,4.0,1.11,-1,-1,-1
961,587.0,448.8,291.8,6.4,3.5,1.11,-1,-1,-1
961,586.0,125.9,262.5,11.7,5.3,1.11,-1,-1,-1
981,588.0,155.4,185.1,7.6,4.2,1.11,-1,-1,-1
981,587.0,455.5,290.6,6.9,3.7,1.11,-1,-1,-1
981,586.0,158.8,252.6,10.8,5.8,1.11,-1,-1,-1
1001,588.0,155.5,185.3,8.3,4.6,1.11,-1,-1,-1
1001,587.0,480.5,284.7,6.3,4.0,1.11,-1,-1,-1
1001,586.0,203.7,238.6,11.0,5.9,1.11,-1,-1,-1
1021,588.0,156.3,184.8,9.0,4.6,1.11,-1,-1,-1
1021,586.0,262.7,219.3,10.4,7.9,1.11,-1,-1,-1
1041,588.0,157.2,184.4,8.4,4.3,1.11,-1,-1,-1
1041,587.0,553.2,263.5,6.3,5.2,1.11,-1,-1,-1
1041,586.0,291.4,209.4,13.0,8.5,1.11,-1,-1,-1
1061,588.0,163.6,183.0,7.2,3.8,1.11,-1,-1,-1
1061,587.0,564.2,258.4,10.0,5.5,1.11,-1,-1,-1
1061,586.0,296.7,208.2,13.1,8.5,1.11,-1,-1,-1
1081,588.0,188.1,174.1,6.2,4.3,1.11,-1,-1,-1
1081,587.0,561.4,249.6,7.9,3.9,1.11,-1,-1,-1
1081,586.0,280.1,213.9,11.4,8.3,1.11,-1,-1,-1
1101,588.0,219.6,161.8,7.4,6.2,1.11,-1,-1,-1
1101,587.0,557.2,248.6,7.5,4.4,1.11,-1,-1,-1
1101,586.0,241.0,225.8,12.4,7.5,1.11,-1,-1,-1
1121,588.0,226.8,159.4,8.7,4.7,1.11,-1,-1,-1
1121,587.0,552.4,247.3,7.2,3.4,1.11,-1,-1,-1
1121,586.0,193.8,240.3,13.0,6.9,1.11,-1,-1,-1
1141,588.0,228.3,159.3,7.4,4.3,1.11,-1,-1,-1
1141,587.0,548.0,236.9,7.8,3.7,1.11,-1,-1,-1
1141,586.0,144.9,255.0,14.9,6.4,1.11,-1,-1,-1
1161,588.0,225.9,159.6,8.9,4.3,1.11,-1,-1,-1
1161,587.0,543.5,219.6,6.0,3.7,1.11,-1,-1,-1
1161,586.0,112.4,266.4,10.5,5.1,1.11,-1,-1,-1
1181,588.0,225.2,160.1,7.5,4.7,1.11,-1,-1,-1
1181,587.0,532.2,195.2,10.7,4.8,1.11,-1,-1,-1
1181,586.0,105.1,268.1,11.6,5.6,1.11,-1,-1,-1
1201,588.0,230.6,158.5,6.4,4.5,1.11,-1,-1,-1
1201,587.0,523.9,163.4,8.9,5.7,1.11,-1,-1,-1
1201,586.0,112.8,266.3,10.9,4.9,1.11,-1,-1,-1
1221,588.0,255.7,149.0,6.7,4.8,1.11,-1,-1,-1
1221,587.0,511.7,125.4,8.2,6.4,1.11,-1,-1,-1
1221,586.0,141.7,256.5,10.7,6.1,1.11,-1,-1,-1
1241,588.0,285.4,137.0,9.4,6.1,1.11,-1,-1,-1
1241,587.0,496.0,83.6,12.2,7.4,1.11,-1,-1,-1
1241,586.0,194.9,239.9,11.9,5.8,1.11,-1,-1,-1
1261,588.0,289.9,135.9,8.9,4.9,1.11,-1,-1,-1
1261,587.0,481.6,40.8,13.1,9.4,1.11,-1,-1,-1
1261,586.0,264.4,216.6,11.8,8.0,1.11,-1,-1,-1
1281,588.0,282.1,138.9,7.5,6.0,1.11,-1,-1,-1
1281,587.0,473.4,20.0,14.0,10.6,1.11,-1,-1,-1
1281,586.0,303.6,204.7,12.1,8.5,1.11,-1,-1,-1
1301,588.0,245.6,151.8,8.8,4.8,1.11,-1,-1,-1
1301,587.0,473.0,18.8,11.3,11.5,1.11,-1,-1,-1
1301,586.0,310.9,202.5,10.9,9.0,1.11,-1,-1,-1
1321,588.0,215.6,164.3,5.0,3.7,1.11,-1,-1,-1
1321,587.0,442.1,30.6,14.8,10.8,1.11,-1,-1,-1
1321,586.0,293.8,207.5,11.6,8.3,1.11,-1,-1,-1
1341,588.0,205.4,167.6,6.4,4.2,1.11,-1,-1,-1
1341,587.0,395.7,48.6,13.2,9.6,1.11,-1,-1,-1
1341,586.0,257.8,218.0,13.0,8.3,1.11,-1,-1,-1
1361,588.0,203.6,168.4,9.9,4.3,1.11,-1,-1,-1
1361,587.0,359.2,62.4,11.5,8.0,1.11,-1,-1,-1
1361,586.0,212.1,232.1,12.4,7.0,1.11,-1,-1,-1
1381,588.0,203.6,169.2,9.0,4.9,1.11,-1,-1,-1
1381,587.0,355.0,77.7,11.6,8.6,1.11,-1,-1,-1
1381,586.0,176.2,243.9,11.6,6.3,1.11,-1,-1,-1
1401,588.0,203.7,169.9,7.4,4.9,1.11,-1,-1,-1
1401,587.0,359.1,100.1,12.4,8.5,1.11,-1,-1,-1
1401,586.0,169.7,246.3,11.9,5.6,1.11,-1,-1,-1
1421,588.0,202.6,170.8,9.3,4.8,1.11,-1,-1,-1
1421,587.0,361.6,115.8,13.5,8.6,1.11,-1,-1,-1
1421,586.0,168.4,246.4,12.1,6.8,1.11,-1,-1,-1
1441,588.0,206.0,172.2,6.4,4.0,1.11,-1,-1,-1
1441,587.0,368.4,133.1,12.9,8.8,1.11,-1,-1,-1
1441,586.0,164.4,248.2,12.2,5.4,1.11,-1,-1,-1
1461,588.0,223.0,167.9,6.2,3.6,1.11,-1,-1,-1
1461,587.0,372.2,146.4,13.4,8.2,1.11,-1,-1,-1
1461,586.0,169.1,247.1,11.5,5.6,1.11,-1,-1,-1
1481,588.0,260.1,154.6,10.0,4.8,1.11,-1,-1,-1
1481,587.0,372.4,146.8,14.3,9.0,1.11,-1,-1,-1
1481,586.0,193.3,238.7,12.5,6.0,1.11,-1,-1,-1
1501,588.0,303.3,140.2,6.3,5.8,1.11,-1,-1,-1
1501,587.0,372.7,152.6,15.2,8.7,1.11,-1,-1,-1
1501,586.0,237.8,224.4,13.1,6.3,1.11,-1,-1,-1
1521,588.0,310.0,137.0,8.7,5.9,1.11,-1,-1,-1
1521,587.0,376.8,170.1,13.0,8.4,1.11,-1,-1,-1
1521,586.0,274.1,212.9,10.8,8.1,1.11,-1,-1,-1
1541,588.0,308.6,136.5,8.7,4.6,1.11,-1,-1,-1
1541,587.0,362.9,174.8,15.8,8.8,1.11,-1,-1,-1
1541,586.0,291.6,206.3,11.9,8.1,1.11,-1,-1,-1
1561,588.0,300.5,127.7,7.5,4.3,1.11,-1,-1,-1
1561,587.0,351.0,179.0,13.4,8.8,1.11,-1,-1,-1
1561,586.0,299.7,203.7,10.0,8.1,1.11,-1,-1,-1
1581,588.0,284.8,109.7,8.7,5.8,1.11,-1,-1,-1
1581,587.0,356.1,190.7,13.2,9.9,1.11,-1,-1,-1
1581,586.0,290.7,206.6,11.1,8.3,1.11,-1,-1,-1
1601,588.0,277.5,102.1,9.2,6.0,1.11,-1,-1,-1
1601,587.0,376.1,216.6,12.4,8.3,1.11,-1,-1,-1
1601,586.0,265.3,213.8,14.8,8.0,1.11,-1,-1,-1
1621,588.0,276.4,102.1,8.6,6.2,1.11,-1,-1,-1
1621,587.0,399.2,245.7,10.7,6.9,1.11,-1,-1,-1
1621,586.0,235.8,223.3,12.5,7.4,1.11,-1,-1,-1
1641,588.0,278.0,108.0,8.9,6.3,1.11,-1,-1,-1
1641,587.0,419.0,270.7,11.2,5.9,1.11,-1,-1,-1
1641,586.0,204.8,233.6,11.5,5.9,1.11,-1,-1,-1
1661,588.0,285.1,119.6,10.4,6.4,1.11,-1,-1,-1
1661,587.0,436.0,291.4,10.1,4.3,1.11,-1,-1,-1
1661,586.0,196.4,236.3,12.4,5.9,1.11,-1,-1,-1
1681,588.0,300.0,140.2,7.6,5.9,1.11,-1,-1,-1
1681,587.0,449.6,306.8,7.6,3.8,1.11,-1,-1,-1
1681,586.0,202.4,234.3,13.6,6.4,1.11,-1,-1,-1
1701,588.0,313.1,158.3,6.3,4.3,1.11,-1,-1,-1
1701,587.0,455.4,312.6,7.9,4.0,1.11,-1,-1,-1
1701,586.0,243.6,222.5,10.8,6.6,1.11,-1,-1,-1
1721,588.0,310.3,164.1,7.5,5.0,1.11,-1,-1,-1
1721,587.0,456.1,312.2,7.5,4.2,1.11,-1,-1,-1
1721,586.0,315.6,200.0,12.3,6.6,1.11,-1,-1,-1
1741,588.0,299.4,170.6,7.8,4.2,1.11,-1,-1,-1
1741,587.0,457.3,310.9,9.0,4.2,1.11,-1,-1,-1
1741,586.0,372.6,180.4,11.5,10.2,1.11,-1,-1,-1
1761,588.0,295.5,172.4,5.8,4.9,1.11,-1,-1,-1
1761,587.0,458.5,308.5,10.5,5.5,1.11,-1,-1,-1
1761,586.0,387.1,176.6,12.1,8.3,1.11,-1,-1,-1
1781,588.0,295.7,171.7,7.2,4.7,1.11,-1,-1,-1
1781,587.0,468.5,305.4,9.2,4.3,1.11,-1,-1,-1
1781,586.0,385.7,177.8,11.8,8.3,1.11,-1,-1,-1
1801,588.0,296.4,171.6,6.6,3.8,1.11,-1,-1,-1
1801,587.0,489.5,298.8,8.5,4.0,1.11,-1,-1,-1
1801,586.0,370.8,181.8,10.7,8.8,1.11,-1,-1,-1
1821,588.0,297.6,170.7,8.0,4.2,1.11,-1,-1,-1
1821,587.0,516.3,290.6,9.7,3.8,1.11,-1,-1,-1
1821,586.0,342.0,190.5,12.3,8.1,1.11,-1,-1,-1
1841,588.0,323.7,162.6,7.7,4.4,1.11,-1,-1,-1
1841,587.0,547.7,280.4,7.4,5.5,1.11,-1,-1,-1
1841,586.0,304.3,201.9,10.9,7.6,1.11,-1,-1,-1
1861,588.0,363.4,150.1,6.3,4.2,1.11,-1,-1,-1
1861,587.0,553.3,278.0,8.9,5.0,1.11,-1,-1,-1
1861,586.0,264.5,214.1,13.3,7.4,1.11,-1,-1,-1
1881,588.0,400.5,137.2,6.7,4.5,1.11,-1,-1,-1
1881,587.0,552.7,276.2,9.8,5.4,1.11,-1,-1,-1
1881,586.0,226.6,226.1,12.3,6.3,1.11,-1,-1,-1
1901,588.0,421.2,129.0,9.0,6.2,1.11,-1,-1,-1
1901,587.0,553.0,270.8,7.3,4.1,1.11,-1,-1,-1
1901,586.0,208.1,231.9,11.6,6.2,1.11,-1,-1,-1
1921,588.0,423.9,129.4,6.4,4.9,1.11,-1,-1,-1
1921,587.0,549.9,261.5,8.5,4.7,1.11,-1,-1,-1
1921,586.0,200.7,234.6,13.3,5.7,1.11,-1,-1,-1
1941,588.0,420.7,129.6,8.9,5.3,1.11,-1,-1,-1
1941,587.0,545.3,249.8,10.1,4.8,1.11,-1,-1,-1
1941,586.0,205.6,233.3,11.8,6.0,1.11,-1,-1,-1
1961,588.0,421.2,129.4,7.4,5.3,1.11,-1,-1,-1
1961,587.0,540.4,236.6,9.6,5.8,1.11,-1,-1,-1
1961,586.0,229.2,225.5,11.0,7.4,1.11,-1,-1,-1
1981,588.0,417.3,129.2,7.5,6.5,1.11,-1,-1,-1
1981,587.0,535.6,223.9,9.5,5.5,1.11,-1,-1,-1
1981,586.0,241.2,216.2,14.0,7.5,1.11,-1,-1,-1
2001,588.0,385.3,140.4,6.6,5.5,1.11,-1,-1,-1
2001,587.0,530.7,210.7,11.8,7.1,1.11,-1,-1,-1
2001,586.0,242.4,208.3,10.6,7.1,1.11,-1,-1,-1
2021,588.0,339.7,154.4,7.0,4.9,1.11,-1,-1,-1
2021,587.0,526.7,199.0,11.5,6.7,1.11,-1,-1,-1
2021,586.0,241.3,215.1,11.3,6.7,1.11,-1,-1,-1
2041,588.0,299.3,167.5,7.6,5.0,1.11,-1,-1,-1
2041,587.0,523.8,187.3,11.8,6.9,1.11,-1,-1,-1
2041,586.0,243.3,231.6,10.9,7.2,1.11,-1,-1,-1
2061,588.0,264.0,178.6,6.9,4.3,1.11,-1,-1,-1
2061,587.0,519.6,174.0,12.8,7.6,1.11,-1,-1,-1
2061,586.0,244.2,249.0,12.5,6.9,1.11,-1,-1,-1
2081,588.0,232.7,188.5,6.2,4.1,1.11,-1,-1,-1
2081,587.0,516.2,162.2,14.8,9.2,1.11,-1,-1,-1
2081,586.0,244.2,253.5,11.6,6.8,1.11,-1,-1,-1
2101,588.0,207.8,196.3,5.5,4.3,1.11,-1,-1,-1
2101,587.0,509.0,163.3,14.3,9.2,1.11,-1,-1,-1
2101,586.0,234.6,255.5,13.4,7.6,1.11,-1,-1,-1
2121,588.0,180.2,204.4,6.6,3.9,1.11,-1,-1,-1
2121,587.0,483.7,170.2,14.8,8.2,1.11,-1,-1,-1
2121,586.0,207.6,263.0,12.6,7.6,1.11,-1,-1,-1
2141,588.0,162.8,209.1,10.3,4.2,1.11,-1,-1,-1
2141,587.0,457.5,178.8,11.5,8.6,1.11,-1,-1,-1
2141,586.0,174.5,274.6,12.1,5.4,1.11,-1,-1,-1
2161,588.0,169.8,207.9,5.4,3.4,1.11,-1,-1,-1
2161,587.0,427.6,188.7,12.9,7.9,1.11,-1,-1,-1
2161,586.0,166.8,276.7,12.0,5.9,1.11,-1,-1,-1
2181,588.0,189.6,200.2,8.4,3.9,1.11,-1,-1,-1
2181,587.0,396.6,198.2,13.5,7.5,1.11,-1,-1,-1
2181,586.0,175.4,274.8,12.3,6.3,1.11,-1,-1,-1
