1,992.0,243.9,192.2,6.2,5.5,0.48,-1,-1,-1
1,991.0,364.5,241.1,5.5,4.0,0.48,-1,-1,-1
21,993.0,387.0,191.4,7.0,4.6,1.11,-1,-1,-1
21,992.0,243.8,201.8,8.7,5.9,1.11,-1,-1,-1
21,991.0,363.7,241.9,7.3,4.7,1.11,-1,-1,-1
41,993.0,377.3,187.2,5.4,3.8,1.11,-1,-1,-1
41,992.0,247.8,214.9,5.2,4.1,1.11,-1,-1,-1
41,991.0,377.9,241.9,3.9,3.6,1.11,-1,-1,-1
61,993.0,376.7,188.4,5.9,5.6,1.11,-1,-1,-1
61,992.0,247.9,231.8,7.2,5.1,1.11,-1,-1,-1
61,991.0,409.2,240.4,5.0,3.7,1.11,-1,-1,-1
81,993.0,363.2,189.7,7.5,5.8,1.11,-1,-1,-1
81,992.0,259.4,250.8,7.2,4.1,1.11,-1,-1,-1
101,995.0,298.3,248.5,9.5,6.2,0.53,-1,-1,-1
101,993.0,361.6,192.0,4.9,3.4,1.11,-1,-1,-1
101,991.0,478.8,236.6,5.8,5.3,1.11,-1,-1,-1
121,995.0,352.2,247.9,4.5,3.9,1.11,-1,-1,-1
121,993.0,368.6,192.0,5.7,3.8,1.11,-1,-1,-1
121,991.0,484.5,236.1,5.5,4.0,1.11,-1,-1,-1
141,998.0,372.3,243.9,8.5,7.7,0.53,-1,-1,-1
141,993.0,403.5,188.5,6.6,5.8,1.11,-1,-1,-1
161,993.0,441.1,187.5,4.8,4.8,1.11,-1,-1,-1
161,991.0,461.5,237.1,5.8,4.9,1.11,-1,-1,-1
181,1001.0,447.1,187.3,5.9,3.9,0.73,-1,-1,-1
181,991.0,432.8,239.6,4.8,3.5,1.11,-1,-1,-1
201,1003.0,262.6,247.0,5.2,4.0,1.11,-1,-1,-1
201,1001.0,424.4,187.5,7.0,4.5,1.11,-1,-1,-1
201,991.0,416.1,240.2,4.1,3.1,1.11,-1,-1,-1
221,1003.0,194.6,245.9,10.1,6.4,1.11,-1,-1,-1
221,1001.0,407.4,187.2,6.3,4.2,1.11,-1,-1,-1
221,991.0,410.3,240.2,4.5,3.2,1.11,-1,-1,-1
241,1005.0,171.0,255.6,8.4,5.2,1.11,-1,-1,-1
241,1001.0,408.2,188.3,6.1,4.8,1.11,-1,-1,-1
241,991.0,419.5,239.6,5.7,3.6,1.11,-1,-1,-1
261,1005.0,165.2,289.9,8.1,5.2,1.11,-1,-1,-1
261,1001.0,394.0,189.3,5.2,5.2,1.11,-1,-1,-1
261,991.0,441.1,237.2,5.1,5.3,1.11,-1,-1,-1
281,1005.0,162.7,319.2,8.7,5.6,1.11,-1,-1,-1
281,1001.0,364.1,189.8,7.7,5.9,1.11,-1,-1,-1
281,991.0,452.7,236.2,6.4,4.6,1.11,-1,-1,-1
301,1005.0,164.3,332.4,7.4,5.3,1.11,-1,-1,-1
301,1001.0,360.9,196.8,4.7,5.5,1.11,-1,-1,-1
301,991.0,455.1,236.8,4.4,3.7,1.11,-1,-1,-1
321,1005.0,171.3,344.2,4.8,3.0,1.11,-1,-1,-1
321,1001.0,364.4,228.0,5.3,3.8,1.11,-1,-1,-1
321,991.0,453.7,236.5,5.8,2.7,1.11,-1,-1,-1
341,1005.0,176.0,339.1,4.4,3.8,1.11,-1,-1,-1
341,1001.0,368.8,261.5,5.5,5.0,1.11,-1,-1,-1
341,991.0,457.2,227.5,5.2,2.6,1.11,-1,-1,-1
361,1008.0,175.7,321.5,5.8,3.7,1.11,-1,-1,-1
361,1001.0,369.4,282.6,5.8,4.3,1.11,-1,-1,-1
361,991.0,463.7,209.7,6.2,3.9,1.11,-1,-1,-1
381,1009.0,169.8,289.5,8.8,5.4,1.11,-1,-1,-1
381,1001.0,369.1,282.2,6.4,3.9,1.11,-1,-1,-1
381,991.0,469.7,193.0,7.6,6.2,1.11,-1,-1,-1
401,1010.0,369.2,256.6,5.5,3.2,1.11,-1,-1,-1
401,1009.0,166.8,256.6,7.9,6.1,1.11,-1,-1,-1
401,991.0,479.8,207.9,7.2,5.8,1.11,-1,-1,-1
421,1010.0,372.4,232.8,9.0,4.8,1.11,-1,-1,-1
421,1009.0,169.7,234.6,8.0,5.3,1.11,-1,-1,-1
421,991.0,487.4,236.9,6.1,4.6,1.11,-1,-1,-1
441,1010.0,383.6,211.6,8.0,4.5,1.11,-1,-1,-1
441,1009.0,168.9,239.6,9.7,4.7,1.11,-1,-1,-1
441,991.0,494.2,268.3,6.8,4.4,1.11,-1,-1,-1
461,1010.0,394.1,180.3,8.2,6.7,1.11,-1,-1,-1
461,1009.0,168.2,276.7,5.8,4.6,1.11,-1,-1,-1
461,991.0,501.2,298.4,7.8,4.2,1.11,-1,-1,-1
481,1010.0,399.9,170.7,7.5,5.7,1.11,-1,-1,-1
481,1009.0,160.7,325.6,6.8,4.5,1.11,-1,-1,-1
481,991.0,503.1,304.6,6.8,3.1,1.11,-1,-1,-1
501,1010.0,401.7,170.3,8.5,5.4,1.11,-1,-1,-1
501,991.0,505.1,300.2,7.3,3.4,1.11,-1,-1,-1
521,1010.0,400.1,178.6,7.0,6.3,1.11,-1,-1,-1
521,991.0,513.1,288.9,6.8,3.4,1.11,-1,-1,-1
541,1012.0,155.7,351.4,8.3,3.9,0.81,-1,-1,-1
541,1010.0,393.7,200.1,9.0,5.0,1.11,-1,-1,-1
541,991.0,525.1,268.5,6.8,3.9,1.11,-1,-1,-1
561,1012.0,148.2,319.8,8.3,3.7,1.11,-1,-1,-1
561,1010.0,390.6,219.5,7.8,5.2,1.11,-1,-1,-1
561,991.0,538.9,243.8,8.1,7.3,1.11,-1,-1,-1
581,1012.0,141.4,284.1,12.0,8.9,1.11,-1,-1,-1
581,1010.0,388.9,230.9,10.3,6.3,1.11,-1,-1,-1
581,991.0,555.8,259.5,9.2,7.7,1.11,-1,-1,-1
601,1012.0,144.2,253.7,11.4,5.6,1.11,-1,-1,-1
601,1010.0,393.0,232.4,6.4,4.0,1.11,-1,-1,-1
601,991.0,564.8,285.1,8.8,4.9,1.11,-1,-1,-1
621,1012.0,146.2,248.1,11.4,6.0,1.11,-1,-1,-1
621,1010.0,394.9,233.0,4.2,4.2,1.11,-1,-1,-1
621,991.0,558.9,285.5,7.4,5.6,1.11,-1,-1,-1
641,1012.0,144.8,269.5,10.4,5.7,1.11,-1,-1,-1
641,1010.0,379.3,233.1,5.3,4.7,1.11,-1,-1,-1
641,991.0,536.0,286.9,8.7,5.0,1.11,-1,-1,-1
661,1012.0,139.3,302.8,12.3,5.3,1.11,-1,-1,-1
661,991.0,500.6,288.0,8.9,5.6,1.11,-1,-1,-1
681,1013.0,332.0,235.1,6.4,3.9,1.11,-1,-1,-1
681,1012.0,135.6,325.3,14.8,6.6,1.11,-1,-1,-1
681,991.0,455.7,289.5,9.6,5.1,1.11,-1,-1,-1
701,1013.0,337.6,235.3,7.4,5.1,1.11,-1,-1,-1
701,1012.0,138.6,324.1,12.2,5.7,1.11,-1,-1,-1
701,991.0,423.0,289.8,8.9,5.4,1.11,-1,-1,-1
721,1013.0,365.7,235.9,7.1,6.0,1.11,-1,-1,-1
721,1012.0,154.5,315.2,12.4,8.6,1.11,-1,-1,-1
721,991.0,408.1,290.1,9.1,5.5,1.11,-1,-1,-1
741,1013.0,385.3,237.0,6.1,5.2,1.11,-1,-1,-1
741,1012.0,161.1,318.3,10.3,5.9,1.11,-1,-1,-1
741,991.0,383.4,289.1,7.8,5.4,1.11,-1,-1,-1
761,1012.0,162.0,318.1,8.4,4.9,1.11,-1,-1,-1
761,991.0,346.6,287.6,8.8,5.0,1.11,-1,-1,-1
781,1015.0,361.6,240.0,5.1,4.7,1.11,-1,-1,-1
781,1012.0,160.5,313.4,10.6,6.7,1.11,-1,-1,-1
781,991.0,318.4,285.8,9.1,5.7,1.11,-1,-1,-1
801,1015.0,316.8,240.6,7.2,3.8,1.11,-1,-1,-1
801,1012.0,199.7,309.6,12.9,6.0,1.11,-1,-1,-1
801,991.0,323.9,285.8,8.5,6.1,1.11,-1,-1,-1
821,1015.0,292.1,241.2,9.5,4.5,1.11,-1,-1,-1
821,1012.0,288.2,305.3,10.0,5.0,1.11,-1,-1,-1
821,991.0,362.7,285.3,8.3,5.5,1.11,-1,-1,-1
841,1015.0,290.4,245.3,9.5,6.5,1.11,-1,-1,-1
841,1012.0,348.8,302.6,9.3,7.3,1.11,-1,-1,-1
841,991.0,403.9,283.3,8.7,7.7,1.11,-1,-1,-1
861,1015.0,291.5,260.5,6.2,5.2,1.11,-1,-1,-1
861,1012.0,344.9,303.4,12.6,5.7,1.11,-1,-1,-1
861,991.0,417.5,284.2,8.2,5.3,1.11,-1,-1,-1
881,1015.0,289.1,280.7,7.6,5.3,1.11,-1,-1,-1
881,1012.0,331.4,306.0,11.7,7.5,1.11,-1,-1,-1
881,991.0,441.6,283.4,9.4,5.4,1.11,-1,-1,-1
901,1015.0,292.5,292.3,5.1,3.7,1.11,-1,-1,-1
901,1012.0,320.7,330.2,12.5,6.6,1.11,-1,-1,-1
901,991.0,473.3,282.0,7.5,5.9,1.11,-1,-1,-1
921,1015.0,292.4,293.8,8.7,6.7,1.11,-1,-1,-1
921,991.0,481.0,286.4,10.2,5.6,1.11,-1,-1,-1
941,1015.0,309.6,293.4,6.2,5.7,1.11,-1,-1,-1
941,991.0,486.9,309.2,10.1,5.3,1.11,-1,-1,-1
961,1015.0,321.3,292.8,4.8,5.3,1.11,-1,-1,-1
961,991.0,489.1,321.1,9.5,4.8,1.11,-1,-1,-1
981,991.0,492.1,331.1,8.7,5.5,1.11,-1,-1,-1
1001,1015.0,329.6,294.6,6.2,4.4,1.11,-1,-1,-1
1001,991.0,495.5,343.6,9.8,4.9,1.11,-1,-1,-1
1021,1017.0,344.2,295.3,5.4,3.8,0.73,-1,-1,-1
1021,991.0,492.8,331.7,9.8,5.2,1.11,-1,-1,-1
1041,1017.0,372.8,293.6,5.7,5.2,1.11,-1,-1,-1
1041,991.0,489.9,320.6,9.9,5.0,1.11,-1,-1,-1
1061,1017.0,388.5,293.6,7.3,4.5,1.11,-1,-1,-1
1061,991.0,494.6,332.5,8.7,5.3,1.11,-1,-1,-1
1081,1017.0,396.3,287.7,4.4,3.4,1.11,-1,-1,-1
1081,991.0,493.9,333.0,9.6,5.5,1.11,-1,-1,-1
1101,1018.0,404.6,269.6,7.0,3.9,1.11,-1,-1,-1
1101,991.0,482.9,333.2,8.0,6.0,1.11,-1,-1,-1
1121,1018.0,415.2,249.1,6.2,4.8,1.11,-1,-1,-1
1121,991.0,452.8,333.9,8.5,6.0,1.11,-1,-1,-1
1141,1018.0,419.0,242.5,5.0,3.7,1.11,-1,-1,-1
1141,991.0,405.0,336.3,10.1,5.3,1.11,-1,-1,-1
1161,1019.0,400.4,240.8,3.3,3.1,1.11,-1,-1,-1
1161,991.0,377.9,337.0,9.9,5.5,1.11,-1,-1,-1
1181,1019.0,354.0,240.3,4.5,3.2,1.11,-1,-1,-1
1181,991.0,380.3,336.9,10.9,5.1,1.11,-1,-1,-1
1201,1022.0,189.6,317.9,6.4,4.7,1.11,-1,-1,-1
1201,1019.0,306.9,237.4,8.9,6.1,1.11,-1,-1,-1
1201,991.0,409.9,335.3,9.1,5.2,1.11,-1,-1,-1
1221,1023.0,300.6,240.5,7.7,4.3,1.11,-1,-1,-1
1221,1022.0,189.0,306.9,8.4,5.1,1.11,-1,-1,-1
1221,991.0,452.6,332.9,9.1,5.9,1.11,-1,-1,-1
1241,1023.0,301.5,249.3,7.1,4.9,1.11,-1,-1,-1
1241,1022.0,188.9,295.5,8.1,4.6,1.11,-1,-1,-1
1241,991.0,481.9,331.2,9.5,6.5,1.11,-1,-1,-1
1261,1023.0,301.6,270.6,6.9,5.2,1.11,-1,-1,-1
1261,1022.0,192.7,291.1,6.2,5.4,1.11,-1,-1,-1
1261,991.0,502.3,331.6,8.2,5.0,1.11,-1,-1,-1
1281,1023.0,299.6,295.8,8.4,5.6,1.11,-1,-1,-1
1281,1022.0,227.4,291.2,7.8,5.3,1.11,-1,-1,-1
1281,991.0,540.7,329.4,10.9,5.4,1.11,-1,-1,-1
1301,1022.0,257.3,291.3,9.2,5.7,1.11,-1,-1,-1
1301,991.0,594.6,327.5,9.0,5.0,1.11,-1,-1,-1
1321,1023.0,299.7,337.4,4.0,3.1,1.11,-1,-1,-1
1321,1022.0,271.5,291.1,8.4,5.0,1.11,-1,-1,-1
1341,1022.0,284.8,291.2,8.3,4.1,1.11,-1,-1,-1
1361,1024.0,628.6,291.0,9.6,5.8,1.11,-1,-1,-1
1361,1022.0,297.6,289.6,9.0,4.8,1.11,-1,-1,-1
1381,1024.0,625.8,291.1,10.3,6.5,1.11,-1,-1,-1
1381,1022.0,310.3,289.0,8.8,4.9,1.11,-1,-1,-1
1401,1024.0,603.7,292.8,8.8,6.4,1.11,-1,-1,-1
1401,1022.0,323.6,288.1,8.6,5.4,1.11,-1,-1,-1
1421,1030.0,391.1,342.0,5.5,3.5,1.11,-1,-1,-1
1421,1024.0,561.4,296.2,8.9,4.5,1.11,-1,-1,-1
1421,1022.0,312.8,289.0,6.3,5.3,1.11,-1,-1,-1
1441,1024.0,539.8,296.7,10.2,4.6,1.11,-1,-1,-1
1441,1022.0,262.2,290.2,7.6,5.4,1.11,-1,-1,-1
1461,1031.0,182.0,292.9,8.6,6.1,1.11,-1,-1,-1
1461,1024.0,526.5,296.8,8.2,5.6,1.11,-1,-1,-1
1481,1024.0,492.0,297.9,8.3,5.8,1.11,-1,-1,-1
1501,1024.0,447.3,300.3,7.6,4.7,1.11,-1,-1,-1
1501,1022.0,105.8,296.8,5.7,3.6,1.11,-1,-1,-1
1521,1042.0,100.0,327.0,10.8,4.7,1.11,-1,-1,-1
1521,1024.0,402.7,302.0,8.9,5.8,1.11,-1,-1,-1
1541,1024.0,366.7,303.1,10.5,6.2,1.11,-1,-1,-1
1561,1024.0,363.8,303.4,8.7,4.9,1.11,-1,-1,-1
1581,1024.0,383.9,302.9,8.7,4.8,1.11,-1,-1,-1
1601,1044.0,355.4,347.3,9.7,5.9,1.11,-1,-1,-1
1601,1024.0,422.6,300.9,8.6,5.6,1.11,-1,-1,-1
1621,1024.0,455.9,299.8,8.6,5.8,1.11,-1,-1,-1
1641,1047.0,388.6,347.4,5.8,4.1,1.11,-1,-1,-1
1641,1024.0,475.3,299.2,9.0,4.9,1.11,-1,-1,-1
1661,1024.0,506.2,297.5,10.7,5.2,1.11,-1,-1,-1
1681,1024.0,545.1,295.9,9.1,6.1,1.11,-1,-1,-1
1701,1024.0,558.8,296.2,9.9,5.0,1.11,-1,-1,-1
1721,1024.0,567.8,295.6,10.0,4.5,1.11,-1,-1,-1
1741,1024.0,589.4,294.8,8.9,5.4,1.11,-1,-1,-1
1761,1024.0,596.9,294.1,8.5,5.3,1.11,-1,-1,-1
1781,1024.0,602.8,293.7,9.8,5.8,1.11,-1,-1,-1
1801,1024.0,635.4,292.1,4.7,6.5,1.11,-1,-1,-1
1881,1050.0,179.8,338.5,8.4,4.6,1.11,-1,-1,-1
1901,1051.0,620.9,293.5,9.4,5.2,1.11,-1,-1,-1
1901,1050.0,187.6,313.8,8.6,4.7,1.11,-1,-1,-1
1921,1052.0,194.0,310.7,5.9,4.1,1.11,-1,-1,-1
1921,1051.0,584.1,295.1,9.6,5.3,1.11,-1,-1,-1
1941,1052.0,193.5,293.5,6.8,4.3,1.11,-1,-1,-1
1941,1051.0,547.2,296.7,9.3,5.2,1.11,-1,-1,-1
1961,1052.0,186.0,258.1,9.0,5.2,1.11,-1,-1,-1
1961,1051.0,516.2,297.0,10.8,5.9,1.11,-1,-1,-1
1981,1052.0,183.3,225.4,9.4,7.9,1.11,-1,-1,-1
1981,1051.0,510.4,280.7,8.5,4.7,1.11,-1,-1,-1
2001,1052.0,185.2,211.2,10.5,6.4,1.11,-1,-1,-1
2001,1051.0,508.0,264.4,8.9,5.4,1.11,-1,-1,-1
2021,1052.0,187.9,209.5,7.9,3.8,1.11,-1,-1,-1
2021,1051.0,505.4,252.5,8.5,5.1,1.11,-1,-1,-1
2041,1052.0,185.4,200.4,13.3,6.3,1.11,-1,-1,-1
2041,1051.0,502.6,240.0,8.2,5.2,1.11,-1,-1,-1
2061,1052.0,189.4,189.6,8.7,5.7,1.11,-1,-1,-1
2061,1051.0,498.4,224.0,9.7,5.1,1.11,-1,-1,-1
2081,1052.0,192.7,183.5,7.4,3.7,1.11,-1,-1,-1
2081,1051.0,496.7,211.6,8.9,5.7,1.11,-1,-1,-1
2101,1052.0,192.8,172.1,11.0,7.2,1.11,-1,-1,-1
2101,1051.0,497.9,215.9,8.8,5.4,1.11,-1,-1,-1
2121,1059.0,104.9,310.1,4.7,4.4,1.11,-1,-1,-1
2121,1052.0,196.0,163.4,10.6,6.7,1.11,-1,-1,-1
2121,1051.0,501.4,233.6,9.3,5.6,1.11,-1,-1,-1
2141,1060.0,115.9,306.2,4.6,3.9,0.73,-1,-1,-1
2141,1052.0,199.2,189.1,8.1,6.0,1.11,-1,-1,-1
2141,1051.0,505.9,256.3,9.3,4.9,1.11,-1,-1,-1
2161,1060.0,147.7,302.6,5.1,4.7,1.11,-1,-1,-1
2161,1052.0,198.0,240.2,9.7,5.8,1.11,-1,-1,-1
2161,1051.0,512.6,280.3,8.8,5.4,1.11,-1,-1,-1
2181,1060.0,156.0,300.4,7.1,5.6,1.11,-1,-1,-1
2181,1052.0,197.1,284.7,9.4,5.9,1.11,-1,-1,-1
2181,1051.0,515.8,289.9,7.6,4.7,1.11,-1,-1,-1
2201,1061.0,154.5,313.6,10.2,5.1,1.11,-1,-1,-1
2201,1052.0,198.7,309.3,9.1,5.1,1.11,-1,-1,-1
2201,1051.0,509.7,289.3,7.9,5.4,1.11,-1,-1,-1
