1,1791.0,92.6,163.9,21.9,10.2,0.48,-1,-1,-1
21,1792.0,339.5,281.2,21.3,10.6,1.11,-1,-1,-1
21,1791.0,131.3,175.8,24.9,8.1,1.11,-1,-1,-1
41,1792.0,339.8,281.2,21.5,10.5,1.11,-1,-1,-1
41,1791.0,126.8,204.4,26.8,11.0,1.11,-1,-1,-1
61,1792.0,340.1,280.9,22.8,11.2,1.11,-1,-1,-1
61,1791.0,128.5,226.3,24.7,9.2,1.11,-1,-1,-1
81,1791.0,186.6,227.6,24.3,9.9,1.11,-1,-1,-1
101,1791.0,250.8,229.4,31.6,12.4,1.11,-1,-1,-1
121,1791.0,313.2,236.9,21.7,9.1,1.11,-1,-1,-1
141,1791.0,326.3,267.6,24.9,8.9,1.11,-1,-1,-1
161,1791.0,311.0,273.8,24.8,12.4,1.11,-1,-1,-1
181,1795.0,474.1,262.9,17.1,9.9,1.11,-1,-1,-1
181,1791.0,285.8,290.8,19.8,9.1,1.11,-1,-1,-1
201,1795.0,474.6,263.0,15.9,9.4,1.11,-1,-1,-1
201,1791.0,267.1,301.7,23.8,9.6,1.11,-1,-1,-1
221,1795.0,474.6,263.0,15.8,9.4,1.11,-1,-1,-1
221,1791.0,263.2,303.2,20.7,8.7,1.11,-1,-1,-1
241,1795.0,474.8,263.3,15.5,9.0,1.11,-1,-1,-1
241,1791.0,263.6,303.2,19.7,8.6,1.11,-1,-1,-1
261,1791.0,265.4,304.0,18.9,8.4,1.11,-1,-1,-1
281,1791.0,263.5,303.8,19.8,8.6,1.11,-1,-1,-1
301,1791.0,251.6,301.9,20.7,8.7,1.11,-1,-1,-1
321,1791.0,242.0,298.8,21.5,10.1,1.11,-1,-1,-1
341,1791.0,224.5,296.4,20.8,9.6,1.11,-1,-1,-1
361,1791.0,190.6,283.4,21.7,9.0,1.11,-1,-1,-1
381,1791.0,157.8,273.8,25.2,9.5,1.11,-1,-1,-1
401,1791.0,149.5,272.5,26.6,9.9,1.11,-1,-1,-1
421,1791.0,145.2,266.6,26.0,10.0,1.11,-1,-1,-1
441,1791.0,137.8,253.9,28.4,10.8,1.11,-1,-1,-1
461,1791.0,132.0,240.3,30.2,10.7,1.11,-1,-1,-1
481,1791.0,120.7,222.8,31.3,11.8,1.11,-1,-1,-1
501,1791.0,106.7,201.7,38.4,13.1,1.11,-1,-1,-1
521,1791.0,90.2,177.8,43.9,9.9,1.11,-1,-1,-1
541,1791.0,77.8,147.4,48.2,13.6,1.11,-1,-1,-1
561,1791.0,52.7,120.3,58.1,23.3,1.11,-1,-1,-1
581,1791.0,43.5,189.7,54.6,15.6,1.11,-1,-1,-1
601,1791.0,42.9,241.6,58.3,19.0,1.11,-1,-1,-1
621,1791.0,59.0,250.5,50.2,15.5,1.11,-1,-1,-1
641,1791.0,87.5,269.1,40.7,13.8,1.11,-1,-1,-1
661,1791.0,112.9,286.3,36.4,12.3,1.11,-1,-1,-1
681,1791.0,138.4,296.4,32.0,11.6,1.11,-1,-1,-1
701,1791.0,160.1,292.6,26.8,10.4,1.11,-1,-1,-1
721,1791.0,174.0,288.8,23.2,9.5,1.11,-1,-1,-1
741,1791.0,181.6,282.2,24.1,9.2,1.11,-1,-1,-1
761,1791.0,187.5,279.6,24.7,9.5,1.11,-1,-1,-1
781,1791.0,191.3,279.4,22.9,8.8,1.11,-1,-1,-1
801,1791.0,191.5,270.2,23.6,9.0,1.11,-1,-1,-1
821,1791.0,187.3,256.0,25.0,9.1,1.11,-1,-1,-1
841,1791.0,177.1,237.7,26.8,10.4,1.11,-1,-1,-1
861,1791.0,167.8,216.3,28.9,10.7,1.11,-1,-1,-1
881,1791.0,141.8,201.6,37.7,16.6,1.11,-1,-1,-1
901,1791.0,141.7,256.5,34.7,11.1,1.11,-1,-1,-1
921,1800.0,170.9,271.9,33.0,13.2,1.11,-1,-1,-1
941,1800.0,244.3,270.3,30.3,13.1,1.11,-1,-1,-1
961,1800.0,276.5,263.0,39.6,12.7,1.11,-1,-1,-1
981,1800.0,316.4,235.8,37.1,13.6,1.11,-1,-1,-1
1001,1800.0,351.4,191.4,64.2,29.2,1.11,-1,-1,-1
1021,1800.0,366.3,252.9,51.6,16.2,1.11,-1,-1,-1
1041,1800.0,285.2,272.3,48.0,18.5,1.11,-1,-1,-1
1061,1800.0,54.8,276.7,66.0,18.2,1.11,-1,-1,-1
1081,1800.0,-2.8,277.3,67.1,25.4,1.11,-1,-1,-1
1101,1806.0,0.7,257.4,17.0,13.9,1.11,-1,-1,-1
1141,1809.0,54.6,221.9,102.2,29.9,1.11,-1,-1,-1
1161,1809.0,145.7,252.9,81.4,30.0,1.11,-1,-1,-1
1181,1809.0,205.1,291.6,48.3,20.6,1.11,-1,-1,-1
1201,1809.0,208.8,259.8,41.3,18.5,1.11,-1,-1,-1
1221,1809.0,219.6,274.5,37.2,13.8,1.11,-1,-1,-1
1241,1809.0,225.7,276.4,30.1,10.4,1.11,-1,-1,-1
1261,1809.0,237.2,284.5,27.7,11.0,1.11,-1,-1,-1
1281,1809.0,298.4,288.7,23.9,11.0,1.11,-1,-1,-1
1301,1809.0,350.1,282.6,23.1,9.3,1.11,-1,-1,-1
1321,1809.0,366.0,280.4,22.4,9.1,1.11,-1,-1,-1
1341,1809.0,309.6,280.2,31.0,10.3,1.11,-1,-1,-1
1361,1809.0,263.5,272.0,25.8,12.3,1.11,-1,-1,-1
1381,1809.0,246.8,268.0,27.3,10.2,1.11,-1,-1,-1
1401,1809.0,243.9,263.6,28.1,10.0,1.11,-1,-1,-1
1421,1809.0,242.7,253.9,38.0,14.5,1.11,-1,-1,-1
1441,1809.0,244.4,206.4,48.5,21.8,1.11,-1,-1,-1
1461,1809.0,239.7,193.0,42.7,15.5,1.11,-1,-1,-1
1481,1809.0,229.8,243.6,38.9,13.6,1.11,-1,-1,-1
1501,1809.0,221.5,279.8,43.2,16.4,1.11,-1,-1,-1
1521,1809.0,142.0,281.3,46.0,15.4,1.11,-1,-1,-1
1541,1813.0,612.1,161.2,21.6,9.2,0.81,-1,-1,-1
1541,1809.0,133.4,238.0,42.2,13.7,1.11,-1,-1,-1
1561,1813.0,500.0,156.8,26.6,13.6,1.11,-1,-1,-1
1561,1809.0,141.1,246.3,38.7,13.3,1.11,-1,-1,-1
1581,1813.0,447.0,167.5,23.4,12.5,1.11,-1,-1,-1
1581,1809.0,150.4,265.4,33.7,12.1,1.11,-1,-1,-1
1601,1813.0,392.5,200.4,17.8,5.9,1.11,-1,-1,-1
1601,1809.0,153.6,266.9,34.4,11.8,1.11,-1,-1,-1
1621,1813.0,378.9,205.6,17.7,4.8,1.11,-1,-1,-1
1621,1809.0,160.6,275.8,30.2,10.7,1.11,-1,-1,-1
1641,1813.0,400.8,201.6,17.5,9.5,1.11,-1,-1,-1
1641,1809.0,169.1,285.6,28.3,12.1,1.11,-1,-1,-1
1661,1813.0,509.1,201.8,20.4,9.0,1.11,-1,-1,-1
1661,1809.0,145.5,288.2,31.2,12.0,1.11,-1,-1,-1
1681,1813.0,615.5,202.2,19.4,8.3,1.11,-1,-1,-1
1681,1809.0,137.1,279.0,28.5,10.4,1.11,-1,-1,-1
1701,1813.0,626.1,206.2,12.2,3.5,1.11,-1,-1,-1
1701,1809.0,140.7,281.7,30.3,11.6,1.11,-1,-1,-1
1721,1813.0,613.8,204.8,16.7,4.2,1.11,-1,-1,-1
1721,1809.0,150.6,229.5,25.0,8.3,1.11,-1,-1,-1
1741,1813.0,611.2,204.5,16.9,4.2,1.11,-1,-1,-1
1741,1809.0,149.1,207.6,27.8,11.5,1.11,-1,-1,-1
1761,1813.0,616.4,205.9,15.7,4.2,1.11,-1,-1,-1
1761,1809.0,141.2,185.7,24.6,6.7,1.11,-1,-1,-1
1781,1813.0,619.5,207.4,16.2,4.0,1.11,-1,-1,-1
1781,1809.0,118.1,136.9,36.6,17.7,1.11,-1,-1,-1
1801,1813.0,619.7,207.2,17.6,4.2,1.11,-1,-1,-1
1801,1809.0,100.8,187.7,39.8,13.4,1.11,-1,-1,-1
1821,1813.0,619.3,208.1,17.4,3.8,1.11,-1,-1,-1
1821,1809.0,98.6,237.4,40.4,13.9,1.11,-1,-1,-1
1841,1813.0,621.9,207.3,16.3,4.3,1.11,-1,-1,-1
1841,1809.0,70.6,199.1,48.7,16.6,1.11,-1,-1,-1
1861,1813.0,620.8,205.3,17.5,8.2,1.11,-1,-1,-1
1861,1809.0,95.0,165.8,59.1,24.2,1.11,-1,-1,-1
1881,1813.0,550.1,203.1,18.5,7.3,1.11,-1,-1,-1
1881,1809.0,158.8,182.7,67.6,21.4,1.11,-1,-1,-1
1901,1813.0,442.1,201.1,25.3,7.5,1.11,-1,-1,-1
1901,1809.0,172.5,258.2,44.3,14.1,1.11,-1,-1,-1
1921,1813.0,356.1,196.1,13.9,8.4,1.11,-1,-1,-1
1921,1809.0,156.1,275.4,49.4,17.7,1.11,-1,-1,-1
1941,1813.0,294.7,196.5,19.8,7.5,1.11,-1,-1,-1
1941,1809.0,66.2,275.5,55.7,18.8,1.11,-1,-1,-1
1961,1815.0,83.1,279.7,53.9,15.2,1.11,-1,-1,-1
1961,1813.0,292.4,220.6,15.3,7.4,1.11,-1,-1,-1
1981,1815.0,104.9,285.8,51.5,17.2,1.11,-1,-1,-1
1981,1813.0,301.9,258.5,20.1,7.8,1.11,-1,-1,-1
2001,1815.0,122.3,258.7,41.3,15.5,1.11,-1,-1,-1
2001,1813.0,358.2,257.2,18.7,7.5,1.11,-1,-1,-1
2021,1815.0,143.5,274.6,35.4,12.5,1.11,-1,-1,-1
2021,1813.0,420.1,255.4,20.2,8.2,1.11,-1,-1,-1
2041,1815.0,152.4,236.7,31.8,11.5,1.11,-1,-1,-1
2041,1813.0,485.1,249.8,23.2,9.7,1.11,-1,-1,-1
2061,1815.0,158.7,249.6,28.6,11.1,1.11,-1,-1,-1
2081,1826.0,584.8,124.5,20.1,12.4,1.11,-1,-1,-1
2081,1815.0,167.1,247.4,29.9,9.7,1.11,-1,-1,-1
2101,1826.0,555.3,142.5,23.8,11.9,1.11,-1,-1,-1
2101,1815.0,173.6,239.2,30.8,10.8,1.11,-1,-1,-1
2121,1826.0,498.2,185.4,16.5,5.7,1.11,-1,-1,-1
2121,1815.0,198.7,245.8,23.2,9.1,1.11,-1,-1,-1
2141,1826.0,456.3,212.9,14.7,4.6,1.11,-1,-1,-1
2141,1815.0,209.0,247.0,26.6,10.1,1.11,-1,-1,-1
