1,3620.0,254.4,231.6,8.1,4.5,0.48,-1,-1,-1
1,3619.0,497.5,189.5,28.5,6.2,0.48,-1,-1,-1
21,3620.0,249.5,228.9,9.6,4.6,1.11,-1,-1,-1
21,3619.0,500.0,190.0,31.5,6.6,1.11,-1,-1,-1
41,3620.0,255.9,223.3,8.0,4.7,1.11,-1,-1,-1
41,3619.0,502.9,190.1,29.1,6.4,1.11,-1,-1,-1
61,3620.0,259.4,221.6,8.4,5.0,1.11,-1,-1,-1
61,3619.0,506.8,190.0,29.1,6.8,1.11,-1,-1,-1
81,3620.0,258.7,221.5,8.1,5.0,1.11,-1,-1,-1
81,3619.0,506.4,190.3,28.9,6.7,1.11,-1,-1,-1
101,3620.0,258.1,222.0,7.8,4.7,1.11,-1,-1,-1
101,3619.0,507.6,190.2,26.0,6.5,1.11,-1,-1,-1
121,3620.0,257.7,222.6,9.6,5.3,1.11,-1,-1,-1
121,3619.0,504.7,189.8,28.5,6.3,1.11,-1,-1,-1
141,3620.0,262.6,223.4,8.3,4.7,1.11,-1,-1,-1
141,3619.0,504.4,198.1,29.2,7.6,1.11,-1,-1,-1
161,3620.0,265.5,223.4,7.8,4.7,1.11,-1,-1,-1
161,3619.0,506.2,228.2,27.2,7.3,1.11,-1,-1,-1
181,3620.0,264.9,223.5,7.5,4.8,1.11,-1,-1,-1
181,3619.0,508.1,228.8,25.4,6.9,1.11,-1,-1,-1
201,3620.0,264.4,224.0,8.0,4.5,1.11,-1,-1,-1
201,3619.0,509.7,228.8,26.6,7.2,1.11,-1,-1,-1
221,3620.0,264.2,224.1,8.5,4.5,1.11,-1,-1,-1
221,3619.0,510.4,243.7,26.3,7.4,1.11,-1,-1,-1
241,3620.0,265.2,223.7,7.5,4.7,1.11,-1,-1,-1
241,3619.0,508.4,211.8,26.5,6.9,1.11,-1,-1,-1
261,3620.0,265.0,223.6,7.5,4.8,1.11,-1,-1,-1
261,3619.0,500.6,209.3,26.2,8.5,1.11,-1,-1,-1
281,3620.0,265.1,223.8,7.7,4.6,1.11,-1,-1,-1
281,3619.0,426.2,206.9,28.8,9.7,1.11,-1,-1,-1
301,3620.0,265.3,219.6,7.9,4.2,1.11,-1,-1,-1
301,3619.0,418.5,205.6,30.6,9.6,1.11,-1,-1,-1
321,3619.0,468.2,207.9,27.9,7.4,1.11,-1,-1,-1
341,3632.0,269.6,183.1,9.2,3.9,1.11,-1,-1,-1
341,3619.0,464.1,207.1,32.6,9.5,1.11,-1,-1,-1
361,3632.0,281.4,183.5,4.9,3.4,1.11,-1,-1,-1
361,3619.0,378.5,205.0,23.5,8.4,1.11,-1,-1,-1
381,3632.0,279.6,179.2,6.9,3.7,1.11,-1,-1,-1
381,3619.0,314.2,222.1,30.1,8.9,1.11,-1,-1,-1
401,3633.0,315.0,160.8,28.4,6.7,1.11,-1,-1,-1
401,3632.0,278.9,159.5,7.1,3.3,1.11,-1,-1,-1
421,3644.0,279.3,124.4,6.9,3.6,1.11,-1,-1,-1
421,3642.0,317.0,138.7,35.9,9.3,1.11,-1,-1,-1
441,3645.0,277.7,128.5,9.1,4.6,0.81,-1,-1,-1
441,3642.0,334.1,134.6,41.9,15.8,1.11,-1,-1,-1
461,3646.0,271.6,127.1,11.1,4.5,1.11,-1,-1,-1
461,3642.0,339.6,180.1,37.3,8.0,1.11,-1,-1,-1
481,3646.0,270.7,126.0,9.6,5.6,1.11,-1,-1,-1
481,3642.0,340.2,208.2,32.5,7.7,1.11,-1,-1,-1
501,3646.0,276.3,137.4,7.0,4.9,1.11,-1,-1,-1
501,3642.0,341.0,209.6,39.5,10.9,1.11,-1,-1,-1
521,3650.0,283.2,182.4,6.1,3.5,0.9,-1,-1,-1
521,3642.0,367.3,191.6,53.8,11.3,1.11,-1,-1,-1
541,3651.0,284.7,216.8,9.8,6.5,1.11,-1,-1,-1
541,3642.0,416.2,161.1,70.9,21.2,1.11,-1,-1,-1
561,3651.0,286.4,223.4,7.8,4.7,1.11,-1,-1,-1
561,3642.0,424.6,186.4,66.1,14.4,1.11,-1,-1,-1
581,3652.0,415.4,112.1,55.6,15.4,1.11,-1,-1,-1
581,3651.0,302.2,222.6,8.0,4.3,1.11,-1,-1,-1
601,3652.0,409.5,77.3,61.9,18.6,1.11,-1,-1,-1
601,3651.0,324.9,222.4,9.5,4.7,1.11,-1,-1,-1
621,3652.0,417.9,152.7,57.4,14.3,1.11,-1,-1,-1
621,3651.0,332.2,238.8,9.7,4.6,1.11,-1,-1,-1
641,3652.0,361.1,176.6,60.4,16.1,1.11,-1,-1,-1
641,3651.0,332.4,254.2,6.8,4.4,1.11,-1,-1,-1
661,3652.0,297.1,193.3,61.1,13.4,1.11,-1,-1,-1
661,3651.0,331.7,253.2,6.5,3.6,1.11,-1,-1,-1
681,3655.0,300.4,66.7,57.5,20.2,1.11,-1,-1,-1
681,3651.0,328.5,252.4,8.0,3.5,1.11,-1,-1,-1
701,3655.0,305.6,63.0,49.6,13.5,1.11,-1,-1,-1
701,3651.0,326.3,254.8,6.7,3.8,1.11,-1,-1,-1
721,3655.0,316.9,28.8,59.9,25.3,1.11,-1,-1,-1
721,3651.0,323.0,264.6,6.9,4.2,1.11,-1,-1,-1
741,3656.0,321.0,1.1,51.9,17.1,1.11,-1,-1,-1
741,3651.0,321.1,263.6,7.6,5.1,1.11,-1,-1,-1
761,3657.0,319.6,260.9,5.7,3.1,1.11,-1,-1,-1
761,3656.0,325.4,110.1,56.5,18.1,1.11,-1,-1,-1
781,3657.0,313.7,257.4,7.2,3.4,1.11,-1,-1,-1
781,3656.0,323.7,178.5,58.7,13.7,1.11,-1,-1,-1
801,3658.0,328.9,140.1,52.6,15.0,1.11,-1,-1,-1
801,3657.0,308.4,265.5,7.8,3.1,1.11,-1,-1,-1
821,3658.0,325.5,205.8,59.4,14.3,1.11,-1,-1,-1
821,3657.0,307.1,264.8,7.6,3.3,1.11,-1,-1,-1
841,3658.0,322.2,230.2,62.5,16.0,1.11,-1,-1,-1
841,3657.0,302.9,262.1,6.1,3.7,1.11,-1,-1,-1
861,3657.0,292.1,257.7,10.6,3.9,1.11,-1,-1,-1
881,3657.0,277.5,250.2,12.4,5.0,1.11,-1,-1,-1
901,3678.0,292.0,0.7,46.0,16.4,0.53,-1,-1,-1
901,3657.0,271.7,260.2,12.5,4.0,1.11,-1,-1,-1
921,3680.0,268.1,135.0,32.1,10.8,0.73,-1,-1,-1
921,3657.0,269.7,259.9,14.0,4.5,1.11,-1,-1,-1
941,3681.0,270.5,78.6,24.5,7.8,1.11,-1,-1,-1
941,3657.0,271.1,259.6,11.7,4.5,1.11,-1,-1,-1
961,3681.0,269.3,3.7,28.6,10.7,1.11,-1,-1,-1
961,3657.0,266.0,257.6,13.2,5.4,1.11,-1,-1,-1
981,3683.0,268.0,65.9,26.6,10.4,1.11,-1,-1,-1
981,3657.0,246.6,251.1,20.2,7.3,1.11,-1,-1,-1
1001,3684.0,268.1,72.9,27.7,8.8,1.11,-1,-1,-1
1001,3657.0,240.9,250.5,20.4,6.4,1.11,-1,-1,-1
1021,3684.0,268.7,43.7,27.3,11.5,1.11,-1,-1,-1
1021,3657.0,241.2,259.4,19.0,6.1,1.11,-1,-1,-1
1041,3684.0,286.5,45.3,23.9,14.4,1.11,-1,-1,-1
1041,3657.0,240.4,262.6,19.4,7.2,1.11,-1,-1,-1
1061,3684.0,379.1,54.8,26.4,10.1,1.11,-1,-1,-1
1061,3657.0,291.8,263.1,19.3,6.3,1.11,-1,-1,-1
1081,3684.0,448.9,60.1,27.1,9.4,1.11,-1,-1,-1
1081,3657.0,335.8,261.4,19.2,6.6,1.11,-1,-1,-1
1101,3684.0,434.0,56.9,25.8,10.7,1.11,-1,-1,-1
1101,3657.0,352.0,257.6,21.5,9.2,1.11,-1,-1,-1
1121,3684.0,342.5,51.8,27.6,9.5,1.11,-1,-1,-1
1121,3657.0,401.7,250.1,29.4,8.5,1.11,-1,-1,-1
1141,3684.0,247.6,47.8,26.8,9.7,1.11,-1,-1,-1
1141,3657.0,460.8,241.6,31.2,10.1,1.11,-1,-1,-1
1161,3684.0,192.4,45.6,29.2,11.6,1.11,-1,-1,-1
1161,3657.0,386.6,234.8,36.3,11.2,1.11,-1,-1,-1
1181,3684.0,191.3,46.5,25.7,11.9,1.11,-1,-1,-1
1181,3657.0,297.4,233.5,39.5,13.5,1.11,-1,-1,-1
1201,3684.0,228.1,55.4,26.2,9.9,1.11,-1,-1,-1
1201,3657.0,339.2,233.4,41.2,12.7,1.11,-1,-1,-1
1221,3684.0,278.8,129.4,23.1,7.5,1.11,-1,-1,-1
1221,3657.0,409.4,234.8,44.5,9.0,1.11,-1,-1,-1
1241,3684.0,327.7,178.7,24.5,6.7,1.11,-1,-1,-1
1241,3657.0,451.1,234.8,35.7,11.8,1.11,-1,-1,-1
1261,3684.0,366.0,180.1,27.8,6.8,1.11,-1,-1,-1
1261,3657.0,571.7,234.2,34.7,12.3,1.11,-1,-1,-1
1281,3684.0,342.1,179.8,26.3,8.0,1.11,-1,-1,-1
1301,3684.0,273.1,179.2,25.3,9.3,1.11,-1,-1,-1
1321,3684.0,262.0,179.3,20.3,8.2,1.11,-1,-1,-1
1341,3684.0,299.2,180.2,23.6,7.2,1.11,-1,-1,-1
1361,3686.0,623.5,36.7,16.8,9.8,0.73,-1,-1,-1
1361,3684.0,326.3,182.6,25.0,6.5,1.11,-1,-1,-1
1381,3686.0,534.9,16.8,39.8,15.6,1.11,-1,-1,-1
1381,3684.0,325.9,183.9,22.8,6.4,1.11,-1,-1,-1
1401,3686.0,316.2,-1.4,46.1,6.9,1.11,-1,-1,-1
1401,3684.0,324.0,189.9,25.1,6.3,1.11,-1,-1,-1
1421,3684.0,324.3,223.1,24.6,7.9,1.11,-1,-1,-1
1441,3684.0,325.3,224.3,23.4,7.7,1.11,-1,-1,-1
1461,3684.0,327.4,224.6,20.8,7.6,1.11,-1,-1,-1
1481,3684.0,327.1,236.9,22.1,6.6,1.11,-1,-1,-1
1501,3684.0,324.1,207.8,25.2,8.5,1.11,-1,-1,-1
1521,3684.0,319.7,238.5,20.7,7.4,1.11,-1,-1,-1
1541,3690.0,593.0,5.1,25.0,12.3,0.53,-1,-1,-1
1561,3690.0,550.8,76.0,13.7,6.0,1.11,-1,-1,-1
1581,3690.0,493.3,105.4,16.0,6.8,1.11,-1,-1,-1
1601,3712.0,34.5,51.9,35.8,17.1,1.11,-1,-1,-1
1601,3690.0,424.5,125.1,10.7,4.4,1.11,-1,-1,-1
1621,3713.0,14.5,233.3,26.8,8.5,0.81,-1,-1,-1
1621,3712.0,110.6,65.0,27.8,9.3,1.11,-1,-1,-1
1621,3690.0,389.7,132.6,13.6,4.2,1.11,-1,-1,-1
1641,3713.0,180.3,235.8,19.7,7.6,1.11,-1,-1,-1
1641,3712.0,165.5,71.6,23.9,9.3,1.11,-1,-1,-1
1641,3690.0,386.9,131.8,12.1,4.8,1.11,-1,-1,-1
1661,3713.0,348.7,235.1,20.4,7.3,1.11,-1,-1,-1
1661,3712.0,171.0,73.3,25.2,9.2,1.11,-1,-1,-1
1661,3690.0,389.4,131.1,12.4,5.0,1.11,-1,-1,-1
1681,3714.0,376.5,163.0,25.2,6.0,1.11,-1,-1,-1
1681,3712.0,154.6,72.3,27.0,11.1,1.11,-1,-1,-1
1681,3690.0,388.4,131.3,12.2,4.8,1.11,-1,-1,-1
1701,3715.0,376.8,115.4,20.1,6.2,1.11,-1,-1,-1
1701,3712.0,139.4,83.7,30.4,11.2,1.11,-1,-1,-1
1701,3690.0,388.3,131.4,11.7,4.6,1.11,-1,-1,-1
1721,3721.0,374.3,170.6,19.5,5.5,1.11,-1,-1,-1
1721,3712.0,132.4,107.5,25.5,8.7,1.11,-1,-1,-1
1721,3690.0,388.2,131.3,11.8,4.9,1.11,-1,-1,-1
1741,3721.0,372.6,199.2,23.1,5.9,1.11,-1,-1,-1
1741,3712.0,124.3,132.1,19.8,6.4,1.11,-1,-1,-1
1741,3690.0,388.6,131.6,12.3,4.6,1.11,-1,-1,-1
1761,3724.0,373.1,148.3,23.8,6.0,1.11,-1,-1,-1
1761,3712.0,139.2,141.8,21.0,6.4,1.11,-1,-1,-1
1761,3690.0,389.5,131.9,11.9,4.1,1.11,-1,-1,-1
1781,3726.0,379.0,126.7,20.4,8.7,1.11,-1,-1,-1
1781,3724.0,373.5,124.9,23.5,8.5,1.11,-1,-1,-1
1781,3712.0,171.5,147.0,18.6,5.2,1.11,-1,-1,-1
1781,3690.0,386.7,130.3,13.7,6.1,1.11,-1,-1,-1
1801,3727.0,389.1,131.9,12.5,5.0,1.11,-1,-1,-1
1801,3724.0,374.1,82.8,22.4,7.7,1.11,-1,-1,-1
1801,3712.0,180.1,149.0,19.1,6.4,1.11,-1,-1,-1
1821,3728.0,374.8,120.3,24.4,6.5,1.11,-1,-1,-1
1821,3727.0,389.7,132.0,11.2,4.8,1.11,-1,-1,-1
1821,3712.0,179.3,156.8,16.9,6.2,1.11,-1,-1,-1
1841,3732.0,388.3,132.3,12.4,4.7,1.11,-1,-1,-1
1841,3728.0,376.2,170.8,22.4,6.1,1.11,-1,-1,-1
1841,3712.0,175.1,166.2,15.7,5.7,1.11,-1,-1,-1
1861,3732.0,387.9,132.1,12.2,4.8,1.11,-1,-1,-1
1861,3728.0,377.7,202.1,21.4,6.1,1.11,-1,-1,-1
1861,3712.0,174.2,169.6,15.2,4.7,1.11,-1,-1,-1
1881,3732.0,388.5,132.1,11.7,4.8,1.11,-1,-1,-1
1881,3728.0,376.6,230.1,21.3,5.6,1.11,-1,-1,-1
1881,3712.0,174.3,169.5,15.1,7.1,1.11,-1,-1,-1
1901,3733.0,377.9,176.0,22.8,5.9,1.11,-1,-1,-1
1901,3732.0,389.2,132.1,12.0,4.7,1.11,-1,-1,-1
1901,3712.0,196.6,180.4,10.8,4.7,1.11,-1,-1,-1
1921,3734.0,378.4,130.1,21.5,7.1,1.11,-1,-1,-1
1921,3712.0,204.8,186.0,12.5,4.5,1.11,-1,-1,-1
1941,3734.0,377.8,132.3,22.4,7.2,1.11,-1,-1,-1
1941,3712.0,214.1,192.8,12.1,4.1,1.11,-1,-1,-1
1961,3736.0,391.0,132.1,11.5,4.8,0.53,-1,-1,-1
1961,3732.0,385.7,132.3,16.5,5.5,1.11,-1,-1,-1
1961,3730.0,361.0,134.3,25.2,7.2,1.11,-1,-1,-1
1961,3712.0,222.9,201.4,12.6,5.3,1.11,-1,-1,-1
1981,3732.0,389.9,132.0,12.0,4.5,1.11,-1,-1,-1
1981,3730.0,332.6,132.8,23.2,7.2,1.11,-1,-1,-1
1981,3712.0,230.4,209.9,14.2,4.9,1.11,-1,-1,-1
2001,3732.0,389.3,131.9,11.6,4.5,1.11,-1,-1,-1
2001,3730.0,331.1,144.1,22.2,5.9,1.11,-1,-1,-1
2001,3712.0,239.0,217.7,10.7,4.3,1.11,-1,-1,-1
2021,3732.0,389.8,131.9,11.7,4.6,1.11,-1,-1,-1
2021,3730.0,330.4,196.8,24.1,5.9,1.11,-1,-1,-1
2021,3712.0,245.3,223.4,11.0,4.7,1.11,-1,-1,-1
2041,3732.0,389.8,131.9,12.3,4.4,1.11,-1,-1,-1
2041,3730.0,330.6,209.9,26.2,8.3,1.11,-1,-1,-1
2041,3712.0,252.7,228.6,8.6,4.0,1.11,-1,-1,-1
2061,3732.0,390.5,132.0,11.7,4.6,1.11,-1,-1,-1
2061,3730.0,332.4,197.6,22.6,5.9,1.11,-1,-1,-1
2061,3712.0,257.4,232.0,10.1,4.5,1.11,-1,-1,-1
2081,3738.0,334.2,121.4,19.9,6.7,1.11,-1,-1,-1
2081,3732.0,390.4,132.0,12.3,4.7,1.11,-1,-1,-1
2081,3712.0,261.6,235.5,8.0,4.0,1.11,-1,-1,-1
2101,3739.0,332.4,141.9,21.3,6.9,1.11,-1,-1,-1
2101,3732.0,389.1,132.0,12.6,4.6,1.11,-1,-1,-1
2121,3739.0,330.4,168.4,22.8,5.9,1.11,-1,-1,-1
2121,3732.0,390.2,131.4,11.4,4.7,1.11,-1,-1,-1
2121,3712.0,265.2,239.7,9.0,4.5,1.11,-1,-1,-1
2141,3739.0,331.1,167.5,21.8,6.1,1.11,-1,-1,-1
2141,3732.0,389.9,131.6,12.0,4.5,1.11,-1,-1,-1
2141,3712.0,266.0,240.1,8.9,4.7,1.11,-1,-1,-1
