1,3830.0,292.8,132.4,16.5,6.5,0.48,-1,-1,-1
1,3829.0,357.3,155.9,30.5,8.2,0.48,-1,-1,-1
21,3830.0,292.6,132.8,17.4,6.2,1.11,-1,-1,-1
21,3829.0,357.6,155.9,28.9,7.5,1.11,-1,-1,-1
41,3830.0,293.4,132.8,16.9,6.2,1.11,-1,-1,-1
41,3829.0,358.1,155.8,30.9,7.9,1.11,-1,-1,-1
61,3830.0,292.7,134.3,19.2,6.5,1.11,-1,-1,-1
61,3829.0,351.3,154.7,30.4,10.9,1.11,-1,-1,-1
81,3832.0,292.8,173.1,18.1,5.8,0.66,-1,-1,-1
81,3829.0,265.8,151.8,31.6,10.8,1.11,-1,-1,-1
101,3829.0,182.1,149.9,30.4,9.9,1.11,-1,-1,-1
121,3829.0,218.4,148.2,27.0,12.9,1.11,-1,-1,-1
141,3829.0,326.1,152.4,27.7,10.3,1.11,-1,-1,-1
161,3849.0,292.4,112.6,18.2,7.1,1.11,-1,-1,-1
161,3829.0,348.1,152.4,27.8,10.6,1.11,-1,-1,-1
181,3849.0,293.4,111.6,17.6,6.6,1.11,-1,-1,-1
181,3829.0,290.8,149.9,27.1,10.6,1.11,-1,-1,-1
201,3849.0,294.2,111.2,16.2,6.9,1.11,-1,-1,-1
201,3829.0,269.2,150.9,29.1,7.8,1.11,-1,-1,-1
221,3849.0,293.0,111.1,17.5,6.6,1.11,-1,-1,-1
221,3829.0,246.8,148.4,24.2,10.0,1.11,-1,-1,-1
241,3849.0,291.7,127.7,17.1,6.5,1.11,-1,-1,-1
241,3829.0,291.6,149.6,37.0,12.0,1.11,-1,-1,-1
261,3849.0,291.9,169.7,16.9,6.0,1.11,-1,-1,-1
261,3829.0,362.7,152.0,33.4,10.9,1.11,-1,-1,-1
281,3829.0,334.5,160.9,31.2,8.2,1.11,-1,-1,-1
301,3829.0,308.7,205.9,24.5,9.2,1.11,-1,-1,-1
321,3829.0,291.2,179.1,27.3,7.7,1.11,-1,-1,-1
341,3841.0,285.4,194.1,19.8,8.0,1.11,-1,-1,-1
361,3863.0,292.2,44.0,16.5,8.5,1.11,-1,-1,-1
361,3841.0,304.9,205.7,27.3,11.6,1.11,-1,-1,-1
381,3863.0,294.1,72.7,15.6,8.1,1.11,-1,-1,-1
381,3841.0,335.1,124.9,37.4,11.4,1.11,-1,-1,-1
401,3863.0,293.0,96.2,20.6,6.7,1.11,-1,-1,-1
401,3841.0,345.2,64.0,29.5,12.4,1.11,-1,-1,-1
421,3865.0,293.4,17.8,16.3,8.7,1.11,-1,-1,-1
421,3864.0,333.5,142.4,37.8,11.1,1.11,-1,-1,-1
441,3844.0,255.2,128.0,30.0,13.4,1.11,-1,-1,-1
461,3844.0,268.6,5.5,35.4,13.2,1.11,-1,-1,-1
481,3871.0,299.0,16.2,27.0,7.5,0.53,-1,-1,-1
481,3868.0,294.0,34.3,15.6,8.4,1.11,-1,-1,-1
501,3871.0,315.8,105.1,32.9,11.6,1.11,-1,-1,-1
501,3868.0,295.6,94.3,17.3,6.8,1.11,-1,-1,-1
521,3876.0,332.7,142.5,36.2,9.3,0.66,-1,-1,-1
521,3868.0,296.1,150.9,16.7,6.4,1.11,-1,-1,-1
541,3876.0,354.0,46.0,40.6,18.2,1.11,-1,-1,-1
541,3868.0,291.1,193.1,17.9,5.6,1.11,-1,-1,-1
561,3876.0,362.6,75.7,46.5,15.9,1.11,-1,-1,-1
561,3851.0,289.9,168.5,17.3,5.9,1.11,-1,-1,-1
581,3876.0,316.3,164.9,39.3,15.0,1.11,-1,-1,-1
581,3851.0,290.3,67.4,18.5,7.3,1.11,-1,-1,-1
601,3877.0,293.0,41.5,17.0,8.6,0.66,-1,-1,-1
601,3876.0,191.3,162.0,40.7,17.1,1.11,-1,-1,-1
621,3878.0,268.5,20.9,33.6,17.3,1.11,-1,-1,-1
621,3877.0,293.3,92.5,17.8,7.4,1.11,-1,-1,-1
641,3879.0,318.4,46.8,39.5,16.7,0.81,-1,-1,-1
641,3877.0,296.7,150.6,14.8,6.7,1.11,-1,-1,-1
661,3879.0,323.6,149.2,44.2,10.2,1.11,-1,-1,-1
661,3877.0,291.8,196.1,20.2,5.5,1.11,-1,-1,-1
681,3879.0,362.4,180.5,45.1,17.3,1.11,-1,-1,-1
701,3879.0,484.5,182.7,38.4,12.2,1.11,-1,-1,-1
721,3879.0,483.2,184.2,39.9,12.4,1.11,-1,-1,-1
741,3879.0,353.7,181.2,41.2,14.4,1.11,-1,-1,-1
761,3879.0,192.7,138.4,40.5,17.2,1.11,-1,-1,-1
781,3916.0,294.8,21.1,19.4,9.3,1.11,-1,-1,-1
781,3879.0,205.5,2.1,42.3,16.4,1.11,-1,-1,-1
801,3917.0,219.9,50.2,36.0,14.1,1.11,-1,-1,-1
801,3916.0,296.1,80.5,15.7,7.5,1.11,-1,-1,-1
821,3917.0,216.6,140.8,42.9,10.6,1.11,-1,-1,-1
821,3916.0,293.9,141.9,16.3,6.2,1.11,-1,-1,-1
841,3917.0,230.2,176.9,47.9,17.5,1.11,-1,-1,-1
841,3916.0,292.6,187.7,17.3,5.5,1.11,-1,-1,-1
861,3917.0,369.3,182.4,56.3,13.6,1.11,-1,-1,-1
861,3884.0,292.7,198.1,15.8,5.3,1.11,-1,-1,-1
881,3918.0,456.8,87.8,41.5,13.9,1.11,-1,-1,-1
881,3898.0,293.0,118.4,16.0,6.9,1.11,-1,-1,-1
901,3914.0,291.1,2.3,16.3,9.6,1.11,-1,-1,-1
921,3924.0,375.9,25.8,30.9,10.3,1.11,-1,-1,-1
941,3927.0,294.1,27.3,17.8,8.9,1.11,-1,-1,-1
961,3927.0,293.6,87.2,18.0,7.1,1.11,-1,-1,-1
981,3928.0,382.4,75.3,33.3,11.1,1.11,-1,-1,-1
981,3927.0,293.7,144.2,17.6,6.1,1.11,-1,-1,-1
1001,3928.0,382.1,160.6,34.0,8.6,1.11,-1,-1,-1
1001,3927.0,289.5,167.8,17.4,5.9,1.11,-1,-1,-1
1021,3928.0,374.1,209.6,37.6,13.7,1.11,-1,-1,-1
1021,3927.0,289.6,167.7,20.4,5.8,1.11,-1,-1,-1
1041,3928.0,337.1,223.3,27.6,9.4,1.11,-1,-1,-1
1061,3929.0,292.8,66.8,16.9,7.4,1.11,-1,-1,-1
1061,3928.0,343.7,221.5,27.2,10.6,1.11,-1,-1,-1
1081,3929.0,294.0,59.1,16.0,7.5,1.11,-1,-1,-1
1081,3928.0,406.8,140.8,30.3,17.3,1.11,-1,-1,-1
1101,3929.0,294.9,109.9,16.2,6.6,1.11,-1,-1,-1
1101,3928.0,449.2,165.8,56.6,14.6,1.11,-1,-1,-1
1121,3929.0,291.9,156.0,18.8,5.8,1.11,-1,-1,-1
1121,3928.0,448.3,202.3,46.8,12.1,1.11,-1,-1,-1
1141,3930.0,292.2,130.2,18.0,6.2,0.81,-1,-1,-1
1141,3928.0,333.5,186.6,55.9,10.9,1.11,-1,-1,-1
1161,3930.0,291.0,95.1,16.8,6.9,1.11,-1,-1,-1
1161,3928.0,236.2,102.7,47.4,18.1,1.11,-1,-1,-1
1181,3930.0,290.1,133.9,19.0,6.2,1.11,-1,-1,-1
1181,3928.0,246.1,104.9,48.9,15.1,1.11,-1,-1,-1
1201,3930.0,291.1,175.2,19.4,6.0,1.11,-1,-1,-1
1201,3928.0,288.7,141.9,37.7,11.2,1.11,-1,-1,-1
1221,3928.0,293.4,156.4,38.6,9.7,1.11,-1,-1,-1
1241,3928.0,293.0,155.2,37.0,9.7,1.11,-1,-1,-1
1261,3928.0,288.2,160.2,44.2,9.8,1.11,-1,-1,-1
1281,3928.0,280.1,181.4,46.3,9.5,1.11,-1,-1,-1
1301,3936.0,285.2,174.4,41.2,9.9,1.11,-1,-1,-1
1321,3936.0,288.4,92.8,43.2,18.0,1.11,-1,-1,-1
1341,3953.0,290.5,41.9,17.8,7.0,1.11,-1,-1,-1
1341,3936.0,291.5,97.1,37.7,12.1,1.11,-1,-1,-1
1361,3953.0,291.0,27.2,18.7,8.6,1.11,-1,-1,-1
1361,3936.0,286.3,98.2,49.3,13.1,1.11,-1,-1,-1
1381,3953.0,293.8,85.0,15.4,8.2,1.11,-1,-1,-1
1381,3936.0,291.7,94.2,35.1,15.3,1.11,-1,-1,-1
1401,3960.0,284.0,105.9,36.5,15.7,0.53,-1,-1,-1
1401,3958.0,287.6,109.4,29.4,14.2,0.81,-1,-1,-1
1401,3957.0,289.9,113.2,23.2,10.6,0.9,-1,-1,-1
1401,3936.0,287.8,104.4,31.8,12.9,1.11,-1,-1,-1
1421,3957.0,291.3,116.8,17.0,6.6,1.11,-1,-1,-1
1421,3954.0,296.0,80.2,43.1,20.3,1.11,-1,-1,-1
1441,3957.0,291.3,117.2,18.2,6.4,1.11,-1,-1,-1
1441,3954.0,304.2,78.1,45.7,16.2,1.11,-1,-1,-1
1461,3954.0,302.7,120.2,44.5,13.3,1.11,-1,-1,-1
1481,3966.0,304.3,57.2,41.0,15.0,0.81,-1,-1,-1
1481,3957.0,289.1,115.2,19.4,5.6,1.11,-1,-1,-1
1501,3966.0,301.5,59.1,44.8,16.0,1.11,-1,-1,-1
1501,3957.0,288.7,107.6,19.7,8.5,1.11,-1,-1,-1
1521,3966.0,303.5,84.8,37.1,14.5,1.11,-1,-1,-1
1521,3957.0,289.8,123.2,19.4,7.8,1.11,-1,-1,-1
1541,3966.0,300.1,83.9,43.2,14.5,1.11,-1,-1,-1
1541,3957.0,290.3,169.3,19.1,5.8,1.11,-1,-1,-1
1561,3966.0,301.2,81.9,48.4,15.5,1.11,-1,-1,-1
1581,3966.0,303.2,82.2,43.4,14.6,1.11,-1,-1,-1
1601,3966.0,300.6,81.3,45.1,14.5,1.11,-1,-1,-1
1621,3966.0,299.4,91.8,45.5,11.5,1.11,-1,-1,-1
1641,3981.0,289.0,168.9,32.5,8.8,0.53,-1,-1,-1
1641,3966.0,305.9,169.7,33.7,12.5,1.11,-1,-1,-1
1661,3966.0,310.9,187.4,58.6,13.4,1.11,-1,-1,-1
1681,4007.0,316.3,103.3,43.7,13.5,1.11,-1,-1,-1
1701,4007.0,309.7,87.5,53.5,14.8,1.11,-1,-1,-1
1721,4007.0,309.4,139.9,51.0,12.0,1.11,-1,-1,-1
1741,4008.0,309.7,44.5,50.8,15.8,1.11,-1,-1,-1
1781,4010.0,315.0,64.6,42.4,16.0,1.11,-1,-1,-1
1801,4010.0,311.5,76.7,46.6,15.4,1.11,-1,-1,-1
1821,4010.0,311.2,73.4,45.6,16.2,1.11,-1,-1,-1
1841,4010.0,315.7,75.1,47.5,15.4,1.11,-1,-1,-1
1841,4006.0,287.9,27.7,22.2,9.6,1.11,-1,-1,-1
1861,4010.0,318.9,111.4,46.2,14.0,1.11,-1,-1,-1
1861,4006.0,287.4,92.5,19.5,7.6,1.11,-1,-1,-1
1881,4006.0,286.4,140.7,17.8,6.7,1.11,-1,-1,-1
1901,4011.0,297.9,78.2,48.2,27.2,1.11,-1,-1,-1
1901,4006.0,284.7,167.3,19.3,6.3,1.11,-1,-1,-1
1921,4011.0,267.9,178.9,25.8,9.3,1.11,-1,-1,-1
1921,4006.0,284.5,203.7,18.9,5.3,1.11,-1,-1,-1
1941,4012.0,261.1,125.6,26.4,9.1,1.11,-1,-1,-1
1941,4006.0,282.6,221.9,14.7,6.9,1.11,-1,-1,-1
1961,4013.0,284.5,209.6,17.3,6.3,0.66,-1,-1,-1
1961,4012.0,279.1,44.8,33.6,9.9,1.11,-1,-1,-1
1981,4013.0,287.8,137.2,19.9,6.9,1.11,-1,-1,-1
2001,4016.0,299.8,13.2,45.8,21.2,0.9,-1,-1,-1
2001,4015.0,291.5,155.0,18.4,6.6,1.11,-1,-1,-1
2021,4016.0,307.7,79.0,37.3,9.8,1.11,-1,-1,-1
2021,4015.0,289.3,157.3,20.4,6.1,1.11,-1,-1,-1
2041,4016.0,309.1,77.3,36.9,11.6,1.11,-1,-1,-1
2061,4030.0,294.3,64.6,28.0,13.1,0.9,-1,-1,-1
2061,4028.0,293.5,64.6,24.0,11.2,1.11,-1,-1,-1
2061,4027.0,296.6,65.7,46.8,19.8,1.11,-1,-1,-1
2061,4016.0,303.3,71.5,42.5,14.2,1.11,-1,-1,-1
2081,4023.0,294.5,106.2,20.5,7.5,1.11,-1,-1,-1
2081,4016.0,305.8,71.6,38.6,11.9,1.11,-1,-1,-1
2101,4023.0,293.2,151.9,18.6,6.4,1.11,-1,-1,-1
2101,4016.0,305.5,101.9,38.6,12.1,1.11,-1,-1,-1
2121,4032.0,606.8,196.9,16.2,5.3,1.11,-1,-1,-1
2121,4023.0,289.7,195.6,16.2,5.6,1.11,-1,-1,-1
2121,4016.0,306.7,110.1,39.5,10.7,1.11,-1,-1,-1
2141,4033.0,289.4,182.9,18.4,6.4,1.11,-1,-1,-1
2141,4032.0,598.2,197.6,19.0,5.0,1.11,-1,-1,-1
2141,4016.0,307.9,110.1,38.0,10.4,1.11,-1,-1,-1
