1,5100.0,276.5,212.8,11.5,4.2,0.48,-1,-1,-1
1,5099.0,121.3,60.7,10.0,5.2,0.48,-1,-1,-1
1,5098.0,322.5,188.2,10.5,3.5,0.48,-1,-1,-1
21,5100.0,280.7,212.5,12.8,5.2,1.11,-1,-1,-1
21,5099.0,121.4,61.1,9.2,4.7,1.11,-1,-1,-1
21,5098.0,321.1,189.3,10.0,3.5,1.11,-1,-1,-1
41,5100.0,288.9,212.2,10.9,4.4,1.11,-1,-1,-1
41,5099.0,120.7,61.7,10.1,4.9,1.11,-1,-1,-1
41,5098.0,318.8,189.9,9.8,3.7,1.11,-1,-1,-1
61,5100.0,293.5,212.2,12.5,4.8,1.11,-1,-1,-1
61,5099.0,123.4,62.1,9.6,4.9,1.11,-1,-1,-1
61,5098.0,315.2,190.6,9.7,4.1,1.11,-1,-1,-1
81,5100.0,296.2,210.9,10.8,4.4,1.11,-1,-1,-1
81,5099.0,138.1,63.2,9.4,4.1,1.11,-1,-1,-1
81,5098.0,308.5,191.2,10.8,4.2,1.11,-1,-1,-1
101,5100.0,295.9,210.8,11.1,4.6,1.11,-1,-1,-1
101,5099.0,140.4,63.0,9.9,4.3,1.11,-1,-1,-1
101,5098.0,303.0,189.4,9.7,4.1,1.11,-1,-1,-1
121,5100.0,295.1,212.5,11.9,4.9,1.11,-1,-1,-1
121,5099.0,142.2,63.9,8.5,3.7,1.11,-1,-1,-1
121,5098.0,295.7,183.5,11.0,3.4,1.11,-1,-1,-1
141,5100.0,295.6,217.8,9.7,4.1,1.11,-1,-1,-1
141,5099.0,142.7,53.8,9.3,5.2,1.11,-1,-1,-1
141,5098.0,289.0,177.9,9.0,3.8,1.11,-1,-1,-1
161,5100.0,296.5,219.6,8.2,3.4,1.11,-1,-1,-1
161,5099.0,144.6,35.9,7.2,4.7,1.11,-1,-1,-1
161,5098.0,280.9,170.6,9.6,3.8,1.11,-1,-1,-1
181,5100.0,296.8,215.9,9.1,3.8,1.11,-1,-1,-1
181,5099.0,144.7,19.7,8.9,5.6,1.11,-1,-1,-1
181,5098.0,272.5,164.0,10.6,4.0,1.11,-1,-1,-1
201,5100.0,298.1,213.1,8.3,3.9,1.11,-1,-1,-1
201,5099.0,144.2,43.4,8.2,4.3,1.11,-1,-1,-1
201,5098.0,265.9,157.0,9.1,4.3,1.11,-1,-1,-1
221,5105.0,141.0,87.0,8.0,4.4,1.11,-1,-1,-1
221,5100.0,296.8,208.7,8.7,4.1,1.11,-1,-1,-1
221,5098.0,257.2,148.7,10.4,4.5,1.11,-1,-1,-1
241,5109.0,138.3,76.9,9.3,4.9,1.11,-1,-1,-1
241,5100.0,297.8,203.3,6.7,3.8,1.11,-1,-1,-1
241,5098.0,250.3,141.0,9.8,4.3,1.11,-1,-1,-1
261,5109.0,138.7,51.8,9.2,5.0,1.11,-1,-1,-1
261,5100.0,297.9,196.9,7.4,4.2,1.11,-1,-1,-1
261,5098.0,244.0,132.8,10.0,4.6,1.11,-1,-1,-1
281,5109.0,142.3,47.5,8.9,6.1,1.11,-1,-1,-1
281,5100.0,299.3,190.0,6.0,3.7,1.11,-1,-1,-1
281,5098.0,237.2,126.9,10.0,4.3,1.11,-1,-1,-1
301,5109.0,161.0,50.3,9.0,4.3,1.11,-1,-1,-1
301,5100.0,299.9,182.2,7.2,3.6,1.11,-1,-1,-1
301,5098.0,236.7,124.7,10.1,4.6,1.11,-1,-1,-1
321,5109.0,164.8,34.9,10.5,4.6,1.11,-1,-1,-1
321,5100.0,299.2,176.0,4.8,3.2,1.11,-1,-1,-1
321,5098.0,247.7,112.2,10.5,4.7,1.11,-1,-1,-1
341,5109.0,168.4,32.9,9.5,4.9,1.11,-1,-1,-1
341,5100.0,292.0,168.6,7.9,4.0,1.11,-1,-1,-1
341,5098.0,263.6,102.1,9.4,4.5,1.11,-1,-1,-1
361,5109.0,168.0,61.2,8.1,4.9,1.11,-1,-1,-1
361,5100.0,286.4,163.8,5.5,3.3,1.11,-1,-1,-1
361,5098.0,276.7,91.3,9.6,4.7,1.11,-1,-1,-1
381,5109.0,167.4,78.7,7.7,4.2,1.11,-1,-1,-1
381,5100.0,280.0,163.9,6.3,3.1,1.11,-1,-1,-1
381,5098.0,287.3,79.8,11.9,4.9,1.11,-1,-1,-1
401,5120.0,168.0,46.9,8.9,4.6,1.11,-1,-1,-1
401,5100.0,272.9,164.3,8.1,3.5,1.11,-1,-1,-1
401,5098.0,299.5,67.4,11.5,5.3,1.11,-1,-1,-1
421,5120.0,168.5,16.0,10.9,5.4,1.11,-1,-1,-1
421,5100.0,265.8,164.4,7.6,3.3,1.11,-1,-1,-1
421,5098.0,314.4,55.6,9.8,5.2,1.11,-1,-1,-1
441,5122.0,167.6,34.6,10.6,4.6,1.11,-1,-1,-1
441,5100.0,256.2,163.6,8.9,3.4,1.11,-1,-1,-1
441,5098.0,329.2,43.3,9.5,5.5,1.11,-1,-1,-1
461,5122.0,164.9,86.9,9.1,4.4,1.11,-1,-1,-1
461,5100.0,245.6,161.6,7.5,3.6,1.11,-1,-1,-1
461,5098.0,344.5,34.7,10.4,5.3,1.11,-1,-1,-1
481,5125.0,163.8,97.2,10.3,4.6,1.11,-1,-1,-1
481,5100.0,236.3,160.7,5.6,3.4,1.11,-1,-1,-1
481,5098.0,359.7,41.4,10.7,5.0,1.11,-1,-1,-1
501,5125.0,166.0,69.9,8.1,4.4,1.11,-1,-1,-1
501,5100.0,229.7,159.8,8.3,3.8,1.11,-1,-1,-1
501,5098.0,375.2,52.5,9.3,4.9,1.11,-1,-1,-1
521,5125.0,163.9,74.4,9.8,4.7,1.11,-1,-1,-1
521,5100.0,239.5,160.5,6.3,3.3,1.11,-1,-1,-1
521,5098.0,389.0,72.1,10.5,5.1,1.11,-1,-1,-1
541,5128.0,163.1,96.4,10.2,4.1,1.11,-1,-1,-1
541,5100.0,247.7,157.1,7.8,4.0,1.11,-1,-1,-1
541,5098.0,404.1,90.9,10.8,4.9,1.11,-1,-1,-1
561,5133.0,163.9,67.9,7.8,3.8,1.11,-1,-1,-1
561,5100.0,257.4,148.4,8.9,3.5,1.11,-1,-1,-1
561,5098.0,419.2,108.2,11.0,4.6,1.11,-1,-1,-1
581,5133.0,164.6,36.0,10.2,5.1,1.11,-1,-1,-1
581,5100.0,266.6,138.5,8.5,3.7,1.11,-1,-1,-1
581,5098.0,432.2,123.8,9.2,4.3,1.11,-1,-1,-1
601,5133.0,163.9,51.7,8.8,5.2,1.11,-1,-1,-1
601,5100.0,272.8,129.7,8.8,4.0,1.11,-1,-1,-1
601,5098.0,438.5,137.8,9.1,4.3,1.11,-1,-1,-1
621,5141.0,161.1,97.4,9.2,4.3,1.11,-1,-1,-1
621,5100.0,276.9,127.2,8.6,3.9,1.11,-1,-1,-1
621,5098.0,426.4,144.3,8.9,4.2,1.11,-1,-1,-1
641,5143.0,160.8,102.1,9.6,4.6,1.11,-1,-1,-1
641,5100.0,280.6,130.4,10.5,4.2,1.11,-1,-1,-1
641,5098.0,387.9,143.8,8.7,5.0,1.11,-1,-1,-1
661,5143.0,162.0,88.8,9.2,4.2,1.11,-1,-1,-1
661,5100.0,284.8,139.5,10.2,4.0,1.11,-1,-1,-1
661,5098.0,333.6,142.6,9.3,6.5,1.11,-1,-1,-1
681,5143.0,163.5,55.6,10.5,4.4,1.11,-1,-1,-1
681,5100.0,288.3,152.5,11.3,4.3,1.11,-1,-1,-1
681,5098.0,317.9,143.6,8.6,4.0,1.11,-1,-1,-1
701,5143.0,163.9,52.1,9.0,5.3,1.11,-1,-1,-1
701,5100.0,290.6,168.1,12.0,4.0,1.11,-1,-1,-1
701,5098.0,316.7,143.9,10.9,3.9,1.11,-1,-1,-1
721,5143.0,164.3,53.1,8.9,5.5,1.11,-1,-1,-1
721,5100.0,294.7,176.1,12.3,3.7,1.11,-1,-1,-1
721,5098.0,316.3,144.4,9.8,4.2,1.11,-1,-1,-1
741,5143.0,164.6,52.8,9.7,5.1,1.11,-1,-1,-1
741,5100.0,297.3,170.5,11.6,4.4,1.11,-1,-1,-1
741,5098.0,305.7,145.5,9.4,4.7,1.11,-1,-1,-1
761,5143.0,164.5,52.7,9.4,5.8,1.11,-1,-1,-1
761,5100.0,290.2,166.7,12.1,4.1,1.11,-1,-1,-1
761,5098.0,285.5,150.4,10.0,4.0,1.11,-1,-1,-1
781,5143.0,165.2,54.2,9.1,4.8,1.11,-1,-1,-1
781,5100.0,272.7,162.8,11.0,4.2,1.11,-1,-1,-1
781,5098.0,258.0,157.2,10.2,4.1,1.11,-1,-1,-1
801,5143.0,164.8,54.8,9.0,4.5,1.11,-1,-1,-1
801,5100.0,246.0,160.3,11.8,4.4,1.11,-1,-1,-1
801,5098.0,227.7,160.7,9.3,3.8,1.11,-1,-1,-1
821,5143.0,165.3,55.3,8.8,4.1,1.11,-1,-1,-1
821,5100.0,211.5,157.2,12.4,4.8,1.11,-1,-1,-1
821,5098.0,197.9,173.8,10.5,4.0,1.11,-1,-1,-1
841,5143.0,164.8,56.0,9.1,4.2,1.11,-1,-1,-1
841,5100.0,185.8,156.3,13.0,5.0,1.11,-1,-1,-1
841,5098.0,168.7,188.1,10.1,4.0,1.11,-1,-1,-1
861,5143.0,166.1,55.5,8.0,4.4,1.11,-1,-1,-1
861,5100.0,171.6,163.1,12.8,4.8,1.11,-1,-1,-1
861,5098.0,141.0,187.9,10.1,3.9,1.11,-1,-1,-1
881,5143.0,166.6,53.2,8.0,5.0,1.11,-1,-1,-1
881,5100.0,159.7,177.0,13.8,4.7,1.11,-1,-1,-1
881,5098.0,112.8,176.7,12.1,4.0,1.11,-1,-1,-1
901,5143.0,165.5,53.8,10.5,4.9,1.11,-1,-1,-1
901,5100.0,153.5,186.6,17.5,4.7,1.11,-1,-1,-1
901,5098.0,90.3,153.2,10.7,4.6,1.11,-1,-1,-1
921,5143.0,166.1,55.4,8.5,3.7,1.11,-1,-1,-1
921,5100.0,164.3,191.2,14.1,4.8,1.11,-1,-1,-1
921,5098.0,76.1,143.2,12.0,5.4,1.11,-1,-1,-1
941,5143.0,166.4,56.6,8.0,4.1,1.11,-1,-1,-1
941,5100.0,186.1,192.3,15.5,4.6,1.11,-1,-1,-1
941,5098.0,83.5,142.1,11.1,5.3,1.11,-1,-1,-1
961,5143.0,161.3,49.9,8.0,4.7,1.11,-1,-1,-1
961,5100.0,218.5,193.2,15.5,4.9,1.11,-1,-1,-1
961,5098.0,112.2,136.9,10.8,4.9,1.11,-1,-1,-1
981,5143.0,157.3,45.5,10.8,5.0,1.11,-1,-1,-1
981,5100.0,257.0,195.7,13.5,4.2,1.11,-1,-1,-1
981,5098.0,148.2,132.2,11.0,5.0,1.11,-1,-1,-1
1001,5143.0,158.0,44.5,7.8,4.7,1.11,-1,-1,-1
1001,5100.0,284.1,191.9,16.8,4.3,1.11,-1,-1,-1
1001,5098.0,186.7,126.6,10.1,4.5,1.11,-1,-1,-1
1021,5143.0,148.5,27.3,9.4,5.0,1.11,-1,-1,-1
1021,5100.0,291.6,179.2,14.8,4.5,1.11,-1,-1,-1
1021,5098.0,221.5,115.6,10.0,4.5,1.11,-1,-1,-1
1041,5143.0,126.8,-1.3,21.0,4.7,1.11,-1,-1,-1
1041,5100.0,296.3,167.9,13.6,4.4,1.11,-1,-1,-1
1041,5098.0,255.0,98.5,8.9,4.6,1.11,-1,-1,-1
1061,5100.0,296.3,160.5,14.1,4.7,1.11,-1,-1,-1
1061,5098.0,287.6,96.1,10.1,4.4,1.11,-1,-1,-1
1081,5100.0,296.9,155.7,13.9,4.9,1.11,-1,-1,-1
1081,5098.0,316.1,117.6,10.3,4.5,1.11,-1,-1,-1
1101,5160.0,344.9,161.1,9.8,3.6,1.11,-1,-1,-1
1101,5100.0,298.0,150.4,13.6,4.8,1.11,-1,-1,-1
1121,5160.0,371.9,190.8,9.0,4.0,1.11,-1,-1,-1
1121,5100.0,298.9,144.8,13.6,4.6,1.11,-1,-1,-1
1141,5162.0,398.0,168.1,9.4,3.4,1.11,-1,-1,-1
1141,5100.0,293.0,143.5,13.7,4.6,1.11,-1,-1,-1
1161,5162.0,422.4,113.1,10.3,4.4,1.11,-1,-1,-1
1161,5100.0,275.6,142.0,14.8,5.0,1.11,-1,-1,-1
1181,5162.0,444.0,59.1,10.5,4.8,1.11,-1,-1,-1
1181,5100.0,249.6,140.5,13.4,4.6,1.11,-1,-1,-1
1201,5162.0,465.0,51.5,10.4,5.7,1.11,-1,-1,-1
1201,5158.0,145.4,11.5,12.8,7.7,1.11,-1,-1,-1
1201,5100.0,217.5,138.3,14.0,4.4,1.11,-1,-1,-1
1221,5162.0,483.3,68.0,9.4,5.1,1.11,-1,-1,-1
1221,5158.0,165.0,44.0,9.5,6.5,1.11,-1,-1,-1
1221,5100.0,184.6,141.9,16.9,4.9,1.11,-1,-1,-1
1241,5162.0,498.4,95.1,12.6,4.5,1.11,-1,-1,-1
1241,5158.0,184.0,80.5,8.3,3.8,1.11,-1,-1,-1
1241,5100.0,164.4,145.2,13.2,4.9,1.11,-1,-1,-1
1261,5162.0,517.2,144.7,10.9,4.0,1.11,-1,-1,-1
1261,5158.0,196.3,99.7,8.1,3.8,1.11,-1,-1,-1
1261,5100.0,159.4,148.3,14.1,5.0,1.11,-1,-1,-1
1281,5163.0,528.3,180.7,10.3,3.6,0.59,-1,-1,-1
1281,5158.0,200.7,103.4,6.7,3.4,1.11,-1,-1,-1
1281,5100.0,163.0,152.3,12.8,4.6,1.11,-1,-1,-1
1301,5163.0,528.8,156.1,12.1,3.9,1.11,-1,-1,-1
1301,5158.0,211.0,103.8,6.7,3.6,1.11,-1,-1,-1
1301,5100.0,169.3,155.2,15.2,4.9,1.11,-1,-1,-1
1321,5163.0,529.2,125.9,10.8,4.7,1.11,-1,-1,-1
1321,5158.0,227.1,104.0,8.1,3.6,1.11,-1,-1,-1
1321,5100.0,181.0,158.8,15.6,4.8,1.11,-1,-1,-1
1341,5163.0,523.0,116.7,11.2,4.3,1.11,-1,-1,-1
1341,5158.0,220.7,104.0,6.4,3.9,1.11,-1,-1,-1
1341,5100.0,196.9,161.2,11.4,4.9,1.11,-1,-1,-1
1361,5163.0,506.6,105.7,11.9,4.3,1.11,-1,-1,-1
1361,5158.0,173.2,102.7,6.8,4.0,1.11,-1,-1,-1
1361,5100.0,208.7,164.9,13.7,5.1,1.11,-1,-1,-1
1381,5163.0,493.2,101.2,12.1,5.8,1.11,-1,-1,-1
1381,5158.0,107.9,99.4,7.0,4.3,1.11,-1,-1,-1
1381,5100.0,222.3,168.6,12.2,4.4,1.11,-1,-1,-1
1401,5163.0,490.0,100.5,11.7,4.6,1.11,-1,-1,-1
1401,5158.0,91.5,99.5,8.4,3.8,1.11,-1,-1,-1
1401,5100.0,233.1,171.0,13.8,4.4,1.11,-1,-1,-1
1421,5163.0,488.6,99.8,11.2,4.6,1.11,-1,-1,-1
1421,5158.0,94.1,100.8,8.5,3.8,1.11,-1,-1,-1
1421,5100.0,245.2,175.0,15.2,4.6,1.11,-1,-1,-1
1441,5163.0,488.2,114.3,10.9,4.5,1.11,-1,-1,-1
1441,5158.0,99.7,101.0,7.8,4.8,1.11,-1,-1,-1
1441,5100.0,264.2,177.0,12.5,4.6,1.11,-1,-1,-1
1461,5164.0,125.4,101.9,8.0,5.1,1.11,-1,-1,-1
1461,5163.0,488.1,139.2,10.7,4.3,1.11,-1,-1,-1
1461,5100.0,286.4,177.5,14.1,4.7,1.11,-1,-1,-1
1481,5164.0,133.9,103.5,7.5,3.6,1.11,-1,-1,-1
1481,5163.0,473.1,139.0,10.7,4.3,1.11,-1,-1,-1
1481,5100.0,308.1,178.6,13.8,4.2,1.11,-1,-1,-1
1501,5164.0,131.6,100.1,10.2,4.3,1.11,-1,-1,-1
1501,5163.0,433.6,130.0,10.2,4.4,1.11,-1,-1,-1
1501,5100.0,329.0,179.4,12.9,4.1,1.11,-1,-1,-1
1521,5164.0,125.3,90.9,9.7,5.1,1.11,-1,-1,-1
1521,5163.0,379.4,113.3,10.6,5.0,1.11,-1,-1,-1
1521,5100.0,348.8,178.7,11.9,4.9,1.11,-1,-1,-1
1541,5169.0,315.6,136.4,9.9,4.2,0.66,-1,-1,-1
1541,5164.0,128.6,90.3,7.9,4.0,1.11,-1,-1,-1
1541,5100.0,360.4,171.4,13.0,4.3,1.11,-1,-1,-1
1561,5169.0,249.1,155.3,9.3,3.9,1.11,-1,-1,-1
1561,5164.0,143.5,91.3,7.7,4.0,1.11,-1,-1,-1
1561,5100.0,359.3,158.7,12.0,4.2,1.11,-1,-1,-1
1581,5169.0,203.3,154.4,11.6,5.4,1.11,-1,-1,-1
1581,5164.0,147.3,91.6,8.7,3.8,1.11,-1,-1,-1
1581,5100.0,347.2,147.7,14.8,4.4,1.11,-1,-1,-1
1601,5169.0,195.0,154.5,11.9,4.2,1.11,-1,-1,-1
1601,5164.0,150.2,77.5,6.1,4.1,1.11,-1,-1,-1
1601,5100.0,332.4,139.2,13.7,4.7,1.11,-1,-1,-1
1621,5169.0,195.9,154.0,10.3,4.2,1.11,-1,-1,-1
1621,5164.0,150.2,72.9,8.2,3.6,1.11,-1,-1,-1
1621,5100.0,315.7,133.2,12.3,5.0,1.11,-1,-1,-1
1641,5169.0,206.8,153.2,10.7,5.1,1.11,-1,-1,-1
1641,5164.0,164.9,74.2,8.6,4.1,1.11,-1,-1,-1
1641,5100.0,290.5,129.8,12.3,5.2,1.11,-1,-1,-1
1661,5169.0,228.1,152.9,10.2,4.6,1.11,-1,-1,-1
1661,5164.0,182.7,75.4,7.7,3.8,1.11,-1,-1,-1
1661,5100.0,254.7,127.9,14.1,4.5,1.11,-1,-1,-1
1681,5169.0,231.7,152.2,10.3,4.0,1.11,-1,-1,-1
1681,5164.0,186.7,76.4,6.7,3.8,1.11,-1,-1,-1
1681,5100.0,214.3,126.5,15.6,4.9,1.11,-1,-1,-1
1701,5169.0,232.8,150.8,10.3,4.5,1.11,-1,-1,-1
1701,5164.0,185.6,74.7,7.8,3.5,1.11,-1,-1,-1
1701,5100.0,172.3,128.4,11.9,4.6,1.11,-1,-1,-1
1721,5169.0,244.3,149.9,9.9,4.6,1.11,-1,-1,-1
1721,5164.0,183.1,68.2,8.1,5.2,1.11,-1,-1,-1
1721,5100.0,128.6,127.6,15.2,4.6,1.11,-1,-1,-1
1741,5169.0,257.5,130.0,10.0,4.3,1.11,-1,-1,-1
1741,5164.0,183.4,76.7,6.5,3.9,1.11,-1,-1,-1
1741,5100.0,99.7,125.9,15.6,5.6,1.11,-1,-1,-1
1761,5169.0,259.1,105.1,10.9,4.7,1.11,-1,-1,-1
1761,5164.0,183.2,87.9,6.7,3.9,1.11,-1,-1,-1
1761,5100.0,90.5,128.0,15.6,5.7,1.11,-1,-1,-1
1781,5169.0,260.9,81.0,10.9,5.2,1.11,-1,-1,-1
1781,5164.0,181.5,97.4,7.8,4.6,1.11,-1,-1,-1
1781,5100.0,93.7,135.5,13.4,5.7,1.11,-1,-1,-1
1801,5169.0,270.9,77.9,10.2,5.4,1.11,-1,-1,-1
1801,5164.0,180.2,100.5,8.1,4.2,1.11,-1,-1,-1
1801,5100.0,107.7,148.6,13.6,6.2,1.11,-1,-1,-1
1821,5169.0,298.2,77.5,10.4,5.3,1.11,-1,-1,-1
1821,5164.0,179.4,100.4,8.5,4.0,1.11,-1,-1,-1
1821,5100.0,131.7,165.5,9.6,4.8,1.11,-1,-1,-1
1841,5169.0,328.8,77.0,11.1,6.1,1.11,-1,-1,-1
1841,5164.0,178.6,100.2,9.3,4.1,1.11,-1,-1,-1
1841,5100.0,151.4,179.4,10.0,4.4,1.11,-1,-1,-1
1861,5169.0,335.8,67.9,10.4,5.1,1.11,-1,-1,-1
1861,5164.0,191.7,99.2,8.9,3.8,1.11,-1,-1,-1
1861,5100.0,171.2,189.0,8.0,4.0,1.11,-1,-1,-1
1881,5169.0,334.4,72.5,10.9,5.3,1.11,-1,-1,-1
1881,5164.0,208.8,98.8,8.3,3.7,1.11,-1,-1,-1
1881,5100.0,186.4,188.5,9.2,3.6,1.11,-1,-1,-1
1901,5169.0,334.1,79.2,10.6,4.7,1.11,-1,-1,-1
1901,5164.0,211.4,97.5,9.0,3.9,1.11,-1,-1,-1
1901,5100.0,203.4,187.9,8.4,3.4,1.11,-1,-1,-1
1921,5169.0,333.9,92.8,11.0,5.1,1.11,-1,-1,-1
1921,5164.0,210.3,91.5,8.5,4.6,1.11,-1,-1,-1
1921,5100.0,220.5,187.4,7.5,3.3,1.11,-1,-1,-1
1941,5169.0,335.1,114.9,8.7,4.4,1.11,-1,-1,-1
1941,5164.0,213.5,89.5,9.5,4.6,1.11,-1,-1,-1
1941,5100.0,234.6,186.8,8.3,3.1,1.11,-1,-1,-1
1961,5169.0,333.3,135.6,10.1,4.6,1.11,-1,-1,-1
1961,5164.0,217.1,89.7,8.9,4.2,1.11,-1,-1,-1
1961,5100.0,248.7,184.8,6.2,3.6,1.11,-1,-1,-1
1981,5169.0,332.7,151.0,10.0,4.2,1.11,-1,-1,-1
1981,5164.0,216.4,90.0,9.8,4.3,1.11,-1,-1,-1
1981,5100.0,261.8,183.4,6.9,3.4,1.11,-1,-1,-1
2001,5169.0,339.3,150.5,10.2,4.8,1.11,-1,-1,-1
2001,5164.0,217.1,89.9,8.1,4.3,1.11,-1,-1,-1
2001,5100.0,275.5,180.8,6.1,3.3,1.11,-1,-1,-1
2021,5169.0,368.6,150.4,8.9,4.7,1.11,-1,-1,-1
2021,5164.0,216.7,90.5,9.1,4.2,1.11,-1,-1,-1
2021,5100.0,287.6,179.2,5.9,3.0,1.11,-1,-1,-1
2041,5169.0,415.1,150.5,8.9,4.2,1.11,-1,-1,-1
2041,5164.0,216.7,90.9,8.4,3.6,1.11,-1,-1,-1
2041,5100.0,299.9,177.5,7.4,3.2,1.11,-1,-1,-1
2061,5169.0,439.9,133.9,8.6,4.3,1.11,-1,-1,-1
2061,5164.0,216.5,89.2,8.0,3.8,1.11,-1,-1,-1
2061,5100.0,315.0,175.8,5.6,2.6,1.11,-1,-1,-1
2081,5169.0,440.6,112.9,10.1,4.4,1.11,-1,-1,-1
2081,5164.0,216.7,87.8,7.0,3.3,1.11,-1,-1,-1
2081,5100.0,327.6,172.3,4.6,3.1,1.11,-1,-1,-1
2101,5169.0,439.5,98.0,10.1,5.2,1.11,-1,-1,-1
2101,5164.0,216.5,85.4,7.7,4.1,1.11,-1,-1,-1
2101,5100.0,338.1,170.1,4.8,2.6,1.11,-1,-1,-1
2121,5169.0,440.5,96.3,10.0,4.2,1.11,-1,-1,-1
2121,5164.0,216.6,82.6,6.8,3.5,1.11,-1,-1,-1
2121,5100.0,347.8,167.2,5.9,3.0,1.11,-1,-1,-1
