1,6171.0,333.8,174.4,9.5,4.0,0.48,-1,-1,-1
1,6170.0,281.3,96.6,8.5,4.4,0.48,-1,-1,-1
1,6169.0,256.3,177.0,37.5,9.2,0.48,-1,-1,-1
21,6171.0,333.9,174.7,9.2,3.9,1.11,-1,-1,-1
21,6170.0,281.4,99.4,8.5,3.8,1.11,-1,-1,-1
21,6169.0,255.6,149.8,36.6,9.8,1.11,-1,-1,-1
41,6171.0,332.7,169.1,9.6,3.7,1.11,-1,-1,-1
41,6170.0,280.6,100.9,7.1,4.5,1.11,-1,-1,-1
41,6169.0,254.8,149.9,32.1,11.5,1.11,-1,-1,-1
61,6180.0,333.1,120.7,8.9,4.4,1.11,-1,-1,-1
61,6170.0,275.7,100.1,8.4,4.4,1.11,-1,-1,-1
61,6169.0,218.3,150.1,33.1,11.7,1.11,-1,-1,-1
81,6180.0,335.7,82.8,10.9,4.4,1.11,-1,-1,-1
81,6170.0,273.6,99.6,8.5,4.5,1.11,-1,-1,-1
81,6169.0,174.4,150.1,33.7,11.6,1.11,-1,-1,-1
101,6180.0,337.6,65.6,11.2,5.0,1.11,-1,-1,-1
101,6170.0,275.2,98.4,10.1,4.3,1.11,-1,-1,-1
101,6169.0,180.6,149.3,29.6,12.8,1.11,-1,-1,-1
121,6180.0,332.1,92.1,16.7,9.1,1.11,-1,-1,-1
121,6170.0,276.3,96.4,10.2,4.5,1.11,-1,-1,-1
121,6169.0,241.5,150.4,29.3,10.2,1.11,-1,-1,-1
141,6180.0,336.1,97.2,16.7,8.0,1.11,-1,-1,-1
141,6170.0,276.5,95.7,8.5,4.1,1.11,-1,-1,-1
141,6169.0,292.9,148.9,31.1,12.3,1.11,-1,-1,-1
161,6180.0,345.6,86.6,16.3,8.6,1.11,-1,-1,-1
161,6170.0,281.4,93.0,9.0,4.6,1.11,-1,-1,-1
161,6169.0,292.3,149.3,31.1,10.6,1.11,-1,-1,-1
181,6180.0,348.7,113.4,10.6,5.4,1.11,-1,-1,-1
181,6170.0,276.8,91.3,9.5,5.5,1.11,-1,-1,-1
181,6169.0,267.4,149.2,26.9,11.5,1.11,-1,-1,-1
201,6180.0,339.6,132.8,9.4,5.0,1.11,-1,-1,-1
201,6170.0,275.6,95.0,8.6,4.7,1.11,-1,-1,-1
201,6169.0,212.3,150.1,28.8,10.3,1.11,-1,-1,-1
221,6180.0,304.2,143.9,9.0,4.2,1.11,-1,-1,-1
221,6170.0,265.5,99.7,8.9,4.3,1.11,-1,-1,-1
221,6169.0,154.0,149.4,40.8,12.0,1.11,-1,-1,-1
241,6180.0,280.7,148.1,9.0,4.3,1.11,-1,-1,-1
241,6170.0,253.4,104.2,7.5,3.9,1.11,-1,-1,-1
241,6169.0,155.8,148.3,34.7,14.1,1.11,-1,-1,-1
261,6180.0,290.4,150.8,8.8,4.1,1.11,-1,-1,-1
261,6170.0,256.1,108.6,6.6,4.6,1.11,-1,-1,-1
261,6169.0,223.4,149.4,26.5,12.5,1.11,-1,-1,-1
281,6180.0,303.8,151.6,7.8,3.9,1.11,-1,-1,-1
281,6170.0,276.9,118.4,7.3,3.8,1.11,-1,-1,-1
281,6169.0,241.7,140.2,36.4,10.1,1.11,-1,-1,-1
301,6180.0,282.1,151.3,9.2,3.8,1.11,-1,-1,-1
301,6170.0,298.4,125.1,6.5,3.8,1.11,-1,-1,-1
301,6169.0,244.0,107.3,30.1,10.9,1.11,-1,-1,-1
321,6180.0,266.8,150.5,8.7,4.1,1.11,-1,-1,-1
321,6170.0,305.5,130.1,6.9,4.5,1.11,-1,-1,-1
321,6169.0,243.3,97.3,31.5,12.0,1.11,-1,-1,-1
341,6180.0,280.0,150.5,8.9,3.9,1.11,-1,-1,-1
341,6170.0,304.0,140.4,4.7,3.4,1.11,-1,-1,-1
341,6169.0,241.5,151.2,32.6,9.3,1.11,-1,-1,-1
361,6185.0,294.9,173.6,8.3,4.6,0.9,-1,-1,-1
361,6170.0,290.7,146.6,5.5,3.7,1.11,-1,-1,-1
361,6169.0,244.1,144.5,29.0,9.8,1.11,-1,-1,-1
381,6185.0,298.5,173.3,9.2,4.1,1.11,-1,-1,-1
381,6170.0,292.0,147.1,5.7,3.1,1.11,-1,-1,-1
381,6169.0,246.4,89.6,26.1,11.9,1.11,-1,-1,-1
401,6185.0,319.7,167.1,8.9,4.2,1.11,-1,-1,-1
401,6170.0,296.7,145.6,5.3,4.0,1.11,-1,-1,-1
401,6169.0,246.3,86.0,27.1,13.5,1.11,-1,-1,-1
421,6185.0,360.3,163.3,10.2,4.3,1.11,-1,-1,-1
421,6170.0,287.6,144.4,5.6,3.3,1.11,-1,-1,-1
421,6169.0,286.1,84.3,32.6,16.3,1.11,-1,-1,-1
441,6187.0,260.0,139.0,5.2,3.2,1.11,-1,-1,-1
441,6185.0,366.1,160.9,10.2,4.9,1.11,-1,-1,-1
441,6169.0,380.8,83.2,33.9,18.1,1.11,-1,-1,-1
461,6187.0,230.4,125.3,5.0,4.1,1.11,-1,-1,-1
461,6185.0,334.6,160.0,9.5,4.2,1.11,-1,-1,-1
461,6169.0,409.3,86.1,32.2,12.8,1.11,-1,-1,-1
481,6187.0,214.1,116.4,8.3,5.1,1.11,-1,-1,-1
481,6185.0,280.4,159.2,11.0,4.3,1.11,-1,-1,-1
481,6169.0,398.2,86.1,34.1,13.0,1.11,-1,-1,-1
501,6187.0,198.0,114.7,7.3,3.7,1.11,-1,-1,-1
501,6185.0,260.4,157.8,10.4,4.7,1.11,-1,-1,-1
501,6169.0,351.8,86.1,30.1,13.9,1.11,-1,-1,-1
521,6187.0,170.1,107.9,6.6,4.1,1.11,-1,-1,-1
521,6185.0,282.8,158.1,8.8,4.6,1.11,-1,-1,-1
521,6169.0,274.5,87.2,27.8,13.4,1.11,-1,-1,-1
541,6187.0,146.8,93.9,9.0,5.8,1.11,-1,-1,-1
541,6185.0,321.2,158.9,9.8,4.6,1.11,-1,-1,-1
541,6169.0,175.4,88.6,31.9,12.4,1.11,-1,-1,-1
561,6185.0,322.4,157.6,10.2,5.1,1.11,-1,-1,-1
561,6169.0,130.0,88.6,39.2,12.8,1.11,-1,-1,-1
581,6185.0,288.7,157.2,8.7,4.3,1.11,-1,-1,-1
581,6169.0,148.3,87.7,39.5,14.2,1.11,-1,-1,-1
601,6190.0,193.4,120.3,6.8,4.3,1.11,-1,-1,-1
601,6185.0,271.1,155.7,9.3,3.9,1.11,-1,-1,-1
601,6169.0,176.8,59.5,31.5,13.0,1.11,-1,-1,-1
621,6192.0,270.2,121.2,9.2,4.7,1.11,-1,-1,-1
621,6190.0,238.2,136.7,7.7,3.6,1.11,-1,-1,-1
621,6169.0,181.3,80.3,29.3,12.6,1.11,-1,-1,-1
641,6192.0,286.0,111.3,8.5,4.3,1.11,-1,-1,-1
641,6190.0,265.4,145.8,6.2,3.6,1.11,-1,-1,-1
641,6169.0,173.2,126.5,37.7,10.5,1.11,-1,-1,-1
661,6192.0,326.7,124.4,8.2,4.9,1.11,-1,-1,-1
661,6190.0,283.5,146.5,6.4,3.6,1.11,-1,-1,-1
661,6169.0,177.2,99.7,29.1,12.1,1.11,-1,-1,-1
681,6192.0,346.2,144.5,9.1,4.3,1.11,-1,-1,-1
681,6190.0,300.4,145.5,9.0,4.5,1.11,-1,-1,-1
681,6169.0,172.7,100.2,37.2,13.8,1.11,-1,-1,-1
701,6193.0,299.7,145.0,6.6,3.3,1.11,-1,-1,-1
701,6192.0,324.8,144.7,10.8,4.5,1.11,-1,-1,-1
701,6169.0,186.4,108.5,28.9,13.4,1.11,-1,-1,-1
721,6194.0,274.7,144.1,13.7,5.8,1.11,-1,-1,-1
721,6169.0,198.7,124.2,31.9,10.9,1.11,-1,-1,-1
741,6197.0,239.1,120.6,8.5,3.8,1.11,-1,-1,-1
741,6192.0,265.6,149.4,5.5,3.2,1.11,-1,-1,-1
741,6169.0,218.4,140.6,24.7,8.3,1.11,-1,-1,-1
761,6197.0,246.9,88.1,8.7,5.5,1.11,-1,-1,-1
761,6192.0,253.8,154.5,6.2,3.3,1.11,-1,-1,-1
761,6169.0,226.3,143.8,23.3,6.9,1.11,-1,-1,-1
781,6197.0,281.6,88.6,9.8,5.1,1.11,-1,-1,-1
781,6192.0,243.0,152.6,6.6,3.3,1.11,-1,-1,-1
781,6169.0,223.9,118.4,27.2,8.1,1.11,-1,-1,-1
801,6197.0,336.5,91.5,8.8,4.6,1.11,-1,-1,-1
801,6192.0,235.2,148.9,4.9,3.1,1.11,-1,-1,-1
801,6169.0,226.5,95.9,23.3,9.0,1.11,-1,-1,-1
821,6197.0,354.1,91.5,11.2,5.3,1.11,-1,-1,-1
821,6192.0,219.8,139.3,5.8,3.6,1.11,-1,-1,-1
821,6169.0,224.6,76.7,26.4,9.4,1.11,-1,-1,-1
841,6197.0,342.5,93.1,7.8,5.2,1.11,-1,-1,-1
841,6192.0,198.4,123.3,7.6,4.6,1.11,-1,-1,-1
841,6169.0,228.4,61.2,21.3,9.9,1.11,-1,-1,-1
861,6197.0,313.9,94.3,8.9,4.8,1.11,-1,-1,-1
861,6192.0,193.4,119.8,5.0,3.6,1.11,-1,-1,-1
861,6169.0,226.6,52.7,23.1,10.0,1.11,-1,-1,-1
881,6197.0,294.3,94.7,12.0,7.4,1.11,-1,-1,-1
881,6192.0,194.6,119.3,5.7,4.1,1.11,-1,-1,-1
881,6169.0,225.8,76.1,22.0,9.6,1.11,-1,-1,-1
901,6197.0,290.8,87.4,12.6,7.0,1.11,-1,-1,-1
901,6192.0,183.3,118.1,5.6,3.6,1.11,-1,-1,-1
901,6169.0,221.2,121.1,24.9,8.9,1.11,-1,-1,-1
921,6197.0,321.0,58.7,13.0,8.0,1.11,-1,-1,-1
921,6192.0,166.2,113.0,6.2,4.1,1.11,-1,-1,-1
921,6169.0,222.5,140.1,23.7,7.8,1.11,-1,-1,-1
941,6197.0,348.9,70.7,10.5,7.4,1.11,-1,-1,-1
941,6192.0,145.7,101.4,5.7,4.1,1.11,-1,-1,-1
941,6169.0,217.0,139.5,24.3,8.2,1.11,-1,-1,-1
961,6197.0,347.5,95.3,11.8,5.6,1.11,-1,-1,-1
961,6192.0,117.5,79.6,9.6,6.0,1.11,-1,-1,-1
961,6169.0,184.3,140.3,25.6,8.4,1.11,-1,-1,-1
981,6197.0,322.9,119.1,9.0,4.9,1.11,-1,-1,-1
981,6192.0,109.8,76.7,9.9,5.6,1.11,-1,-1,-1
981,6169.0,149.0,140.1,21.8,9.1,1.11,-1,-1,-1
1001,6197.0,292.8,142.4,7.6,3.6,1.11,-1,-1,-1
1001,6192.0,126.6,87.6,7.5,3.9,1.11,-1,-1,-1
1001,6169.0,155.3,138.7,28.7,11.2,1.11,-1,-1,-1
1021,6197.0,273.4,173.2,8.2,3.6,1.11,-1,-1,-1
1021,6192.0,145.2,95.8,6.2,3.5,1.11,-1,-1,-1
1021,6169.0,228.1,139.2,24.2,10.7,1.11,-1,-1,-1
1041,6197.0,265.0,193.1,7.1,3.3,1.11,-1,-1,-1
1041,6192.0,156.4,99.0,6.8,3.7,1.11,-1,-1,-1
1041,6169.0,330.3,137.3,22.0,13.1,1.11,-1,-1,-1
1061,6192.0,185.7,100.7,5.9,3.6,1.11,-1,-1,-1
1061,6169.0,370.2,138.7,22.7,8.3,1.11,-1,-1,-1
1081,6197.0,268.5,201.0,6.2,3.1,1.11,-1,-1,-1
1081,6192.0,231.8,102.1,6.0,4.1,1.11,-1,-1,-1
1081,6169.0,382.5,138.5,24.6,7.9,1.11,-1,-1,-1
1101,6197.0,270.0,200.9,5.9,3.2,1.11,-1,-1,-1
1101,6192.0,296.0,102.4,4.6,3.9,1.11,-1,-1,-1
1101,6169.0,378.6,137.9,22.1,9.1,1.11,-1,-1,-1
1121,6192.0,335.8,101.9,7.4,4.3,1.11,-1,-1,-1
1121,6169.0,346.9,138.3,23.0,9.0,1.11,-1,-1,-1
1141,6197.0,270.4,187.6,5.3,3.5,1.11,-1,-1,-1
1141,6192.0,358.1,101.4,6.3,4.4,1.11,-1,-1,-1
1141,6169.0,291.3,138.7,22.9,8.7,1.11,-1,-1,-1
1161,6197.0,267.9,175.8,7.1,3.5,1.11,-1,-1,-1
1161,6192.0,382.0,101.2,6.4,4.2,1.11,-1,-1,-1
1161,6169.0,220.0,138.1,22.7,9.9,1.11,-1,-1,-1
1181,6197.0,266.8,177.8,6.5,3.3,1.11,-1,-1,-1
1181,6192.0,404.7,99.2,7.5,3.9,1.11,-1,-1,-1
1181,6169.0,190.7,138.8,23.6,8.9,1.11,-1,-1,-1
1201,6197.0,265.8,174.1,5.0,3.3,1.11,-1,-1,-1
1201,6192.0,406.5,92.2,7.4,4.1,1.11,-1,-1,-1
1201,6169.0,207.1,139.4,28.5,8.5,1.11,-1,-1,-1
1221,6197.0,260.8,169.9,9.1,4.3,1.11,-1,-1,-1
1221,6192.0,404.1,74.5,8.6,4.2,1.11,-1,-1,-1
1221,6169.0,233.6,132.5,22.7,8.2,1.11,-1,-1,-1
1241,6197.0,263.5,174.5,7.9,4.2,1.11,-1,-1,-1
1241,6192.0,403.3,49.0,10.9,6.9,1.11,-1,-1,-1
1241,6169.0,232.3,109.3,22.6,8.8,1.11,-1,-1,-1
1261,6197.0,298.3,160.4,14.0,5.1,1.11,-1,-1,-1
1261,6192.0,397.5,45.9,11.1,6.5,1.11,-1,-1,-1
1261,6169.0,227.6,140.7,26.3,8.1,1.11,-1,-1,-1
1281,6197.0,333.1,153.6,10.6,5.5,1.11,-1,-1,-1
1281,6192.0,386.1,51.0,7.2,4.4,1.11,-1,-1,-1
1281,6169.0,229.8,167.6,23.6,7.1,1.11,-1,-1,-1
1301,6197.0,336.2,152.5,9.9,4.0,1.11,-1,-1,-1
1301,6192.0,341.4,54.7,9.4,4.9,1.11,-1,-1,-1
1301,6169.0,228.9,151.8,24.7,8.3,1.11,-1,-1,-1
1321,6197.0,314.3,152.2,9.8,4.7,1.11,-1,-1,-1
1321,6192.0,289.3,57.0,10.0,6.2,1.11,-1,-1,-1
1321,6169.0,230.0,154.1,27.6,9.3,1.11,-1,-1,-1
1341,6197.0,265.9,151.6,8.7,4.1,1.11,-1,-1,-1
1341,6192.0,265.5,69.4,9.6,5.9,1.11,-1,-1,-1
1341,6169.0,240.5,161.5,22.0,7.8,1.11,-1,-1,-1
1361,6197.0,243.9,152.5,8.7,3.9,1.11,-1,-1,-1
1361,6192.0,261.3,90.2,8.6,4.8,1.11,-1,-1,-1
1361,6169.0,248.6,166.0,18.3,5.8,1.11,-1,-1,-1
1381,6206.0,269.3,128.6,8.5,4.0,1.11,-1,-1,-1
1381,6192.0,271.9,112.7,5.2,3.1,1.11,-1,-1,-1
1381,6169.0,247.1,150.1,20.6,6.8,1.11,-1,-1,-1
1401,6206.0,302.2,86.9,9.8,4.6,1.11,-1,-1,-1
1401,6169.0,247.4,125.6,22.1,7.8,1.11,-1,-1,-1
1421,6208.0,308.8,88.7,10.4,4.8,0.66,-1,-1,-1
1421,6207.0,294.7,128.8,5.8,3.4,1.11,-1,-1,-1
1421,6169.0,248.4,95.4,23.5,7.6,1.11,-1,-1,-1
1441,6209.0,283.0,128.3,7.8,3.4,0.81,-1,-1,-1
1441,6208.0,307.8,141.1,7.6,4.3,1.11,-1,-1,-1
1441,6169.0,249.3,88.2,21.8,7.9,1.11,-1,-1,-1
1461,6213.0,294.8,183.9,9.1,4.0,1.11,-1,-1,-1
1461,6210.0,249.4,140.6,19.4,7.2,1.11,-1,-1,-1
1461,6209.0,265.9,125.8,6.2,3.4,1.11,-1,-1,-1
1481,6215.0,241.0,122.8,5.6,3.2,1.11,-1,-1,-1
1481,6213.0,289.9,186.1,10.3,5.1,1.11,-1,-1,-1
1481,6210.0,249.1,184.8,19.3,6.1,1.11,-1,-1,-1
1501,6215.0,226.1,116.4,5.0,3.2,1.11,-1,-1,-1
1501,6210.0,247.1,185.6,19.4,6.2,1.11,-1,-1,-1
1521,6216.0,243.3,195.8,7.0,3.2,1.11,-1,-1,-1
1521,6215.0,209.6,103.0,5.0,3.5,1.11,-1,-1,-1
1521,6210.0,246.4,171.8,20.3,6.1,1.11,-1,-1,-1
1541,6217.0,252.4,193.1,7.9,3.0,0.53,-1,-1,-1
1541,6215.0,194.2,88.5,8.8,5.0,1.11,-1,-1,-1
1541,6210.0,241.8,171.7,18.6,7.2,1.11,-1,-1,-1
1561,6218.0,295.9,161.3,7.1,4.0,1.11,-1,-1,-1
1561,6215.0,185.7,81.2,5.5,4.0,1.11,-1,-1,-1
1561,6210.0,199.1,171.6,20.8,7.0,1.11,-1,-1,-1
1581,6221.0,323.2,152.9,7.9,4.6,0.9,-1,-1,-1
1581,6215.0,169.1,61.3,6.9,5.9,1.11,-1,-1,-1
1581,6210.0,130.3,171.6,23.2,6.8,1.11,-1,-1,-1
1601,6221.0,315.9,152.0,7.9,4.2,1.11,-1,-1,-1
1601,6215.0,161.5,56.9,8.6,4.7,1.11,-1,-1,-1
1601,6210.0,74.5,169.9,22.3,9.3,1.11,-1,-1,-1
1621,6221.0,289.8,151.0,8.2,4.1,1.11,-1,-1,-1
1621,6215.0,174.6,58.9,8.9,3.8,1.11,-1,-1,-1
1621,6210.0,86.7,170.0,23.3,9.3,1.11,-1,-1,-1
1641,6221.0,290.8,150.8,8.8,4.4,1.11,-1,-1,-1
1641,6215.0,183.3,60.3,7.6,3.9,1.11,-1,-1,-1
1641,6210.0,152.0,170.5,23.7,9.0,1.11,-1,-1,-1
1661,6221.0,313.7,145.0,9.1,4.6,1.11,-1,-1,-1
1661,6215.0,180.7,57.2,6.3,4.5,1.11,-1,-1,-1
1661,6210.0,267.9,170.9,21.9,7.9,1.11,-1,-1,-1
1681,6221.0,336.7,131.9,8.4,4.4,1.11,-1,-1,-1
1681,6215.0,164.1,39.8,5.6,4.0,1.11,-1,-1,-1
1681,6210.0,361.2,170.8,21.6,8.9,1.11,-1,-1,-1
1701,6222.0,140.6,13.7,10.0,8.2,1.11,-1,-1,-1
1701,6221.0,332.8,107.7,10.3,5.3,1.11,-1,-1,-1
1701,6210.0,380.0,169.5,20.5,8.8,1.11,-1,-1,-1
1721,6223.0,130.8,34.3,10.1,4.8,1.11,-1,-1,-1
1721,6221.0,289.6,75.3,14.2,7.8,1.11,-1,-1,-1
1721,6210.0,358.3,169.3,22.0,8.7,1.11,-1,-1,-1
1741,6223.0,133.6,43.0,8.6,6.1,1.11,-1,-1,-1
1741,6221.0,271.3,54.4,13.6,8.1,1.11,-1,-1,-1
1741,6210.0,299.9,169.3,18.2,7.6,1.11,-1,-1,-1
1761,6223.0,163.6,57.7,11.2,6.3,1.11,-1,-1,-1
1761,6221.0,289.0,56.5,13.4,9.4,1.11,-1,-1,-1
1761,6210.0,234.6,168.7,21.3,9.3,1.11,-1,-1,-1
1781,6223.0,188.3,78.3,8.7,4.3,1.11,-1,-1,-1
1781,6221.0,313.6,76.0,10.2,4.8,1.11,-1,-1,-1
1781,6210.0,217.5,161.8,22.0,6.7,1.11,-1,-1,-1
1801,6223.0,195.5,94.5,6.6,4.1,1.11,-1,-1,-1
1801,6221.0,316.2,80.0,10.3,5.1,1.11,-1,-1,-1
1801,6210.0,223.2,142.0,17.7,7.0,1.11,-1,-1,-1
1821,6223.0,215.4,105.9,6.1,3.6,1.11,-1,-1,-1
1821,6221.0,312.8,87.7,11.8,6.7,1.11,-1,-1,-1
1821,6210.0,222.2,120.3,21.5,7.4,1.11,-1,-1,-1
1841,6221.0,309.2,129.6,11.3,6.5,1.11,-1,-1,-1
1841,6210.0,222.1,100.2,21.9,8.4,1.11,-1,-1,-1
1861,6229.0,307.4,178.3,8.7,3.9,0.59,-1,-1,-1
1861,6228.0,232.4,106.7,5.7,3.3,1.11,-1,-1,-1
1861,6210.0,223.9,82.0,20.5,8.4,1.11,-1,-1,-1
1881,6230.0,304.1,165.2,7.3,4.4,0.73,-1,-1,-1
1881,6210.0,224.5,101.0,20.3,8.8,1.11,-1,-1,-1
1901,6232.0,229.4,103.9,7.0,3.6,1.11,-1,-1,-1
1901,6230.0,302.8,118.8,8.0,3.7,1.11,-1,-1,-1
1901,6210.0,223.1,149.0,19.2,6.8,1.11,-1,-1,-1
1921,6233.0,285.7,100.9,9.1,5.1,1.11,-1,-1,-1
1921,6232.0,222.1,100.4,7.1,3.9,1.11,-1,-1,-1
1921,6210.0,219.4,171.6,21.6,6.3,1.11,-1,-1,-1
1941,6233.0,251.5,91.2,8.9,4.3,1.11,-1,-1,-1
1941,6232.0,212.0,91.6,8.4,5.7,1.11,-1,-1,-1
1941,6210.0,217.2,208.2,20.8,5.6,1.11,-1,-1,-1
1961,6233.0,224.9,79.9,9.2,5.2,1.11,-1,-1,-1
1961,6232.0,203.9,96.7,7.2,3.6,1.11,-1,-1,-1
1961,6210.0,217.3,206.6,19.3,5.6,1.11,-1,-1,-1
1981,6237.0,210.7,186.9,29.5,8.1,1.11,-1,-1,-1
1981,6236.0,221.2,105.3,9.1,5.5,1.11,-1,-1,-1
1981,6232.0,205.9,99.0,6.6,3.8,1.11,-1,-1,-1
1981,6210.0,214.6,186.8,24.1,7.1,1.11,-1,-1,-1
2001,6236.0,265.3,100.0,10.0,5.5,1.11,-1,-1,-1
2001,6210.0,220.1,173.3,18.2,6.2,1.11,-1,-1,-1
2021,6236.0,344.4,113.9,11.2,7.1,1.11,-1,-1,-1
2021,6232.0,227.7,107.3,7.6,3.7,1.11,-1,-1,-1
2021,6210.0,219.5,171.2,19.5,6.5,1.11,-1,-1,-1
2041,6236.0,379.2,133.3,12.8,5.9,1.11,-1,-1,-1
2041,6232.0,225.2,122.5,6.7,3.6,1.11,-1,-1,-1
2041,6210.0,218.0,207.9,19.5,6.0,1.11,-1,-1,-1
2061,6236.0,356.7,131.1,12.0,6.2,1.11,-1,-1,-1
2061,6232.0,222.4,129.5,8.6,4.6,1.11,-1,-1,-1
2061,6210.0,216.5,201.7,21.5,5.9,1.11,-1,-1,-1
2081,6240.0,219.8,181.3,20.0,5.5,1.11,-1,-1,-1
2081,6236.0,296.2,130.8,11.8,5.1,1.11,-1,-1,-1
2081,6232.0,233.7,132.5,5.3,3.8,1.11,-1,-1,-1
2101,6240.0,220.1,170.4,19.4,6.1,1.11,-1,-1,-1
2101,6236.0,252.6,134.1,11.9,5.1,1.11,-1,-1,-1
2121,6240.0,229.4,169.1,20.3,9.1,1.11,-1,-1,-1
2121,6236.0,259.4,132.3,13.1,6.3,1.11,-1,-1,-1
