1,8080.0,112.8,136.9,13.9,5.0,0.48,-1,-1,-1
1,8079.0,123.8,41.4,24.5,9.1,0.48,-1,-1,-1
21,8080.0,155.9,139.8,17.1,5.0,1.11,-1,-1,-1
21,8079.0,120.6,40.7,28.7,9.6,1.11,-1,-1,-1
41,8080.0,206.9,159.9,14.4,5.2,1.11,-1,-1,-1
41,8079.0,116.8,40.9,27.3,8.6,1.11,-1,-1,-1
61,8080.0,218.0,177.8,12.3,4.4,1.11,-1,-1,-1
61,8079.0,128.6,41.4,22.6,8.8,1.11,-1,-1,-1
81,8080.0,242.2,178.8,12.0,4.6,1.11,-1,-1,-1
81,8079.0,161.2,39.8,25.6,8.4,1.11,-1,-1,-1
101,8079.0,163.7,28.8,22.4,7.5,1.11,-1,-1,-1
121,8081.0,103.4,204.7,32.5,9.4,1.11,-1,-1,-1
121,8079.0,154.9,5.8,24.6,7.6,1.11,-1,-1,-1
141,8081.0,103.1,205.2,32.5,8.9,1.11,-1,-1,-1
161,8086.0,318.8,183.4,8.5,3.2,0.53,-1,-1,-1
161,8081.0,103.3,204.8,32.4,9.5,1.11,-1,-1,-1
181,8087.0,128.2,27.0,26.9,9.5,1.11,-1,-1,-1
181,8086.0,286.1,181.7,11.2,4.1,1.11,-1,-1,-1
201,8087.0,128.2,45.8,30.5,9.1,1.11,-1,-1,-1
201,8086.0,283.9,181.6,11.9,4.0,1.11,-1,-1,-1
201,8081.0,102.7,204.5,34.6,9.8,1.11,-1,-1,-1
221,8087.0,129.3,55.2,31.1,8.3,1.11,-1,-1,-1
221,8086.0,266.9,181.4,11.1,3.4,1.11,-1,-1,-1
241,8087.0,129.4,103.1,31.2,8.0,1.11,-1,-1,-1
241,8086.0,232.3,179.0,13.7,4.3,1.11,-1,-1,-1
261,8087.0,153.7,127.0,35.0,7.8,1.11,-1,-1,-1
261,8086.0,199.0,177.8,14.9,4.9,1.11,-1,-1,-1
281,8087.0,229.4,125.8,25.3,8.4,1.11,-1,-1,-1
281,8086.0,170.3,178.0,11.9,4.2,1.11,-1,-1,-1
301,8087.0,251.9,137.4,24.4,7.6,1.11,-1,-1,-1
301,8086.0,144.1,177.2,11.6,4.2,1.11,-1,-1,-1
321,8087.0,242.3,139.7,28.3,8.3,1.11,-1,-1,-1
321,8086.0,116.7,176.6,12.0,4.5,1.11,-1,-1,-1
341,8087.0,231.9,136.7,32.2,8.7,1.11,-1,-1,-1
341,8086.0,88.9,175.3,13.3,4.3,1.11,-1,-1,-1
361,8087.0,215.6,122.4,30.2,9.9,1.11,-1,-1,-1
361,8086.0,66.6,174.7,12.8,3.8,1.11,-1,-1,-1
381,8087.0,163.2,97.8,33.4,10.7,1.11,-1,-1,-1
381,8086.0,68.1,167.6,12.1,4.0,1.11,-1,-1,-1
401,8088.0,71.2,135.8,16.3,4.7,1.11,-1,-1,-1
401,8087.0,70.2,57.5,50.9,13.6,1.11,-1,-1,-1
401,8081.0,103.3,204.7,34.6,9.4,1.11,-1,-1,-1
421,8088.0,64.3,119.7,12.3,5.2,1.11,-1,-1,-1
421,8087.0,42.2,2.5,53.6,19.9,1.11,-1,-1,-1
421,8081.0,104.6,204.8,33.4,9.2,1.11,-1,-1,-1
441,8088.0,17.4,96.7,14.2,5.1,1.11,-1,-1,-1
461,8090.0,105.2,3.7,73.7,21.1,1.11,-1,-1,-1
481,8090.0,131.3,26.8,52.0,18.6,1.11,-1,-1,-1
501,8091.0,19.0,74.6,16.3,5.2,1.11,-1,-1,-1
501,8090.0,124.7,38.1,52.7,18.0,1.11,-1,-1,-1
501,8081.0,104.8,204.9,32.5,8.6,1.11,-1,-1,-1
521,8091.0,82.1,79.7,13.0,4.9,1.11,-1,-1,-1
521,8090.0,99.8,43.2,63.3,16.1,1.11,-1,-1,-1
541,8091.0,144.0,84.1,12.5,4.9,1.11,-1,-1,-1
541,8090.0,146.6,45.5,46.1,17.4,1.11,-1,-1,-1
561,8091.0,197.3,88.9,11.7,5.2,1.11,-1,-1,-1
561,8090.0,111.6,48.0,59.5,14.4,1.11,-1,-1,-1
581,8091.0,244.4,92.9,10.8,4.5,1.11,-1,-1,-1
581,8090.0,118.3,61.8,56.4,13.7,1.11,-1,-1,-1
601,8091.0,293.6,96.9,10.5,4.9,1.11,-1,-1,-1
601,8090.0,192.5,70.9,50.6,14.0,1.11,-1,-1,-1
621,8091.0,324.8,92.8,11.4,4.5,1.11,-1,-1,-1
621,8090.0,251.4,75.1,43.8,19.9,1.11,-1,-1,-1
641,8091.0,328.1,68.2,10.8,4.4,1.11,-1,-1,-1
641,8090.0,86.3,97.0,47.1,15.6,1.11,-1,-1,-1
661,8091.0,313.3,62.0,10.4,4.4,1.11,-1,-1,-1
661,8090.0,37.1,141.3,37.2,10.7,1.11,-1,-1,-1
681,8091.0,266.2,57.3,12.3,5.2,1.11,-1,-1,-1
681,8090.0,101.2,154.7,52.9,13.8,1.11,-1,-1,-1
701,8091.0,203.5,50.5,11.9,5.1,1.11,-1,-1,-1
701,8090.0,358.3,152.7,31.4,13.7,1.11,-1,-1,-1
721,8091.0,135.4,44.5,13.0,4.9,1.11,-1,-1,-1
721,8090.0,404.1,157.3,36.0,9.1,1.11,-1,-1,-1
741,8091.0,66.1,35.5,12.8,6.5,1.11,-1,-1,-1
741,8090.0,333.3,159.0,39.9,8.4,1.11,-1,-1,-1
761,8091.0,57.2,9.3,13.3,5.7,1.11,-1,-1,-1
761,8090.0,249.1,161.0,34.8,9.7,1.11,-1,-1,-1
781,8091.0,19.6,5.6,12.7,5.6,1.11,-1,-1,-1
781,8090.0,221.9,163.7,40.5,10.0,1.11,-1,-1,-1
801,8090.0,189.0,167.1,42.2,9.2,1.11,-1,-1,-1
821,8090.0,109.8,167.2,40.5,9.3,1.11,-1,-1,-1
841,8090.0,16.7,166.4,36.5,10.0,1.11,-1,-1,-1
861,8090.0,13.8,155.6,38.6,12.2,1.11,-1,-1,-1
881,8097.0,104.6,136.6,39.0,9.7,1.11,-1,-1,-1
901,8097.0,246.4,125.5,30.1,8.6,1.11,-1,-1,-1
921,8097.0,381.2,157.3,31.9,8.4,1.11,-1,-1,-1
941,8097.0,444.3,165.6,33.7,11.0,1.11,-1,-1,-1
961,8097.0,294.3,163.8,32.4,8.7,1.11,-1,-1,-1
981,8099.0,187.2,15.1,17.6,7.0,1.11,-1,-1,-1
981,8097.0,68.6,163.8,33.6,10.2,1.11,-1,-1,-1
1001,8099.0,184.5,42.1,12.9,6.0,1.11,-1,-1,-1
1021,8099.0,182.0,66.5,10.3,4.9,1.11,-1,-1,-1
1041,8099.0,182.9,107.6,9.0,4.3,1.11,-1,-1,-1
1061,8099.0,180.5,133.4,10.2,4.3,1.11,-1,-1,-1
1081,8099.0,193.7,136.7,12.5,5.4,1.11,-1,-1,-1
1101,8099.0,255.0,140.5,9.1,4.3,1.11,-1,-1,-1
1121,8101.0,0.2,94.2,49.6,20.8,0.66,-1,-1,-1
1121,8099.0,304.0,144.5,10.8,3.7,1.11,-1,-1,-1
1141,8101.0,77.7,67.5,81.1,25.9,1.11,-1,-1,-1
1141,8099.0,296.6,143.6,9.9,4.0,1.11,-1,-1,-1
1161,8101.0,121.2,66.9,84.3,25.3,1.11,-1,-1,-1
1161,8099.0,239.1,139.1,10.0,4.3,1.11,-1,-1,-1
1181,8101.0,114.9,102.6,86.1,20.5,1.11,-1,-1,-1
1181,8099.0,150.0,135.4,10.5,4.5,1.11,-1,-1,-1
1201,8101.0,110.8,127.9,80.3,18.9,1.11,-1,-1,-1
1201,8099.0,49.0,131.3,12.2,4.6,1.11,-1,-1,-1
1221,8101.0,114.0,158.8,83.8,17.9,1.11,-1,-1,-1
1241,8109.0,39.9,170.9,13.6,4.3,0.53,-1,-1,-1
1241,8101.0,210.6,163.6,72.3,19.8,1.11,-1,-1,-1
1261,8109.0,130.4,173.0,11.0,3.9,1.11,-1,-1,-1
1261,8101.0,363.8,161.7,71.0,21.8,1.11,-1,-1,-1
1281,8109.0,232.8,184.4,9.5,3.7,1.11,-1,-1,-1
1281,8101.0,397.6,164.6,66.7,19.9,1.11,-1,-1,-1
1301,8112.0,280.0,203.4,10.3,4.1,0.9,-1,-1,-1
1301,8101.0,388.7,174.9,57.1,17.2,1.11,-1,-1,-1
1321,8112.0,257.2,202.6,9.9,3.6,1.11,-1,-1,-1
1321,8104.0,102.8,204.9,33.0,9.2,1.11,-1,-1,-1
1321,8101.0,319.9,181.3,48.6,11.9,1.11,-1,-1,-1
1341,8113.0,186.4,184.3,53.1,13.1,1.11,-1,-1,-1
1341,8104.0,103.1,203.7,33.2,10.6,1.11,-1,-1,-1
1361,8113.0,136.8,187.7,56.6,15.0,1.11,-1,-1,-1
1361,8104.0,101.3,203.7,36.5,11.3,1.11,-1,-1,-1
1381,8118.0,136.0,198.2,52.5,13.2,1.11,-1,-1,-1
1401,8118.0,190.3,210.2,27.5,8.1,1.11,-1,-1,-1
1421,8118.0,239.3,219.1,19.5,5.6,1.11,-1,-1,-1
1441,8120.0,53.4,117.3,10.7,4.4,1.11,-1,-1,-1
1441,8118.0,302.4,224.2,20.5,5.5,1.11,-1,-1,-1
1461,8120.0,130.4,111.5,13.1,5.1,1.11,-1,-1,-1
1461,8118.0,327.2,225.7,16.8,5.6,1.11,-1,-1,-1
1481,8120.0,215.7,117.8,9.3,4.2,1.11,-1,-1,-1
1481,8118.0,338.7,223.3,16.9,6.4,1.11,-1,-1,-1
1501,8120.0,286.1,121.8,11.2,4.7,1.11,-1,-1,-1
1501,8118.0,310.1,217.2,25.9,7.4,1.11,-1,-1,-1
1521,8121.0,128.2,203.5,45.1,11.5,1.11,-1,-1,-1
1521,8120.0,316.2,123.7,11.1,3.8,1.11,-1,-1,-1
1541,8120.0,324.7,123.6,10.0,3.9,1.11,-1,-1,-1
1561,8120.0,322.3,109.1,11.1,4.2,1.11,-1,-1,-1
1581,8120.0,321.1,95.6,11.2,4.2,1.11,-1,-1,-1
1601,8120.0,300.8,94.5,10.2,4.3,1.11,-1,-1,-1
1621,8123.0,1.5,168.8,61.3,21.3,0.66,-1,-1,-1
1621,8120.0,263.1,91.3,10.1,4.2,1.11,-1,-1,-1
1641,8123.0,95.8,181.1,66.1,16.9,1.11,-1,-1,-1
1641,8120.0,262.6,88.2,11.9,5.3,1.11,-1,-1,-1
1661,8123.0,194.4,190.5,56.4,13.1,1.11,-1,-1,-1
1661,8120.0,311.8,90.1,12.9,5.1,1.11,-1,-1,-1
1681,8123.0,226.6,195.4,48.0,11.3,1.11,-1,-1,-1
1681,8120.0,385.3,94.8,12.0,4.3,1.11,-1,-1,-1
1701,8123.0,267.2,203.5,40.6,9.9,1.11,-1,-1,-1
1701,8120.0,433.8,97.4,12.1,4.5,1.11,-1,-1,-1
1721,8125.0,102.7,204.7,34.2,9.9,1.11,-1,-1,-1
1721,8123.0,303.5,215.5,28.5,7.3,1.11,-1,-1,-1
1721,8120.0,420.0,96.2,11.8,3.9,1.11,-1,-1,-1
1741,8125.0,102.6,204.2,35.1,10.6,1.11,-1,-1,-1
1741,8123.0,319.8,221.2,25.7,7.0,1.11,-1,-1,-1
1741,8120.0,361.7,91.5,10.3,4.2,1.11,-1,-1,-1
1761,8123.0,349.1,225.1,20.1,5.8,1.11,-1,-1,-1
1761,8120.0,269.7,84.7,12.0,4.3,1.11,-1,-1,-1
1781,8123.0,347.2,226.7,18.8,6.6,1.11,-1,-1,-1
1781,8120.0,178.8,78.3,10.6,5.3,1.11,-1,-1,-1
1801,8126.0,143.8,93.7,11.3,4.9,0.81,-1,-1,-1
1801,8123.0,293.8,227.8,14.9,5.2,1.11,-1,-1,-1
1821,8126.0,138.3,121.1,12.6,4.7,1.11,-1,-1,-1
1841,8126.0,93.7,137.7,10.0,4.5,1.11,-1,-1,-1
1861,8123.0,245.3,226.7,16.8,5.5,1.11,-1,-1,-1
1881,8123.0,245.6,226.2,17.7,5.5,1.11,-1,-1,-1
1901,8128.0,127.8,146.5,13.2,4.9,1.11,-1,-1,-1
1901,8123.0,244.7,226.3,18.9,6.3,1.11,-1,-1,-1
1921,8128.0,191.6,149.8,11.9,4.7,1.11,-1,-1,-1
1941,8128.0,239.5,152.6,12.1,4.7,1.11,-1,-1,-1
1961,8128.0,284.0,153.4,12.1,4.3,1.11,-1,-1,-1
1981,8129.0,311.2,145.5,11.3,3.4,0.9,-1,-1,-1
1981,8123.0,242.3,223.3,21.2,6.3,1.11,-1,-1,-1
