1,8521.0,258.8,175.5,9.0,4.0,0.48,-1,-1,-1
21,8521.0,261.0,171.7,9.2,4.6,1.11,-1,-1,-1
41,8521.0,259.6,143.2,10.3,4.9,1.11,-1,-1,-1
81,8521.0,250.9,121.5,10.0,5.1,1.11,-1,-1,-1
101,8521.0,244.7,122.3,8.2,6.6,1.11,-1,-1,-1
121,8524.0,237.4,155.4,11.7,5.8,0.66,-1,-1,-1
141,8524.0,238.1,206.1,10.9,5.2,1.11,-1,-1,-1
161,8527.0,263.6,220.7,9.6,5.5,1.11,-1,-1,-1
181,8527.0,315.3,216.9,12.2,4.5,1.11,-1,-1,-1
201,8528.0,334.2,202.7,7.8,4.2,1.11,-1,-1,-1
221,8528.0,330.9,171.7,10.1,5.7,1.11,-1,-1,-1
241,8528.0,334.8,166.9,9.3,4.7,1.11,-1,-1,-1
261,8528.0,342.5,165.3,9.4,5.0,1.11,-1,-1,-1
301,8528.0,364.3,173.6,9.7,4.6,1.11,-1,-1,-1
321,8530.0,374.9,182.6,7.9,3.9,0.66,-1,-1,-1
341,8531.0,383.9,193.9,6.7,3.6,1.11,-1,-1,-1
381,8532.0,390.7,201.9,7.1,4.0,1.11,-1,-1,-1
421,8533.0,390.4,187.4,6.9,3.2,1.11,-1,-1,-1
461,8534.0,384.5,158.0,7.2,4.5,1.11,-1,-1,-1
501,8529.0,331.2,175.0,8.3,3.9,1.11,-1,-1,-1
541,8540.0,278.2,184.9,8.3,3.9,0.73,-1,-1,-1
581,8543.0,217.5,159.8,8.9,6.3,1.11,-1,-1,-1
601,8543.0,207.5,186.9,11.5,4.7,1.11,-1,-1,-1
621,8543.0,201.1,191.8,8.3,4.4,1.11,-1,-1,-1
641,8543.0,170.5,193.5,10.8,4.2,1.11,-1,-1,-1
681,8546.0,170.8,158.8,10.7,5.8,1.11,-1,-1,-1
701,8546.0,219.5,156.1,8.3,3.6,1.11,-1,-1,-1
721,8546.0,279.4,150.8,11.9,3.4,1.11,-1,-1,-1
741,8546.0,335.0,147.4,7.4,3.5,1.11,-1,-1,-1
761,8546.0,368.0,142.8,12.0,5.7,1.11,-1,-1,-1
801,8546.0,410.3,137.7,10.9,4.9,1.11,-1,-1,-1
821,8546.0,466.0,133.3,7.5,5.3,1.11,-1,-1,-1
841,8546.0,502.1,129.2,9.7,4.5,1.11,-1,-1,-1
861,8546.0,550.4,125.1,7.9,4.8,1.11,-1,-1,-1
881,8546.0,593.3,133.6,11.0,7.7,1.11,-1,-1,-1
901,8546.0,605.7,164.2,7.3,4.4,1.11,-1,-1,-1
921,8546.0,605.7,176.4,11.2,5.8,1.11,-1,-1,-1
941,8546.0,597.1,185.9,10.5,5.5,1.11,-1,-1,-1
961,8546.0,582.2,196.1,11.0,4.7,1.11,-1,-1,-1
981,8546.0,568.2,205.9,6.9,4.7,1.11,-1,-1,-1
1001,8546.0,553.9,214.1,7.7,4.1,1.11,-1,-1,-1
1061,8550.0,524.6,200.5,5.8,3.5,1.11,-1,-1,-1
1101,8552.0,518.4,157.8,6.4,4.0,1.11,-1,-1,-1
1141,8552.0,521.3,145.8,6.0,3.6,1.11,-1,-1,-1
1181,8554.0,519.0,127.4,6.5,4.4,1.11,-1,-1,-1
1221,8555.0,440.7,124.8,6.1,4.2,1.11,-1,-1,-1
1261,8556.0,380.6,129.0,6.8,3.6,1.11,-1,-1,-1
1301,8559.0,325.8,132.8,5.6,3.0,1.11,-1,-1,-1
1341,8560.0,322.3,126.5,5.2,3.4,1.11,-1,-1,-1
1381,8561.0,321.6,143.4,6.1,3.8,0.81,-1,-1,-1
1421,8562.0,331.4,118.4,4.8,3.6,0.59,-1,-1,-1
1461,8563.0,370.5,145.0,5.0,4.0,0.53,-1,-1,-1
1481,8563.0,363.2,157.3,7.3,4.3,1.11,-1,-1,-1
1521,8564.0,279.0,161.3,6.3,3.4,1.11,-1,-1,-1
1561,8565.0,244.3,171.1,6.7,3.8,1.11,-1,-1,-1
1601,8569.0,315.0,165.9,5.9,3.6,1.11,-1,-1,-1
1641,8572.0,370.5,162.6,6.8,2.9,1.11,-1,-1,-1
1681,8573.0,407.4,128.1,5.3,3.6,1.11,-1,-1,-1
1721,8574.0,390.8,114.2,5.3,4.1,1.11,-1,-1,-1
1761,8576.0,327.3,126.1,6.5,4.8,0.9,-1,-1,-1
1801,8577.0,296.2,131.9,6.1,3.3,0.81,-1,-1,-1
1841,8579.0,223.1,131.0,6.0,3.7,0.73,-1,-1,-1
1881,8580.0,195.4,133.1,6.0,3.0,0.66,-1,-1,-1
1941,8583.0,140.1,129.3,7.6,3.8,0.73,-1,-1,-1
1981,8584.0,141.3,107.7,7.0,3.5,1.11,-1,-1,-1
2021,8585.0,113.0,93.4,8.3,5.4,1.11,-1,-1,-1
2061,8587.0,121.9,109.7,8.2,4.1,1.11,-1,-1,-1
2101,8588.0,149.3,105.9,6.6,3.5,1.11,-1,-1,-1
