1,1,439.36358642578125,197.07875061035156,10.4573974609375,6.464263916015625,1,-1,-1,-1
1,2,227.61155700683594,241.4714813232422,15.000381469726562,8.28692626953125,1,-1,-1,-1
1,3,405.2738037109375,274.7917785644531,12.868438720703125,7.2774658203125,1,-1,-1,-1
21,1,431.33392333984375,184.78623962402344,11.37823486328125,6.5634765625,1,-1,-1,-1
21,2,227.43988037109375,241.37875366210938,15.336227416992188,8.324310302734375,1,-1,-1,-1
21,3,405.6418151855469,274.8982849121094,12.94525146484375,7.3909912109375,1,-1,-1,-1
41,1,423.15533447265625,172.398681640625,11.00408935546875,6.970367431640625,1,-1,-1,-1
41,2,226.31544494628906,241.78616333007812,15.544540405273438,8.41339111328125,1,-1,-1,-1
41,3,405.25494384765625,275.0055847167969,13.024200439453125,7.1798095703125,1,-1,-1,-1
61,1,417.845703125,164.99000549316406,11.736358642578125,7.5816650390625,1,-1,-1,-1
61,2,219.73052978515625,243.49559020996094,15.208740234375,9.114410400390625,1,-1,-1,-1
61,3,403.20098876953125,263.7062683105469,12.738494873046875,6.9306640625,1,-1,-1,-1
81,1,420.7695007324219,161.93869018554688,12.202545166015625,7.34637451171875,1,-1,-1,-1
81,2,203.64718627929688,248.75296020507812,15.487716674804688,9.5714111328125,1,-1,-1,-1
81,3,398.8345031738281,241.71397399902344,12.831268310546875,7.416473388671875,1,-1,-1,-1
101,1,431.2774353027344,156.94021606445312,11.860198974609375,7.535186767578125,1,-1,-1,-1
101,2,173.65830993652344,258.5303649902344,15.434844970703125,9.91583251953125,1,-1,-1,-1
101,3,398.1259460449219,240.88734436035156,13.17474365234375,6.9454345703125,1,-1,-1,-1
121,1,442.5186767578125,152.4970703125,11.98907470703125,7.52557373046875,1,-1,-1,-1
121,2,133.78106689453125,272.3951110839844,15.737945556640625,9.63641357421875,1,-1,-1,-1
121,3,397.71405029296875,240.72935485839844,13.26904296875,7.44696044921875,1,-1,-1,-1
141,1,454.15447998046875,147.2356414794922,11.487945556640625,8.71728515625,1,-1,-1,-1
141,2,90.89103698730469,287.64337158203125,15.442848205566406,8.55078125,1,-1,-1,-1
141,3,397.8187255859375,238.6968231201172,13.612213134765625,7.2989501953125,1,-1,-1,-1
161,1,456.8728332519531,147.27464294433594,11.786102294921875,8.11767578125,1,-1,-1,-1
161,2,51.54037857055664,301.0907897949219,14.050090789794922,8.4111328125,1,-1,-1,-1
161,3,390.81768798828125,203.2089080810547,12.2244873046875,8.42535400390625,1,-1,-1,-1
181,1,457.1753234863281,147.25267028808594,11.826324462890625,8.16583251953125,1,-1,-1,-1
181,2,34.92518615722656,306.1313171386719,14.495521545410156,8.545166015625,1,-1,-1,-1
181,3,383.944091796875,176.1695556640625,12.51678466796875,7.19598388671875,1,-1,-1,-1
201,1,457.9522705078125,149.3800506591797,12.058258056640625,8.49102783203125,1,-1,-1,-1
201,2,35.418914794921875,306.6308898925781,13.792545318603516,8.15643310546875,1,-1,-1,-1
201,3,378.1372375488281,149.816650390625,12.045440673828125,7.617919921875,1,-1,-1,-1
221,1,462.3463439941406,161.36080932617188,11.576995849609375,7.841766357421875,1,-1,-1,-1
221,2,52.38258361816406,300.9800720214844,13.717117309570312,8.0450439453125,1,-1,-1,-1
221,3,372.72149658203125,124.25112915039062,11.419677734375,7.1867828369140625,1,-1,-1,-1
241,1,467.0550537109375,173.5908203125,10.830322265625,7.4151611328125,1,-1,-1,-1
241,2,90.38887023925781,288.5821533203125,15.085662841796875,7.39141845703125,1,-1,-1,-1
241,3,374.5205993652344,114.38029479980469,12.001190185546875,6.648040771484375,1,-1,-1,-1
261,1,471.29541015625,185.4524688720703,10.862945556640625,7.047637939453125,1,-1,-1,-1
261,2,148.72915649414062,268.6532897949219,15.340057373046875,6.86151123046875,1,-1,-1,-1
261,3,397.4967956542969,105.52500915527344,11.833099365234375,6.3976287841796875,1,-1,-1,-1
281,1,475.08380126953125,196.0729522705078,10.578094482421875,7.088409423828125,1,-1,-1,-1
281,2,221.1170196533203,240.53836059570312,15.086441040039062,12.6634521484375,1,-1,-1,-1
281,3,442.50518798828125,89.74691009521484,12.5032958984375,7.127105712890625,1,-1,-1,-1
301,1,479.2647705078125,206.63954162597656,9.3951416015625,5.54302978515625,1,-1,-1,-1
301,2,249.1072998046875,233.51747131347656,15.748931884765625,10.11993408203125,1,-1,-1,-1
301,3,503.88397216796875,69.00553894042969,13.21875,7.8582916259765625,1,-1,-1,-1
321,1,479.4381408691406,209.59295654296875,10.047454833984375,6.3245849609375,1,-1,-1,-1
321,2,250.0717010498047,226.48880004882812,15.006027221679688,8.51708984375,1,-1,-1,-1
321,3,574.902587890625,45.699771881103516,13.7158203125,8.634956359863281,1,-1,-1,-1
341,1,479.2435302734375,209.66539001464844,10.0164794921875,6.7515869140625,1,-1,-1,-1
341,2,245.50982666015625,206.64891052246094,15.86163330078125,8.52178955078125,1,-1,-1,-1
341,3,618.231201171875,34.37017822265625,10.66943359375,8.733558654785156,1,-1,-1,-1
361,1,479.9222412109375,212.1112823486328,9.761138916015625,6.332305908203125,1,-1,-1,-1
361,2,243.49166870117188,187.19259643554688,14.614349365234375,9.4091796875,1,-1,-1,-1
361,3,624.533935546875,33.215843200683594,11.49609375,8.182365417480469,1,-1,-1,-1
381,1,480.81939697265625,215.39401245117188,9.719390869140625,5.63421630859375,1,-1,-1,-1
381,2,242.19895935058594,171.52023315429688,14.461318969726562,8.79718017578125,1,-1,-1,-1
381,3,630.8447265625,47.974361419677734,14.432373046875,7.473655700683594,1,-1,-1,-1
401,1,481.0450744628906,215.55474853515625,9.586700439453125,5.79156494140625,1,-1,-1,-1
401,2,242.9415283203125,166.7148895263672,14.6346435546875,8.417999267578125,1,-1,-1,-1
421,1,480.73992919921875,215.21876525878906,9.478240966796875,5.789825439453125,1,-1,-1,-1
421,2,245.11386108398438,175.18881225585938,14.773651123046875,8.700927734375,1,-1,-1,-1
441,1,480.7008361816406,214.7771453857422,9.655548095703125,6.11956787109375,1,-1,-1,-1
441,2,246.35206604003906,186.4167022705078,15.272872924804688,8.386749267578125,1,-1,-1,-1
461,1,479.97723388671875,213.8679962158203,9.57342529296875,8.129486083984375,1,-1,-1,-1
461,2,249.0786590576172,198.5400848388672,14.978744506835938,8.77227783203125,1,-1,-1,-1
481,1,460.9718017578125,220.80604553222656,9.861602783203125,6.587554931640625,1,-1,-1,-1
481,2,250.34971618652344,212.46864318847656,14.975021362304688,9.00439453125,1,-1,-1,-1
501,1,434.6791076660156,229.00682067871094,9.9853515625,7.488677978515625,1,-1,-1,-1
501,2,252.64926147460938,228.298583984375,14.94580078125,8.817962646484375,1,-1,-1,-1
521,1,400.8010559082031,241.9114532470703,9.831695556640625,4.733123779296875,1,-1,-1,-1
521,2,254.12567138671875,248.478271484375,15.081512451171875,9.199737548828125,1,-1,-1,-1
541,1,390.3118896484375,245.04257202148438,9.9288330078125,5.628173828125,1,-1,-1,-1
541,2,256.24188232421875,271.8276062011719,15.406768798828125,8.41680908203125,1,-1,-1,-1
561,1,388.8410949707031,245.85357666015625,9.97802734375,5.738006591796875,1,-1,-1,-1
561,2,259.75506591796875,295.4188232421875,15.50482177734375,8.68304443359375,1,-1,-1,-1
581,1,387.3836669921875,246.79421997070312,10.0867919921875,5.5369873046875,1,-1,-1,-1
581,2,260.9052734375,305.6817932128906,16.02740478515625,7.82373046875,1,-1,-1,-1
581,4,582.1968994140625,287.06048583984375,13.60284423828125,8.38330078125,1,-1,-1,-1
601,1,385.74169921875,245.9972686767578,10.05682373046875,5.9158935546875,1,-1,-1,-1
601,2,260.09747314453125,304.8456726074219,16.139434814453125,7.9605712890625,1,-1,-1,-1
601,4,530.8292846679688,311.4414978027344,13.7117919921875,8.65899658203125,1,-1,-1,-1
621,1,384.68682861328125,244.16928100585938,9.851806640625,5.535308837890625,1,-1,-1,-1
621,2,254.64755249023438,305.7144775390625,15.755279541015625,9.20379638671875,1,-1,-1,-1
621,4,479.27545166015625,329.05108642578125,13.369873046875,7.3858642578125,1,-1,-1,-1
641,1,382.6553955078125,241.21856689453125,10.12078857421875,5.345916748046875,1,-1,-1,-1
641,2,237.9811248779297,310.2425537109375,16.353530883789062,9.54669189453125,1,-1,-1,-1
641,4,428.9576416015625,345.2039794921875,13.941253662109375,7.084228515625,1,-1,-1,-1
661,1,376.84130859375,233.33360290527344,10.261383056640625,5.399932861328125,1,-1,-1,-1
661,2,211.80679321289062,318.3589172363281,16.081161499023438,8.624755859375,1,-1,-1,-1
661,4,380.3570556640625,360.4274597167969,14.0225830078125,6.75677490234375,1,-1,-1,-1
681,1,368.80133056640625,222.65562438964844,10.76837158203125,5.695465087890625,1,-1,-1,-1
681,2,176.35574340820312,329.1492614746094,16.179962158203125,8.74560546875,1,-1,-1,-1
681,4,332.3926086425781,375.20355224609375,14.340057373046875,6.38800048828125,1,-1,-1,-1
701,1,359.4405822753906,209.190185546875,10.924224853515625,5.9429931640625,1,-1,-1,-1
701,2,136.48690795898438,341.5428161621094,15.76861572265625,8.61614990234375,1,-1,-1,-1
701,4,302.3695068359375,381.0943298339844,13.1346435546875,5.315673828125,1,-1,-1,-1
721,1,348.09722900390625,194.2021484375,11.52685546875,6.217681884765625,1,-1,-1,-1
721,2,95.15872192382812,353.7239990234375,15.621963500976562,8.26751708984375,1,-1,-1,-1
721,4,298.45953369140625,372.12335205078125,12.568359375,5.706787109375,1,-1,-1,-1
741,1,337.84619140625,179.53546142578125,12.232513427734375,8.052001953125,1,-1,-1,-1
741,2,58.345314025878906,365.37152099609375,13.731918334960938,7.44061279296875,1,-1,-1,-1
741,4,297.8558349609375,360.9669189453125,12.519073486328125,5.7464599609375,1,-1,-1,-1
761,1,335.9104919433594,177.87217712402344,11.662200927734375,7.24578857421875,1,-1,-1,-1
761,2,45.236602783203125,369.81121826171875,14.388103485107422,7.1876220703125,1,-1,-1,-1
761,4,300.669677734375,363.69354248046875,12.9073486328125,8.074951171875,1,-1,-1,-1
781,1,335.93011474609375,178.01856994628906,11.3388671875,7.486785888671875,1,-1,-1,-1
781,2,48.94085693359375,369.4384765625,13.561660766601562,7.11004638671875,1,-1,-1,-1
781,4,320.63323974609375,383.4424743652344,12.52313232421875,7.81719970703125,1,-1,-1,-1
801,1,338.1729431152344,180.89483642578125,12.228546142578125,7.350341796875,1,-1,-1,-1
801,2,71.06668090820312,362.580078125,14.393356323242188,6.9876708984375,1,-1,-1,-1
801,4,350.59735107421875,408.9428405761719,11.09466552734375,6.8099365234375,1,-1,-1,-1
821,1,342.7842712402344,186.79153442382812,12.31231689453125,6.77081298828125,1,-1,-1,-1
821,2,114.33335876464844,350.5130920410156,15.082168579101562,6.54583740234375,1,-1,-1,-1
821,4,380.8702392578125,433.6434020996094,9.881072998046875,5.56500244140625,1,-1,-1,-1
841,1,348.82470703125,193.93751525878906,11.7032470703125,7.412445068359375,1,-1,-1,-1
841,2,171.162109375,331.7745361328125,16.0938720703125,9.4158935546875,1,-1,-1,-1
841,4,406.58660888671875,447.2462158203125,8.986663818359375,4.69622802734375,1,-1,-1,-1
861,1,355.224609375,202.27835083007812,11.4150390625,6.677001953125,1,-1,-1,-1
861,2,200.768798828125,323.92059326171875,15.21075439453125,8.92352294921875,1,-1,-1,-1
861,4,420.6261901855469,448.0777893066406,8.4287109375,4.44189453125,1,-1,-1,-1
881,1,362.2940368652344,211.2956085205078,11.31341552734375,6.715118408203125,1,-1,-1,-1
881,2,205.09835815429688,323.14715576171875,15.185470581054688,7.26593017578125,1,-1,-1,-1
881,4,421.8829040527344,436.84527587890625,7.73712158203125,4.37249755859375,1,-1,-1,-1
901,1,369.787841796875,220.0465545654297,11.09686279296875,6.781494140625,1,-1,-1,-1
901,2,222.80020141601562,317.3808288574219,15.6182861328125,7.037353515625,1,-1,-1,-1
901,4,419.4593505859375,416.6977233886719,7.548828125,3.87274169921875,1,-1,-1,-1
921,1,377.5538635253906,229.3368682861328,10.342498779296875,6.236602783203125,1,-1,-1,-1
921,2,254.73983764648438,303.9123840332031,15.725738525390625,7.7596435546875,1,-1,-1,-1
921,4,415.84466552734375,395.8700256347656,7.5003662109375,4.05328369140625,1,-1,-1,-1
941,1,384.7464294433594,238.02374267578125,10.7808837890625,6.62872314453125,1,-1,-1,-1
941,2,278.30999755859375,285.67626953125,15.329010009765625,9.95452880859375,1,-1,-1,-1
941,4,410.75469970703125,375.2481994628906,7.85302734375,3.7681884765625,1,-1,-1,-1
961,1,391.6213684082031,247.50123596191406,10.570068359375,6.060302734375,1,-1,-1,-1
961,2,280.58343505859375,285.24847412109375,15.640960693359375,8.780029296875,1,-1,-1,-1
961,4,405.9043884277344,354.4206237792969,7.69256591796875,4.2664794921875,1,-1,-1,-1
981,1,398.01806640625,256.0831604003906,9.98443603515625,5.31817626953125,1,-1,-1,-1
981,2,277.7776184082031,286.8651428222656,15.81304931640625,7.9627685546875,1,-1,-1,-1
981,4,401.963623046875,335.3958740234375,7.94158935546875,4.6419677734375,1,-1,-1,-1
1001,1,401.260009765625,258.8286437988281,9.36065673828125,5.58612060546875,1,-1,-1,-1
1001,2,276.7025146484375,286.873291015625,16.3065185546875,8.33880615234375,1,-1,-1,-1
1001,4,401.576171875,331.45623779296875,7.2391357421875,3.99859619140625,1,-1,-1,-1
1021,1,401.7393493652344,259.21490478515625,9.152923583984375,5.25848388671875,1,-1,-1,-1
1021,2,273.7962341308594,287.6125793457031,16.2293701171875,8.59271240234375,1,-1,-1,-1
1021,4,404.55322265625,330.2550354003906,7.748260498046875,4.04638671875,1,-1,-1,-1
1041,1,404.74041748046875,258.6278381347656,9.427032470703125,5.33038330078125,1,-1,-1,-1
1041,2,264.1431884765625,289.9081115722656,15.445587158203125,9.20166015625,1,-1,-1,-1
1041,4,411.81915283203125,328.3039855957031,7.70751953125,4.27801513671875,1,-1,-1,-1
1061,1,411.78924560546875,256.83502197265625,9.5684814453125,4.7142333984375,1,-1,-1,-1
1061,2,249.849853515625,294.3917541503906,15.2939453125,8.22979736328125,1,-1,-1,-1
1061,4,422.2564392089844,325.5428466796875,7.6907958984375,4.55291748046875,1,-1,-1,-1
1081,1,424.3041687011719,252.8480682373047,9.829925537109375,5.0226898193359375,1,-1,-1,-1
1081,2,231.7880859375,299.73858642578125,15.816726684570312,7.46380615234375,1,-1,-1,-1
1081,4,434.3244934082031,322.3765563964844,8.017059326171875,4.26409912109375,1,-1,-1,-1
1101,1,446.2769775390625,245.75326538085938,9.839935302734375,5.169281005859375,1,-1,-1,-1
1101,2,223.65274047851562,302.531005859375,15.047225952148438,7.26910400390625,1,-1,-1,-1
1101,4,449.7510986328125,319.0869445800781,7.403717041015625,3.97650146484375,1,-1,-1,-1
1121,1,472.9803771972656,237.14837646484375,9.42901611328125,5.7318115234375,1,-1,-1,-1
1121,2,239.71388244628906,297.5115966796875,15.070220947265625,6.835205078125,1,-1,-1,-1
1121,4,466.24835205078125,314.2225341796875,7.78314208984375,4.24163818359375,1,-1,-1,-1
1141,1,499.8092346191406,228.12625122070312,10.17364501953125,6.334869384765625,1,-1,-1,-1
1141,2,282.04888916015625,282.796142578125,15.66766357421875,10.18072509765625,1,-1,-1,-1
1141,4,483.85089111328125,308.9361267089844,8.15765380859375,5.3480224609375,1,-1,-1,-1
1161,1,524.9157104492188,219.74501037597656,9.98046875,6.484161376953125,1,-1,-1,-1
1161,2,306.4385681152344,275.2331237792969,15.766937255859375,9.58831787109375,1,-1,-1,-1
1161,4,503.1640319824219,304.0711669921875,7.546600341796875,4.62957763671875,1,-1,-1,-1
1181,1,543.9325561523438,213.02891540527344,9.4608154296875,7.183441162109375,1,-1,-1,-1
1181,2,304.35107421875,265.0223388671875,16.398590087890625,8.8548583984375,1,-1,-1,-1
1181,4,522.8173217773438,298.2392272949219,7.74725341796875,4.39593505859375,1,-1,-1,-1
1201,1,547.1925048828125,212.20571899414062,9.53936767578125,6.5479736328125,1,-1,-1,-1
1201,2,301.4556579589844,252.8299560546875,15.913848876953125,8.46954345703125,1,-1,-1,-1
1201,4,531.4503173828125,289.53985595703125,6.80120849609375,4.95501708984375,1,-1,-1,-1
1221,1,546.7326049804688,212.15623474121094,9.64788818359375,6.373992919921875,1,-1,-1,-1
1221,2,299.24700927734375,238.86529541015625,16.24407958984375,8.98345947265625,1,-1,-1,-1
1221,4,528.8140258789062,276.0304260253906,6.99609375,5.05670166015625,1,-1,-1,-1
1241,1,547.125732421875,211.66427612304688,9.4512939453125,6.12115478515625,1,-1,-1,-1
1241,2,298.3382873535156,226.55616760253906,15.915618896484375,8.6734619140625,1,-1,-1,-1
1241,4,525.5848388671875,263.4914245605469,6.83245849609375,5.11895751953125,1,-1,-1,-1
1261,1,546.186279296875,208.33285522460938,9.3607177734375,5.195098876953125,1,-1,-1,-1
1261,2,297.795166015625,217.8412322998047,16.07794189453125,8.873870849609375,1,-1,-1,-1
1261,4,522.5701293945312,250.11367797851562,7.50823974609375,5.00592041015625,1,-1,-1,-1
1281,1,541.5847778320312,196.2906494140625,9.71044921875,6.205413818359375,1,-1,-1,-1
1281,2,300.10882568359375,220.50421142578125,15.639068603515625,8.6207275390625,1,-1,-1,-1
1281,4,519.23486328125,236.67779541015625,6.9703369140625,5.473876953125,1,-1,-1,-1
1301,1,535.244873046875,178.24273681640625,9.33099365234375,6.855682373046875,1,-1,-1,-1
1301,2,304.3972473144531,245.86463928222656,15.53594970703125,9.55987548828125,1,-1,-1,-1
1301,4,514.1759033203125,222.3874969482422,7.10302734375,5.426727294921875,1,-1,-1,-1
1321,1,527.1844482421875,155.3011016845703,10.25640869140625,7.192596435546875,1,-1,-1,-1
1321,2,307.18804931640625,278.8915710449219,15.71563720703125,8.85260009765625,1,-1,-1,-1
1321,4,509.5667724609375,208.15110778808594,6.81683349609375,4.87152099609375,1,-1,-1,-1
1341,1,517.3326416015625,128.6408233642578,10.35235595703125,7.065155029296875,1,-1,-1,-1
1341,2,307.15545654296875,283.1346740722656,16.074371337890625,8.1602783203125,1,-1,-1,-1
1341,4,504.5806579589844,193.2873077392578,6.687835693359375,4.529449462890625,1,-1,-1,-1
1361,1,504.0115661621094,95.19587707519531,11.819000244140625,8.586990356445312,1,-1,-1,-1
1361,2,309.8067932128906,295.3611755371094,15.797149658203125,8.8570556640625,1,-1,-1,-1
1361,4,500.07037353515625,178.2405548095703,6.510711669921875,4.552825927734375,1,-1,-1,-1
1381,1,489.32293701171875,63.03535079956055,13.91424560546875,11.049427032470703,1,-1,-1,-1
1381,2,312.14044189453125,309.1337585449219,16.5701904296875,8.05859375,1,-1,-1,-1
1381,4,495.1596374511719,163.2694854736328,6.876678466796875,5.11407470703125,1,-1,-1,-1
1401,1,484.4345397949219,58.40422439575195,13.12286376953125,9.631366729736328,1,-1,-1,-1
1401,2,312.50360107421875,311.21124267578125,16.62091064453125,8.48358154296875,1,-1,-1,-1
1401,4,491.6614074707031,153.49209594726562,7.02020263671875,4.8409423828125,1,-1,-1,-1
1421,1,481.73492431640625,58.64265060424805,13.42034912109375,10.028629302978516,1,-1,-1,-1
1421,2,312.5796813964844,310.7337646484375,17.29229736328125,8.6197509765625,1,-1,-1,-1
1421,4,489.8028259277344,153.32054138183594,6.950531005859375,5.02099609375,1,-1,-1,-1
1441,1,476.043701171875,61.169761657714844,13.69873046875,9.6031494140625,1,-1,-1,-1
1441,2,315.8706359863281,313.168212890625,17.2525634765625,9.34625244140625,1,-1,-1,-1
1441,4,485.4440002441406,154.80703735351562,6.80914306640625,4.85211181640625,1,-1,-1,-1
1461,1,465.5709228515625,66.334228515625,14.14306640625,9.280960083007812,1,-1,-1,-1
1461,2,324.52587890625,322.02337646484375,16.603302001953125,9.35662841796875,1,-1,-1,-1
1461,4,478.8022155761719,157.22740173339844,6.524139404296875,4.926239013671875,1,-1,-1,-1
1481,1,451.7514343261719,73.63740539550781,13.28826904296875,9.24237060546875,1,-1,-1,-1
1481,2,336.7747802734375,336.5837707519531,14.466796875,6.50592041015625,1,-1,-1,-1
1481,4,468.87811279296875,160.7899169921875,7.2891845703125,5.0924072265625,1,-1,-1,-1
1501,1,429.8826904296875,82.66031646728516,14.00048828125,9.552230834960938,1,-1,-1,-1
1501,2,341.91900634765625,343.3713073730469,14.605499267578125,6.63238525390625,1,-1,-1,-1
1501,4,457.5287170410156,164.33792114257812,7.252655029296875,5.90985107421875,1,-1,-1,-1
1521,1,406.1189270019531,93.75241088867188,14.207305908203125,9.403060913085938,1,-1,-1,-1
1521,2,342.4862365722656,344.4212951660156,14.61767578125,6.2529296875,1,-1,-1,-1
1521,4,444.2390441894531,169.38011169433594,7.033843994140625,4.60992431640625,1,-1,-1,-1
1541,1,381.499267578125,105.2183609008789,13.1031494140625,8.916946411132812,1,-1,-1,-1
1541,2,339.6596984863281,341.71734619140625,14.969482421875,6.8336181640625,1,-1,-1,-1
1541,4,429.9169616699219,173.89096069335938,7.040008544921875,5.282440185546875,1,-1,-1,-1
1561,1,355.2595520019531,116.33177185058594,13.124542236328125,8.837753295898438,1,-1,-1,-1
1561,2,333.8447570800781,335.4859619140625,14.699798583984375,6.499267578125,1,-1,-1,-1
1561,4,414.34136962890625,179.0875701904297,7.459716796875,5.071624755859375,1,-1,-1,-1
1581,1,329.48883056640625,127.8050765991211,13.1802978515625,8.059501647949219,1,-1,-1,-1
1581,2,323.6032409667969,324.1046447753906,14.82421875,7.16510009765625,1,-1,-1,-1
1581,4,398.3429260253906,185.004638671875,7.05535888671875,4.667633056640625,1,-1,-1,-1
1601,1,304.57989501953125,138.32333374023438,13.3026123046875,8.1282958984375,1,-1,-1,-1
1601,2,309.3872375488281,308.3306884765625,16.1378173828125,8.0572509765625,1,-1,-1,-1
1601,4,381.9173889160156,191.1964569091797,7.4481201171875,4.501495361328125,1,-1,-1,-1
1621,1,281.18310546875,148.3816375732422,13.1964111328125,7.959747314453125,1,-1,-1,-1
1621,2,292.45703125,290.1781005859375,17.523834228515625,9.02008056640625,1,-1,-1,-1
1621,4,365.52362060546875,196.36439514160156,7.173980712890625,5.33270263671875,1,-1,-1,-1
1641,1,258.7729187011719,157.83416748046875,12.81329345703125,8.2371826171875,1,-1,-1,-1
1641,2,276.0305480957031,272.7603454589844,19.279632568359375,11.79241943359375,1,-1,-1,-1
1641,4,349.44970703125,202.0945587158203,7.4395751953125,4.97528076171875,1,-1,-1,-1
1661,1,237.55026245117188,166.8091583251953,13.679885864257812,7.933135986328125,1,-1,-1,-1
1661,2,272.99151611328125,271.07598876953125,18.5390625,9.9295654296875,1,-1,-1,-1
1661,4,332.72259521484375,207.8658905029297,7.466796875,4.82525634765625,1,-1,-1,-1
1681,1,218.754638671875,175.22459411621094,12.659942626953125,7.547393798828125,1,-1,-1,-1
1681,2,272.8768310546875,269.0986328125,18.535797119140625,9.71771240234375,1,-1,-1,-1
1681,4,316.9339294433594,213.54185485839844,7.495147705078125,4.184417724609375,1,-1,-1,-1
1701,1,201.86058044433594,182.77500915527344,12.349960327148438,7.80755615234375,1,-1,-1,-1
1701,2,273.78790283203125,268.72607421875,18.423828125,9.26959228515625,1,-1,-1,-1
1701,4,311.1566162109375,216.22242736816406,7.03631591796875,3.533294677734375,1,-1,-1,-1
1721,1,186.79380798339844,190.06793212890625,12.874679565429688,7.23675537109375,1,-1,-1,-1
1721,2,274.1435852050781,268.88916015625,18.16107177734375,9.2735595703125,1,-1,-1,-1
1721,4,312.0458984375,216.03260803222656,6.627960205078125,3.75286865234375,1,-1,-1,-1
1741,1,184.47784423828125,191.62313842773438,12.79156494140625,7.25079345703125,1,-1,-1,-1
1741,2,273.9065856933594,268.0921325683594,19.02716064453125,9.526611328125,1,-1,-1,-1
1741,4,316.6822204589844,214.15408325195312,6.97393798828125,4.2437744140625,1,-1,-1,-1
1761,1,185.94232177734375,192.14027404785156,12.382476806640625,7.43255615234375,1,-1,-1,-1
1761,2,272.9020080566406,267.82208251953125,18.26434326171875,9.401611328125,1,-1,-1,-1
1761,4,323.8194580078125,211.13540649414062,7.837677001953125,4.562103271484375,1,-1,-1,-1
1781,1,187.00942993164062,193.11190795898438,12.234649658203125,7.765960693359375,1,-1,-1,-1
1781,2,272.85992431640625,267.3555908203125,18.207611083984375,9.7391357421875,1,-1,-1,-1
1781,4,331.76641845703125,208.88926696777344,7.982177734375,4.286712646484375,1,-1,-1,-1
1801,1,189.77572631835938,196.1964111328125,12.312164306640625,7.33294677734375,1,-1,-1,-1
1801,2,273.3075256347656,267.7579650878906,18.937286376953125,10.3896484375,1,-1,-1,-1
1801,4,339.6227722167969,206.19696044921875,7.419281005859375,4.662567138671875,1,-1,-1,-1
1821,1,195.08908081054688,201.8715057373047,12.47650146484375,7.30364990234375,1,-1,-1,-1
1821,2,277.84967041015625,271.91619873046875,18.32623291015625,10.32000732421875,1,-1,-1,-1
1821,4,346.69622802734375,203.9290008544922,6.91436767578125,4.209503173828125,1,-1,-1,-1
1841,1,203.55789184570312,209.73162841796875,11.86767578125,7.194732666015625,1,-1,-1,-1
1841,2,285.8897705078125,279.80059814453125,18.387939453125,10.0106201171875,1,-1,-1,-1
1841,4,352.60015869140625,201.4733428955078,7.076904296875,4.206695556640625,1,-1,-1,-1
1861,1,212.36355590820312,218.32275390625,11.830474853515625,6.375762939453125,1,-1,-1,-1
1861,2,299.6839294433594,292.9476318359375,17.748260498046875,9.372802734375,1,-1,-1,-1
1861,4,358.61541748046875,199.00857543945312,7.8507080078125,4.454620361328125,1,-1,-1,-1
1881,1,219.43035888671875,224.77000427246094,10.968276977539062,6.354949951171875,1,-1,-1,-1
1881,2,315.21185302734375,309.1878662109375,15.56549072265625,6.9368896484375,1,-1,-1,-1
1881,4,363.87969970703125,197.03465270996094,8.09417724609375,4.73187255859375,1,-1,-1,-1
1901,1,224.91802978515625,230.5428466796875,11.425628662109375,6.437286376953125,1,-1,-1,-1
1901,2,321.4930419921875,315.1147155761719,14.932098388671875,7.2049560546875,1,-1,-1,-1
1901,4,369.3330383300781,195.1205596923828,7.554534912109375,3.903961181640625,1,-1,-1,-1
1921,1,229.66049194335938,235.4627685546875,11.034927368164062,5.8817138671875,1,-1,-1,-1
1921,2,320.6968994140625,312.49481201171875,16.037139892578125,8.05303955078125,1,-1,-1,-1
1921,4,375.72216796875,192.5714569091797,6.850189208984375,4.378875732421875,1,-1,-1,-1
1941,1,233.61056518554688,238.817138671875,10.547836303710938,6.06011962890625,1,-1,-1,-1
1941,2,319.1474609375,304.5451965332031,15.68780517578125,8.12908935546875,1,-1,-1,-1
1941,4,383.4248352050781,189.37181091308594,6.974334716796875,4.493804931640625,1,-1,-1,-1
1961,1,236.1681365966797,241.8091583251953,11.388137817382812,6.302398681640625,1,-1,-1,-1
1961,2,317.1817932128906,294.883544921875,15.93585205078125,8.3121337890625,1,-1,-1,-1
1961,4,394.97906494140625,185.21324157714844,7.138824462890625,4.15582275390625,1,-1,-1,-1
1981,1,239.4063720703125,244.20774841308594,11.023681640625,6.20025634765625,1,-1,-1,-1
1981,2,316.6351623535156,285.98345947265625,16.146240234375,8.67535400390625,1,-1,-1,-1
1981,4,408.00958251953125,180.26239013671875,6.9891357421875,4.52606201171875,1,-1,-1,-1
