1,1,146.05397033691406,242.4361114501953,10.030654907226562,3.156585693359375,1,-1,-1,-1
1,2,410.1718444824219,220.28367614746094,6.614532470703125,2.73138427734375,1,-1,-1,-1
21,1,145.31295776367188,242.31649780273438,11.024993896484375,3.293304443359375,1,-1,-1,-1
21,2,409.885498046875,219.81976318359375,7.12896728515625,2.823760986328125,1,-1,-1,-1
41,2,410.0149841308594,219.92929077148438,6.453094482421875,2.44769287109375,1,-1,-1,-1
61,1,148.61317443847656,209.24610900878906,12.165939331054688,4.37237548828125,1,-1,-1,-1
61,2,409.83404541015625,220.02308654785156,4.73663330078125,1.915008544921875,1,-1,-1,-1
81,1,148.94720458984375,189.23838806152344,13.372970581054688,4.856781005859375,1,-1,-1,-1
81,2,409.5364685058594,219.77969360351562,6.547943115234375,2.777191162109375,1,-1,-1,-1
101,1,150.64727783203125,181.51467895507812,12.604034423828125,5.3807373046875,1,-1,-1,-1
101,2,410.5786437988281,219.83944702148438,7.450653076171875,2.868743896484375,1,-1,-1,-1
121,1,139.9459228515625,183.55429077148438,12.700439453125,4.820465087890625,1,-1,-1,-1
121,2,414.38836669921875,218.98373413085938,5.14410400390625,2.010040283203125,1,-1,-1,-1
141,1,118.1503677368164,186.03358459472656,12.465339660644531,4.7904052734375,1,-1,-1,-1
161,1,91.64108276367188,188.45669555664062,12.884788513183594,5.133087158203125,1,-1,-1,-1
161,2,422.0390625,219.78749084472656,6.972137451171875,2.97283935546875,1,-1,-1,-1
181,1,64.40097045898438,191.97293090820312,11.68359375,5.276580810546875,1,-1,-1,-1
181,2,426.1759033203125,220.01263427734375,7.297760009765625,2.801971435546875,1,-1,-1,-1
201,1,49.08770751953125,193.87274169921875,11.877418518066406,5.01336669921875,1,-1,-1,-1
201,2,431.5094299316406,219.8718719482422,10.318603515625,3.295257568359375,1,-1,-1,-1
221,1,48.002349853515625,199.92303466796875,12.067306518554688,5.50927734375,1,-1,-1,-1
221,2,436.5391845703125,219.78390502929688,10.524749755859375,3.25750732421875,1,-1,-1,-1
241,1,48.69287109375,208.99819946289062,11.420440673828125,4.68951416015625,1,-1,-1,-1
241,2,445.555908203125,220.62164306640625,8.24371337890625,2.89691162109375,1,-1,-1,-1
261,1,45.10630798339844,213.3744354248047,11.811386108398438,5.336212158203125,1,-1,-1,-1
261,2,450.5191345214844,220.82211303710938,8.162078857421875,2.669097900390625,1,-1,-1,-1
281,1,45.96367263793945,215.46533203125,11.356334686279297,5.444427490234375,1,-1,-1,-1
281,2,453.7594299316406,221.5849151611328,11.12457275390625,2.909393310546875,1,-1,-1,-1
301,1,45.71058654785156,223.4501953125,11.043254852294922,5.1600341796875,1,-1,-1,-1
321,1,46.38689041137695,236.93605041503906,10.427257537841797,5.247314453125,1,-1,-1,-1
341,1,44.35254669189453,250.6676483154297,10.828666687011719,5.17913818359375,1,-1,-1,-1
381,1,219.19219970703125,247.85369873046875,10.78582763671875,5.230377197265625,1,-1,-1,-1
401,1,221.05368041992188,248.99749755859375,10.436660766601562,5.274688720703125,1,-1,-1,-1
441,3,509.03076171875,224.9181671142578,8.35211181640625,2.835174560546875,1,-1,-1,-1
461,3,513.3658447265625,225.45301818847656,10.8702392578125,3.031463623046875,1,-1,-1,-1
481,3,513.6622314453125,225.55307006835938,11.0977783203125,3.207366943359375,1,-1,-1,-1
501,3,513.5914306640625,224.6499786376953,9.421142578125,3.133331298828125,1,-1,-1,-1
521,3,513.4716186523438,224.54298400878906,9.16192626953125,3.199432373046875,1,-1,-1,-1
541,3,513.4629516601562,224.87252807617188,9.2333984375,2.992218017578125,1,-1,-1,-1
621,4,140.4168243408203,213.0745391845703,12.477096557617188,4.96319580078125,1,-1,-1,-1
641,4,173.61026000976562,209.57041931152344,12.9920654296875,4.315032958984375,1,-1,-1,-1
661,4,208.94070434570312,206.04298400878906,13.3946533203125,4.719696044921875,1,-1,-1,-1
681,4,241.95901489257812,202.95718383789062,13.21697998046875,4.440216064453125,1,-1,-1,-1
701,4,270.6650390625,200.53746032714844,14.222076416015625,4.57855224609375,1,-1,-1,-1
701,5,276.32421875,283.1147155761719,9.571136474609375,4.134033203125,1,-1,-1,-1
721,4,295.86285400390625,198.57037353515625,13.2313232421875,4.89263916015625,1,-1,-1,-1
721,5,281.9434814453125,285.517822265625,9.86212158203125,4.00341796875,1,-1,-1,-1
741,4,316.9937438964844,196.74688720703125,14.3984375,4.904693603515625,1,-1,-1,-1
741,5,288.1999206542969,286.94842529296875,8.817901611328125,3.9755859375,1,-1,-1,-1
761,4,337.3202819824219,195.6682891845703,13.118896484375,4.5889892578125,1,-1,-1,-1
761,5,294.9873046875,288.97320556640625,8.963470458984375,3.91778564453125,1,-1,-1,-1
781,4,354.97991943359375,194.6549072265625,14.025970458984375,4.053497314453125,1,-1,-1,-1
781,5,299.2541809082031,291.3913879394531,10.68792724609375,4.3516845703125,1,-1,-1,-1
801,4,371.1053161621094,192.83297729492188,13.329986572265625,4.91998291015625,1,-1,-1,-1
801,5,305.3653564453125,291.56817626953125,9.615966796875,4.22552490234375,1,-1,-1,-1
821,4,376.0899658203125,198.5406036376953,13.07244873046875,4.541229248046875,1,-1,-1,-1
821,5,376.08404541015625,198.5336456298828,13.06060791015625,4.55328369140625,1,-1,-1,-1
841,4,375.6773681640625,212.818603515625,13.32940673828125,4.828887939453125,1,-1,-1,-1
841,5,375.6809997558594,212.81927490234375,13.325286865234375,4.828460693359375,1,-1,-1,-1
841,6,318.6287536621094,291.03485107421875,9.532806396484375,3.532958984375,1,-1,-1,-1
861,4,377.0306091308594,219.40487670898438,12.492218017578125,4.15826416015625,1,-1,-1,-1
861,5,377.0315856933594,219.40518188476562,12.491546630859375,4.15728759765625,1,-1,-1,-1
861,6,325.24359130859375,289.5498046875,9.4940185546875,4.48419189453125,1,-1,-1,-1
881,4,394.0993957519531,217.1201934814453,7.481597900390625,4.91583251953125,1,-1,-1,-1
881,5,394.09661865234375,217.10780334472656,7.564208984375,4.94476318359375,1,-1,-1,-1
881,6,332.0118713378906,288.8939208984375,9.669586181640625,4.2431640625,1,-1,-1,-1
901,4,415.1812744140625,216.8297576904297,10.8050537109375,3.2913818359375,1,-1,-1,-1
901,5,415.1745910644531,216.8298797607422,10.82366943359375,3.294189453125,1,-1,-1,-1
901,6,337.4319763183594,288.66033935546875,11.579986572265625,4.443359375,1,-1,-1,-1
921,4,441.4538269042969,214.8926544189453,12.050689697265625,4.3218994140625,1,-1,-1,-1
921,5,441.45172119140625,214.892578125,12.05621337890625,4.32275390625,1,-1,-1,-1
921,6,343.1211853027344,286.9787902832031,9.998687744140625,6.39697265625,1,-1,-1,-1
941,4,453.38458251953125,218.57684326171875,11.414794921875,4.126556396484375,1,-1,-1,-1
941,5,453.3838195800781,218.57769775390625,11.413818359375,4.1243896484375,1,-1,-1,-1
941,6,346.5760498046875,284.9369201660156,11.2930908203125,5.1246337890625,1,-1,-1,-1
961,4,454.5550842285156,220.1309356689453,10.48486328125,3.588043212890625,1,-1,-1,-1
961,5,454.5556640625,220.13204956054688,10.48468017578125,3.586578369140625,1,-1,-1,-1
961,6,353.2376403808594,282.4280090332031,9.528289794921875,4.96142578125,1,-1,-1,-1
981,4,451.33154296875,216.59877014160156,10.54461669921875,4.324005126953125,1,-1,-1,-1
981,5,451.33111572265625,216.59898376464844,10.544952392578125,4.323516845703125,1,-1,-1,-1
981,6,356.4163513183594,280.3204345703125,11.581878662109375,5.04278564453125,1,-1,-1,-1
1001,4,444.9717712402344,215.32769775390625,10.832977294921875,4.06756591796875,1,-1,-1,-1
1001,5,444.9697265625,215.32518005371094,10.83343505859375,4.0689697265625,1,-1,-1,-1
1001,6,361.9355773925781,276.62042236328125,10.762237548828125,5.0987548828125,1,-1,-1,-1
1021,4,414.5206298828125,216.17697143554688,12.67877197265625,3.581787109375,1,-1,-1,-1
1021,5,414.5196838378906,216.1769561767578,12.68212890625,3.581756591796875,1,-1,-1,-1
1021,6,368.508056640625,273.7767333984375,11.900634765625,4.1461181640625,1,-1,-1,-1
1041,4,375.8260803222656,218.4435577392578,13.946685791015625,4.34307861328125,1,-1,-1,-1
1041,5,375.8263854980469,218.44454956054688,13.946990966796875,4.3419189453125,1,-1,-1,-1
1041,6,375.8271789550781,218.4469451904297,13.94775390625,4.339202880859375,1,-1,-1,-1
1061,4,346.3961486816406,214.86851501464844,14.285736083984375,4.768280029296875,1,-1,-1,-1
1061,5,346.39593505859375,214.87030029296875,14.28582763671875,4.765472412109375,1,-1,-1,-1
1061,6,346.3975830078125,214.8699493408203,14.28338623046875,4.765228271484375,1,-1,-1,-1
1081,4,341.77423095703125,189.56304931640625,14.711822509765625,5.130279541015625,1,-1,-1,-1
1081,5,341.7740478515625,189.5631866455078,14.71148681640625,5.13006591796875,1,-1,-1,-1
1081,6,341.7725830078125,189.56275939941406,14.71197509765625,5.13037109375,1,-1,-1,-1
1101,4,340.9562683105469,166.9366455078125,14.280853271484375,5.472320556640625,1,-1,-1,-1
1101,5,340.9564514160156,166.93653869628906,14.28009033203125,5.472198486328125,1,-1,-1,-1
1101,6,340.957275390625,166.93589782714844,14.27734375,5.47210693359375,1,-1,-1,-1
1121,4,330.2770690917969,165.8722381591797,13.96209716796875,6.016998291015625,1,-1,-1,-1
1121,5,330.2767333984375,165.87229919433594,13.96209716796875,6.01702880859375,1,-1,-1,-1
1121,6,330.276611328125,165.8723907470703,13.961639404296875,6.016876220703125,1,-1,-1,-1
1141,4,301.6375427246094,168.36767578125,14.97650146484375,5.5194091796875,1,-1,-1,-1
1141,5,301.63751220703125,168.3677215576172,14.97650146484375,5.519378662109375,1,-1,-1,-1
1141,6,301.63824462890625,168.3675994873047,14.97625732421875,5.5198974609375,1,-1,-1,-1
1161,4,265.83197021484375,171.12265014648438,14.617279052734375,5.64459228515625,1,-1,-1,-1
1161,5,265.83245849609375,171.1226348876953,14.6173095703125,5.64453125,1,-1,-1,-1
1161,6,265.83203125,171.12277221679688,14.616973876953125,5.64434814453125,1,-1,-1,-1
1181,4,228.36514282226562,174.64633178710938,14.282745361328125,5.513641357421875,1,-1,-1,-1
1181,5,228.3651123046875,174.64634704589844,14.2828369140625,5.51361083984375,1,-1,-1,-1
1181,6,228.36509704589844,174.64646911621094,14.282989501953125,5.513519287109375,1,-1,-1,-1
1201,4,204.0309295654297,180.90664672851562,13.569992065429688,4.9351806640625,1,-1,-1,-1
1201,5,204.03091430664062,180.90667724609375,13.569976806640625,4.935211181640625,1,-1,-1,-1
1201,6,204.03115844726562,180.90664672851562,13.569839477539062,4.935455322265625,1,-1,-1,-1
1221,4,201.70578002929688,191.48667907714844,13.654251098632812,5.09893798828125,1,-1,-1,-1
1221,5,201.70584106445312,191.48660278320312,13.654205322265625,5.098907470703125,1,-1,-1,-1
1221,6,201.70587158203125,191.486572265625,13.654067993164062,5.098907470703125,1,-1,-1,-1
1241,4,202.2335662841797,204.6811065673828,13.237075805664062,4.725006103515625,1,-1,-1,-1
1241,5,202.2337188720703,204.68115234375,13.23699951171875,4.725006103515625,1,-1,-1,-1
1241,6,202.23361206054688,204.68112182617188,13.237091064453125,4.725067138671875,1,-1,-1,-1
1261,4,201.14749145507812,221.22047424316406,13.844650268554688,4.838714599609375,1,-1,-1,-1
1261,5,201.14749145507812,221.2205047607422,13.844696044921875,4.838714599609375,1,-1,-1,-1
1261,6,201.1475372314453,221.2205047607422,13.8446044921875,4.838714599609375,1,-1,-1,-1
1281,4,201.52464294433594,238.78958129882812,12.913055419921875,3.773651123046875,1,-1,-1,-1
1281,5,201.52389526367188,238.78961181640625,12.9136962890625,3.773651123046875,1,-1,-1,-1
1281,6,201.52267456054688,238.78961181640625,12.914764404296875,3.773773193359375,1,-1,-1,-1
1301,4,198.61512756347656,257.5982666015625,12.56329345703125,4.3359375,1,-1,-1,-1
1301,5,198.6149444580078,257.5982971191406,12.56378173828125,4.3359375,1,-1,-1,-1
1301,6,198.61465454101562,257.5982971191406,12.564361572265625,4.3359375,1,-1,-1,-1
1321,4,195.30738830566406,260.7728576660156,8.701095581054688,4.03704833984375,1,-1,-1,-1
1321,5,195.307373046875,260.7728576660156,8.701126098632812,4.037109375,1,-1,-1,-1
1321,6,195.30718994140625,260.77294921875,8.701217651367188,4.037109375,1,-1,-1,-1
1341,4,176.02505493164062,263.13983154296875,11.690933227539062,3.97698974609375,1,-1,-1,-1
1341,5,176.02505493164062,263.13983154296875,11.69097900390625,3.97698974609375,1,-1,-1,-1
1341,6,176.0250701904297,263.13983154296875,11.690933227539062,3.97698974609375,1,-1,-1,-1
1361,4,152.4241943359375,265.2674255371094,13.136260986328125,4.1689453125,1,-1,-1,-1
1361,5,152.42420959472656,265.2674255371094,13.13623046875,4.1690673828125,1,-1,-1,-1
1361,6,152.42428588867188,265.2674255371094,13.13616943359375,4.16912841796875,1,-1,-1,-1
1441,4,91.72962188720703,245.84963989257812,9.381309509277344,4.14739990234375,1,-1,-1,-1
1441,5,91.72954559326172,245.84967041015625,9.381431579589844,4.147430419921875,1,-1,-1,-1
1441,6,91.7295150756836,245.8496551513672,9.381484985351562,4.1474609375,1,-1,-1,-1
1461,4,90.45018005371094,241.13722229003906,10.599082946777344,3.636444091796875,1,-1,-1,-1
1461,5,90.45004272460938,241.1372528076172,10.5992431640625,3.636383056640625,1,-1,-1,-1
1461,6,90.4499740600586,241.13726806640625,10.599327087402344,3.6363525390625,1,-1,-1,-1
1521,4,51.503028869628906,242.5125274658203,11.488361358642578,5.04949951171875,1,-1,-1,-1
1521,5,51.503013610839844,242.51260375976562,11.488361358642578,5.049468994140625,1,-1,-1,-1
1521,6,51.503013610839844,242.51260375976562,11.488334655761719,5.049468994140625,1,-1,-1,-1
1541,4,27.1502685546875,243.7202606201172,11.798397064208984,5.801177978515625,1,-1,-1,-1
1541,5,27.150245666503906,243.7202911376953,11.798408508300781,5.801116943359375,1,-1,-1,-1
1541,6,27.150257110595703,243.7202911376953,11.798404693603516,5.801116943359375,1,-1,-1,-1
1561,4,21.706336975097656,231.68087768554688,12.069522857666016,5.937774658203125,1,-1,-1,-1
1561,5,21.7062931060791,231.68089294433594,12.069562911987305,5.937744140625,1,-1,-1,-1
1561,6,21.706274032592773,231.68087768554688,12.069612503051758,5.937774658203125,1,-1,-1,-1
1581,4,21.35470962524414,211.28408813476562,12.180274963378906,5.862396240234375,1,-1,-1,-1
1581,5,21.354673385620117,211.2841033935547,12.180295944213867,5.8624267578125,1,-1,-1,-1
1581,6,21.354660034179688,211.28408813476562,12.180305480957031,5.862396240234375,1,-1,-1,-1
1601,4,22.314285278320312,194.15542602539062,11.736446380615234,5.05841064453125,1,-1,-1,-1
1601,5,22.314289093017578,194.15541076660156,11.736438751220703,5.058441162109375,1,-1,-1,-1
1601,6,22.31426239013672,194.15541076660156,11.736454010009766,5.05841064453125,1,-1,-1,-1
1621,4,18.56952476501465,192.61961364746094,11.711973190307617,5.1944580078125,1,-1,-1,-1
1621,5,18.569536209106445,192.61962890625,11.711973190307617,5.1944580078125,1,-1,-1,-1
1621,6,18.569536209106445,192.6197052001953,11.711973190307617,5.194427490234375,1,-1,-1,-1
1641,4,-1.9928687810897827,186.01512145996094,14.076855063438416,5.723114013671875,1,-1,-1,-1
1641,5,-1.9926273822784424,186.0151824951172,14.076648950576782,5.723114013671875,1,-1,-1,-1
1641,6,-1.9925928115844727,186.0151824951172,14.076662063598633,5.723114013671875,1,-1,-1,-1
1681,4,-6.591635227203369,176.9605255126953,13.377970218658447,6.980010986328125,1,-1,-1,-1
1681,5,-6.591615200042725,176.96047973632812,13.377942085266113,6.98004150390625,1,-1,-1,-1
1681,6,-6.5915751457214355,176.96047973632812,13.377893924713135,6.98004150390625,1,-1,-1,-1
1701,4,22.33100700378418,171.77490234375,13.64430046081543,5.964019775390625,1,-1,-1,-1
1701,5,22.3310489654541,171.77490234375,13.644296646118164,5.964019775390625,1,-1,-1,-1
1701,6,22.33110809326172,171.77493286132812,13.644279479980469,5.964019775390625,1,-1,-1,-1
1721,4,66.58222961425781,164.08810424804688,14.331222534179688,6.140533447265625,1,-1,-1,-1
1721,5,66.58222198486328,164.08810424804688,14.331230163574219,6.140533447265625,1,-1,-1,-1
1721,6,66.58222198486328,164.08810424804688,14.331230163574219,6.140533447265625,1,-1,-1,-1
1741,4,124.52359008789062,155.48342895507812,15.132232666015625,5.712066650390625,1,-1,-1,-1
1741,5,124.5235824584961,155.48342895507812,15.132255554199219,5.712066650390625,1,-1,-1,-1
1741,6,124.52359008789062,155.48342895507812,15.132232666015625,5.712066650390625,1,-1,-1,-1
1761,4,192.39566040039062,144.4700164794922,16.402069091796875,8.147796630859375,1,-1,-1,-1
1761,5,192.39566040039062,144.4700164794922,16.402069091796875,8.147796630859375,1,-1,-1,-1
1761,6,192.39566040039062,144.4700164794922,16.402069091796875,8.147796630859375,1,-1,-1,-1
1781,4,228.3726348876953,139.79486083984375,15.98297119140625,7.412567138671875,1,-1,-1,-1
1781,5,228.3726348876953,139.79486083984375,15.983001708984375,7.412567138671875,1,-1,-1,-1
1781,6,228.37261962890625,139.79486083984375,15.983001708984375,7.412567138671875,1,-1,-1,-1
1801,4,232.00875854492188,132.39495849609375,16.156204223632812,5.657196044921875,1,-1,-1,-1
1801,5,232.00872802734375,132.39495849609375,16.15618896484375,5.657196044921875,1,-1,-1,-1
1801,6,232.00872802734375,132.3949432373047,16.15618896484375,5.6572265625,1,-1,-1,-1
1821,4,241.3347625732422,131.44346618652344,15.413253784179688,5.19598388671875,1,-1,-1,-1
1821,5,241.3347625732422,131.44346618652344,15.413253784179688,5.19598388671875,1,-1,-1,-1
1821,6,241.3347625732422,131.44346618652344,15.413253784179688,5.19598388671875,1,-1,-1,-1
1841,4,268.1950988769531,128.68104553222656,16.825714111328125,5.061370849609375,1,-1,-1,-1
1841,5,268.19512939453125,128.68106079101562,16.82568359375,5.06134033203125,1,-1,-1,-1
1841,6,268.19512939453125,128.68106079101562,16.82568359375,5.06134033203125,1,-1,-1,-1
1861,4,305.2083740234375,124.91534423828125,16.52557373046875,5.7614898681640625,1,-1,-1,-1
1861,5,305.2083740234375,124.91534423828125,16.525604248046875,5.7614898681640625,1,-1,-1,-1
1861,6,305.2083740234375,124.91535186767578,16.52557373046875,5.761482238769531,1,-1,-1,-1
1881,4,349.45867919921875,120.71430969238281,16.35919189453125,5.2422637939453125,1,-1,-1,-1
1881,5,349.45867919921875,120.71430969238281,16.35919189453125,5.2422637939453125,1,-1,-1,-1
1881,6,349.45867919921875,120.71430969238281,16.35919189453125,5.2422637939453125,1,-1,-1,-1
1901,4,376.3133239746094,115.01708221435547,16.35528564453125,7.077484130859375,1,-1,-1,-1
1901,5,376.313232421875,115.01705169677734,16.35528564453125,7.0775146484375,1,-1,-1,-1
1901,6,376.3133239746094,115.01708221435547,16.35528564453125,7.077484130859375,1,-1,-1,-1
1921,4,378.2591247558594,101.40343475341797,16.671539306640625,6.4423675537109375,1,-1,-1,-1
1921,5,378.2591247558594,101.40343475341797,16.671539306640625,6.4423675537109375,1,-1,-1,-1
1921,6,378.2591247558594,101.40343475341797,16.671539306640625,6.4423675537109375,1,-1,-1,-1
1941,4,369.84918212890625,102.05859375,16.46185302734375,6.8558197021484375,1,-1,-1,-1
1941,5,369.84918212890625,102.05859375,16.46185302734375,6.8558197021484375,1,-1,-1,-1
1941,6,369.84918212890625,102.05859375,16.46185302734375,6.8558197021484375,1,-1,-1,-1
1961,4,343.379150390625,106.44961547851562,15.95001220703125,6.56829833984375,1,-1,-1,-1
1961,5,343.379150390625,106.44961547851562,15.95001220703125,6.56829833984375,1,-1,-1,-1
1961,6,343.379150390625,106.44961547851562,15.95001220703125,6.56829833984375,1,-1,-1,-1
1961,7,177.05947875976562,226.91148376464844,10.8641357421875,4.11456298828125,1,-1,-1,-1
1981,4,303.04852294921875,111.24723815917969,16.8555908203125,7.116424560546875,1,-1,-1,-1
1981,5,303.04852294921875,111.24723815917969,16.8555908203125,7.116424560546875,1,-1,-1,-1
1981,6,303.04852294921875,111.24723815917969,16.8555908203125,7.116424560546875,1,-1,-1,-1
1981,7,172.06277465820312,225.01890563964844,9.840591430664062,4.082611083984375,1,-1,-1,-1
2001,4,254.01309204101562,117.31929779052734,15.725982666015625,5.2275390625,1,-1,-1,-1
2001,5,254.01309204101562,117.31929779052734,15.725982666015625,5.2275390625,1,-1,-1,-1
2001,6,254.01309204101562,117.31929779052734,15.725982666015625,5.2275390625,1,-1,-1,-1
2001,7,164.9015655517578,223.74119567871094,9.888458251953125,4.14373779296875,1,-1,-1,-1
2021,4,233.8235626220703,120.03961181640625,15.551834106445312,5.545501708984375,1,-1,-1,-1
2021,5,233.8235626220703,120.03961181640625,15.551834106445312,5.545501708984375,1,-1,-1,-1
2021,6,233.8235626220703,120.03963470458984,15.551834106445312,5.545501708984375,1,-1,-1,-1
2021,7,159.9390106201172,221.41192626953125,9.465667724609375,4.019805908203125,1,-1,-1,-1
2041,4,228.50279235839844,120.0716552734375,15.808029174804688,7.010498046875,1,-1,-1,-1
2041,5,228.50279235839844,120.0716552734375,15.808029174804688,7.010498046875,1,-1,-1,-1
2041,6,228.5028076171875,120.0716552734375,15.8079833984375,7.010498046875,1,-1,-1,-1
2041,7,154.18141174316406,219.5556182861328,10.228240966796875,4.17437744140625,1,-1,-1,-1
2061,4,200.7552947998047,124.29667663574219,15.365097045898438,7.13836669921875,1,-1,-1,-1
2061,5,200.7552947998047,124.29667663574219,15.365097045898438,7.13836669921875,1,-1,-1,-1
2061,6,200.7552947998047,124.29667663574219,15.365097045898438,7.13836669921875,1,-1,-1,-1
2061,7,147.60647583007812,217.3373260498047,10.408065795898438,4.228729248046875,1,-1,-1,-1
2081,4,156.90850830078125,131.13812255859375,15.509857177734375,7.17645263671875,1,-1,-1,-1
2081,5,156.90850830078125,131.13812255859375,15.509857177734375,7.17645263671875,1,-1,-1,-1
2081,6,156.9085235595703,131.13812255859375,15.509857177734375,7.17645263671875,1,-1,-1,-1
2081,7,143.93194580078125,216.22317504882812,9.083755493164062,3.854888916015625,1,-1,-1,-1
2101,4,104.97158813476562,138.9790802001953,15.015602111816406,7.130706787109375,1,-1,-1,-1
2101,5,104.97158813476562,138.9790802001953,15.015602111816406,7.130706787109375,1,-1,-1,-1
2101,6,104.97160339355469,138.9790802001953,15.015579223632812,7.130706787109375,1,-1,-1,-1
2121,4,53.39262390136719,148.2777099609375,14.65740966796875,7.165283203125,1,-1,-1,-1
2121,5,53.39262390136719,148.2777099609375,14.65740966796875,7.165283203125,1,-1,-1,-1
2121,6,53.39262390136719,148.2777099609375,14.65740966796875,7.165283203125,1,-1,-1,-1
