1,1,409.15447998046875,129.1937255859375,15.292510986328125,5.688873291015625,1,-1,-1,-1
1,2,202.93154907226562,84.762939453125,46.20941162109375,21.925918579101562,1,-1,-1,-1
1,3,404.9372863769531,247.3551025390625,10.977874755859375,5.695648193359375,1,-1,-1,-1
21,1,409.0788269042969,137.6766815185547,15.159515380859375,5.22998046875,1,-1,-1,-1
21,2,365.989990234375,104.82858276367188,41.6678466796875,13.623565673828125,1,-1,-1,-1
21,3,384.3554382324219,246.25604248046875,11.335968017578125,5.414794921875,1,-1,-1,-1
41,1,379.08526611328125,128.31991577148438,45.444122314453125,14.96551513671875,1,-1,-1,-1
41,2,379.13677978515625,128.36097717285156,45.30401611328125,14.91668701171875,1,-1,-1,-1
41,3,374.0942687988281,246.9062957763672,11.39495849609375,4.692840576171875,1,-1,-1,-1
61,1,346.47637939453125,222.15591430664062,45.130126953125,20.76202392578125,1,-1,-1,-1
61,2,346.548828125,222.12449645996094,45.1170654296875,20.15850830078125,1,-1,-1,-1
61,3,374.0803527832031,247.3068084716797,12.222808837890625,4.282806396484375,1,-1,-1,-1
81,1,147.57247924804688,235.43606567382812,47.70576477050781,14.347900390625,1,-1,-1,-1
81,2,147.58187866210938,235.42433166503906,47.70283508300781,14.35650634765625,1,-1,-1,-1
81,3,147.5736846923828,235.4418182373047,47.70294189453125,14.34246826171875,1,-1,-1,-1
81,4,409.69805908203125,138.32908630371094,14.996795654296875,5.016754150390625,1,-1,-1,-1
101,1,375.0854797363281,247.07205200195312,11.390472412109375,4.336456298828125,1,-1,-1,-1
101,2,375.09210205078125,247.07058715820312,11.393646240234375,4.337982177734375,1,-1,-1,-1
101,3,375.0833435058594,247.07257080078125,11.389617919921875,4.3359375,1,-1,-1,-1
101,4,410.0190734863281,138.39195251464844,14.7113037109375,5.439788818359375,1,-1,-1,-1
121,1,375.3593444824219,246.98526000976562,11.053863525390625,4.291900634765625,1,-1,-1,-1
121,2,375.365478515625,246.98416137695312,11.05584716796875,4.292938232421875,1,-1,-1,-1
121,3,375.35760498046875,246.98561096191406,11.05328369140625,4.291778564453125,1,-1,-1,-1
121,4,410.09033203125,138.4629364013672,14.698028564453125,5.53839111328125,1,-1,-1,-1
141,1,375.67852783203125,245.79660034179688,10.998077392578125,4.58135986328125,1,-1,-1,-1
141,2,375.6797790527344,245.7961883544922,10.9930419921875,4.58154296875,1,-1,-1,-1
141,3,375.6794738769531,245.79660034179688,10.996307373046875,4.58099365234375,1,-1,-1,-1
141,4,410.0423889160156,138.43994140625,14.85260009765625,5.303375244140625,1,-1,-1,-1
161,1,378.93817138671875,239.62469482421875,11.505889892578125,5.495880126953125,1,-1,-1,-1
161,2,378.9378356933594,239.6248321533203,11.507568359375,5.4957275390625,1,-1,-1,-1
161,3,378.9393310546875,239.62464904785156,11.50457763671875,5.4959716796875,1,-1,-1,-1
161,4,409.91546630859375,138.2615509033203,15.15386962890625,5.10638427734375,1,-1,-1,-1
181,1,382.8248596191406,249.5940704345703,11.434326171875,7.6381072998046875,1,-1,-1,-1
181,2,382.8249816894531,249.59503173828125,11.43280029296875,7.640380859375,1,-1,-1,-1
181,3,382.822509765625,249.5954132080078,11.4337158203125,7.6390533447265625,1,-1,-1,-1
181,4,409.2590026855469,138.22650146484375,14.922332763671875,5.591094970703125,1,-1,-1,-1
201,1,382.7481384277344,284.7089538574219,10.724334716796875,4.89794921875,1,-1,-1,-1
201,2,382.7497863769531,284.70867919921875,10.723358154296875,4.8980712890625,1,-1,-1,-1
201,3,382.7494812011719,284.7088928222656,10.723876953125,4.897705078125,1,-1,-1,-1
201,4,408.80035400390625,139.7062530517578,15.01776123046875,5.564361572265625,1,-1,-1,-1
221,1,369.4222717285156,285.7691345214844,12.220916748046875,4.81011962890625,1,-1,-1,-1
221,2,369.42193603515625,285.76910400390625,12.22088623046875,4.809814453125,1,-1,-1,-1
221,3,369.422119140625,285.7690734863281,12.220672607421875,4.80987548828125,1,-1,-1,-1
221,4,409.07275390625,143.25233459472656,15.463043212890625,5.20086669921875,1,-1,-1,-1
241,1,337.1284484863281,284.9357604980469,10.917572021484375,5.08203125,1,-1,-1,-1
241,2,337.1287536621094,284.93597412109375,10.918060302734375,5.08197021484375,1,-1,-1,-1
241,3,337.12890625,284.93603515625,10.9176025390625,5.08184814453125,1,-1,-1,-1
241,4,410.353759765625,143.9632110595703,15.01495361328125,4.98931884765625,1,-1,-1,-1
261,1,275.7029724121094,283.8147888183594,14.30877685546875,6.52471923828125,1,-1,-1,-1
261,2,275.70330810546875,283.8151550292969,14.309478759765625,6.52435302734375,1,-1,-1,-1
261,3,275.7032470703125,283.8149108886719,14.30877685546875,6.52435302734375,1,-1,-1,-1
261,4,397.8926086425781,142.72198486328125,14.121551513671875,6.66278076171875,1,-1,-1,-1
281,1,237.97702026367188,284.1893615722656,10.596054077148438,4.99176025390625,1,-1,-1,-1
281,2,237.9766845703125,284.189453125,10.596282958984375,4.9915771484375,1,-1,-1,-1
281,3,237.97735595703125,284.18939208984375,10.595855712890625,4.9918212890625,1,-1,-1,-1
281,4,332.32696533203125,142.5963134765625,15.52032470703125,6.15606689453125,1,-1,-1,-1
301,1,240.64561462402344,284.1473388671875,10.93182373046875,5.41510009765625,1,-1,-1,-1
301,2,240.64556884765625,284.1471252441406,10.9307861328125,5.4151611328125,1,-1,-1,-1
301,3,240.64532470703125,284.14727783203125,10.931365966796875,5.41497802734375,1,-1,-1,-1
301,4,230.71603393554688,144.26585388183594,14.809921264648438,6.3343505859375,1,-1,-1,-1
321,1,273.1610412597656,284.0126647949219,14.429107666015625,6.889404296875,1,-1,-1,-1
321,2,273.1616516113281,284.0126037597656,14.428131103515625,6.88934326171875,1,-1,-1,-1
321,3,273.1613464355469,284.0126953125,14.42889404296875,6.889404296875,1,-1,-1,-1
321,4,170.44659423828125,145.93637084960938,14.645294189453125,6.765625,1,-1,-1,-1
341,1,317.99822998046875,286.7216491699219,11.8033447265625,4.30078125,1,-1,-1,-1
341,2,317.9980163574219,286.7215270996094,11.80303955078125,4.3004150390625,1,-1,-1,-1
341,3,317.9978332519531,286.72149658203125,11.80291748046875,4.30023193359375,1,-1,-1,-1
341,4,166.923828125,147.21612548828125,14.561080932617188,6.73779296875,1,-1,-1,-1
361,1,369.96087646484375,286.656982421875,12.37591552734375,4.204345703125,1,-1,-1,-1
361,2,369.9610900878906,286.65704345703125,12.37579345703125,4.204345703125,1,-1,-1,-1
361,3,369.9610900878906,286.6571350097656,12.375946044921875,4.2042236328125,1,-1,-1,-1
361,4,199.38478088378906,147.7586212158203,15.484771728515625,6.06536865234375,1,-1,-1,-1
381,1,409.1076965332031,303.3927001953125,9.551544189453125,5.28485107421875,1,-1,-1,-1
381,2,409.10748291015625,303.3924865722656,9.551300048828125,5.28515625,1,-1,-1,-1
381,3,409.10760498046875,303.39263916015625,9.55145263671875,5.28497314453125,1,-1,-1,-1
381,4,216.36734008789062,149.56884765625,13.9027099609375,5.14361572265625,1,-1,-1,-1
401,1,408.7091064453125,308.39337158203125,12.37451171875,6.38604736328125,1,-1,-1,-1
401,2,408.7091064453125,308.39337158203125,12.374267578125,6.38604736328125,1,-1,-1,-1
401,3,408.7091064453125,308.3934326171875,12.374420166015625,6.385986328125,1,-1,-1,-1
401,4,215.42152404785156,149.97357177734375,13.283889770507812,5.2276611328125,1,-1,-1,-1
421,1,395.0533752441406,237.9862518310547,27.48687744140625,8.71685791015625,1,-1,-1,-1
421,2,395.0535583496094,237.986572265625,27.487030029296875,8.716461181640625,1,-1,-1,-1
421,3,395.0534362792969,237.9864959716797,27.48712158203125,8.716552734375,1,-1,-1,-1
421,4,213.63677978515625,150.31849670410156,14.296905517578125,5.105621337890625,1,-1,-1,-1
441,1,306.93994140625,232.12290954589844,28.0272216796875,8.15496826171875,1,-1,-1,-1
441,2,306.9396057128906,232.1229705810547,28.0286865234375,8.1549072265625,1,-1,-1,-1
441,3,306.9398193359375,232.12294006347656,28.0279541015625,8.1549072265625,1,-1,-1,-1
441,4,201.43446350097656,149.55946350097656,14.024810791015625,5.982757568359375,1,-1,-1,-1
461,1,247.6292266845703,170.2076416015625,24.240219116210938,10.062469482421875,1,-1,-1,-1
461,2,247.6285400390625,170.20834350585938,24.24078369140625,10.062652587890625,1,-1,-1,-1
461,3,247.62879943847656,170.2080535888672,24.240646362304688,10.06256103515625,1,-1,-1,-1
461,4,195.2874755859375,151.35040283203125,13.712738037109375,4.870208740234375,1,-1,-1,-1
481,1,238.49017333984375,154.54119873046875,27.31243896484375,8.931396484375,1,-1,-1,-1
481,2,238.48968505859375,154.5410614013672,27.312469482421875,8.931304931640625,1,-1,-1,-1
481,3,238.48997497558594,154.54115295410156,27.312393188476562,8.931365966796875,1,-1,-1,-1
481,4,193.6779022216797,152.57736206054688,14.474899291992188,7.5966796875,1,-1,-1,-1
501,1,247.40060424804688,142.02294921875,29.199462890625,12.36944580078125,1,-1,-1,-1
501,2,247.40045166015625,142.02288818359375,29.199554443359375,12.369537353515625,1,-1,-1,-1
501,3,247.4005889892578,142.02294921875,29.199447631835938,12.36944580078125,1,-1,-1,-1
501,4,194.45407104492188,171.35513305664062,12.887542724609375,5.4315185546875,1,-1,-1,-1
521,1,241.9579315185547,146.76751708984375,27.622726440429688,14.165496826171875,1,-1,-1,-1
521,2,241.95791625976562,146.76748657226562,27.62274169921875,14.165557861328125,1,-1,-1,-1
521,3,241.9580078125,146.7675018310547,27.6226806640625,14.165496826171875,1,-1,-1,-1
521,4,195.23654174804688,191.27804565429688,11.02685546875,4.78680419921875,1,-1,-1,-1
541,1,228.617431640625,127.86046600341797,23.732696533203125,10.251304626464844,1,-1,-1,-1
541,2,228.6174774169922,127.86041259765625,23.732528686523438,10.251312255859375,1,-1,-1,-1
541,3,228.61741638183594,127.8604736328125,23.73272705078125,10.25128173828125,1,-1,-1,-1
541,4,196.55148315429688,206.91165161132812,10.11798095703125,4.236328125,1,-1,-1,-1
561,1,217.75672912597656,74.58699035644531,19.66156005859375,9.675582885742188,1,-1,-1,-1
561,2,217.75674438476562,74.58700561523438,19.661529541015625,9.675537109375,1,-1,-1,-1
561,3,217.7567138671875,74.58698272705078,19.661590576171875,9.67559814453125,1,-1,-1,-1
561,4,198.22802734375,219.2036895751953,10.515533447265625,4.092254638671875,1,-1,-1,-1
581,1,208.91165161132812,43.07734680175781,17.047805786132812,7.605171203613281,1,-1,-1,-1
581,2,208.91162109375,43.07734680175781,17.047821044921875,7.605171203613281,1,-1,-1,-1
581,3,208.91171264648438,43.077354431152344,17.047760009765625,7.605155944824219,1,-1,-1,-1
581,4,200.9607696533203,227.150146484375,9.780960083007812,5.048126220703125,1,-1,-1,-1
601,1,203.14895629882812,19.123458862304688,14.31658935546875,5.9340362548828125,1,-1,-1,-1
601,2,203.1490936279297,19.123462677001953,14.316436767578125,5.934181213378906,1,-1,-1,-1
601,3,203.14903259277344,19.123464584350586,14.316513061523438,5.934116363525391,1,-1,-1,-1
601,4,201.33409118652344,236.86123657226562,9.619720458984375,3.96405029296875,1,-1,-1,-1
621,1,198.4384765625,2.9832468032836914,12.681350708007812,6.250295639038086,1,-1,-1,-1
621,2,198.4385528564453,2.9842941761016846,12.6812744140625,6.249289274215698,1,-1,-1,-1
621,3,198.43850708007812,2.9837284088134766,12.681320190429688,6.249845504760742,1,-1,-1,-1
621,4,200.31793212890625,257.99237060546875,9.318740844726562,4.5213623046875,1,-1,-1,-1
641,1,192.55313110351562,29.322105407714844,11.403961181640625,5.614997863769531,1,-1,-1,-1
641,2,192.55319213867188,29.322101593017578,11.4039306640625,5.6150054931640625,1,-1,-1,-1
641,3,192.55313110351562,29.322092056274414,11.403961181640625,5.615011215209961,1,-1,-1,-1
641,4,200.80430603027344,241.8454132080078,9.494522094726562,3.86968994140625,1,-1,-1,-1
661,1,188.6766357421875,51.69456481933594,10.9412841796875,3.4816665649414062,1,-1,-1,-1
661,2,188.6766357421875,51.69456481933594,10.9412841796875,3.4816665649414062,1,-1,-1,-1
661,3,188.6766357421875,51.69456481933594,10.9412841796875,3.481658935546875,1,-1,-1,-1
661,4,200.164794921875,239.9634246826172,9.679840087890625,3.974639892578125,1,-1,-1,-1
681,1,187.38009643554688,58.05265426635742,11.47503662109375,6.223392486572266,1,-1,-1,-1
681,2,187.38014221191406,58.05265808105469,11.474990844726562,6.223381042480469,1,-1,-1,-1
681,3,187.38014221191406,58.052650451660156,11.474990844726562,6.223381042480469,1,-1,-1,-1
681,4,199.6675262451172,240.4994659423828,9.610824584960938,4.321929931640625,1,-1,-1,-1
701,1,183.77732849121094,81.02340698242188,10.51190185546875,5.0728302001953125,1,-1,-1,-1
701,2,183.77734375,81.02342224121094,10.51190185546875,5.0728302001953125,1,-1,-1,-1
701,3,183.77732849121094,81.02340698242188,10.511932373046875,5.0728302001953125,1,-1,-1,-1
701,4,213.442138671875,241.29391479492188,10.022994995117188,4.499908447265625,1,-1,-1,-1
721,1,181.12229919433594,99.46781158447266,9.26177978515625,3.860595703125,1,-1,-1,-1
721,2,181.12229919433594,99.46781158447266,9.26177978515625,3.860595703125,1,-1,-1,-1
721,3,181.12229919433594,99.46781158447266,9.26177978515625,3.860595703125,1,-1,-1,-1
721,4,246.6551055908203,242.86866760253906,8.844940185546875,4.58349609375,1,-1,-1,-1
741,1,180.3443145751953,101.97752380371094,9.044448852539062,3.5958099365234375,1,-1,-1,-1
741,2,180.34432983398438,101.97752380371094,9.044464111328125,3.5958099365234375,1,-1,-1,-1
741,3,180.34426879882812,101.97752380371094,9.044464111328125,3.5958099365234375,1,-1,-1,-1
741,4,256.9057922363281,271.4743347167969,8.86639404296875,3.523193359375,1,-1,-1,-1
761,1,180.39239501953125,101.94036865234375,8.98590087890625,3.597747802734375,1,-1,-1,-1
761,2,180.39242553710938,101.94037628173828,8.98590087890625,3.5977325439453125,1,-1,-1,-1
761,3,180.39239501953125,101.94036865234375,8.98590087890625,3.597747802734375,1,-1,-1,-1
761,4,354.66748046875,222.6832275390625,9.86297607421875,4.308074951171875,1,-1,-1,-1
781,1,179.882568359375,101.82725524902344,9.280548095703125,3.812744140625,1,-1,-1,-1
781,2,179.88253784179688,101.8272476196289,9.280593872070312,3.8127593994140625,1,-1,-1,-1
781,3,179.88253784179688,101.8272476196289,9.280593872070312,3.8127593994140625,1,-1,-1,-1
781,4,356.4490966796875,228.2137451171875,9.62646484375,4.727783203125,1,-1,-1,-1
801,1,180.042236328125,101.65679168701172,9.310562133789062,3.8458251953125,1,-1,-1,-1
801,2,180.042236328125,101.65679168701172,9.310562133789062,3.8458251953125,1,-1,-1,-1
801,3,180.04226684570312,101.65679168701172,9.310577392578125,3.8458251953125,1,-1,-1,-1
801,4,359.280517578125,218.20079040527344,10.471405029296875,4.950531005859375,1,-1,-1,-1
821,1,180.09011840820312,101.23365020751953,9.231918334960938,4.042877197265625,1,-1,-1,-1
821,2,180.09011840820312,101.23365020751953,9.231918334960938,4.042877197265625,1,-1,-1,-1
821,3,180.09011840820312,101.23365020751953,9.231918334960938,4.042877197265625,1,-1,-1,-1
821,4,367.21026611328125,155.48202514648438,10.582275390625,6.753753662109375,1,-1,-1,-1
841,1,181.2318572998047,101.445068359375,8.492050170898438,3.6945037841796875,1,-1,-1,-1
841,2,181.2318572998047,101.44508361816406,8.492050170898438,3.6945037841796875,1,-1,-1,-1
841,3,181.2318572998047,101.445068359375,8.492050170898438,3.6945037841796875,1,-1,-1,-1
841,4,377.5394287109375,81.39241790771484,11.87213134765625,5.0885772705078125,1,-1,-1,-1
861,1,181.1255645751953,101.01219177246094,8.895645141601562,4.1153717041015625,1,-1,-1,-1
861,2,181.12557983398438,101.01219177246094,8.895645141601562,4.1153717041015625,1,-1,-1,-1
861,3,181.1255645751953,101.01219177246094,8.895645141601562,4.1153717041015625,1,-1,-1,-1
861,4,392.3572082519531,49.105224609375,13.477264404296875,9.915336608886719,1,-1,-1,-1
881,1,180.8350830078125,101.04712677001953,8.707122802734375,3.75738525390625,1,-1,-1,-1
881,2,180.83505249023438,101.04712677001953,8.707168579101562,3.75738525390625,1,-1,-1,-1
881,3,180.83505249023438,101.04712677001953,8.707168579101562,3.75738525390625,1,-1,-1,-1
881,4,358.84588623046875,29.03048324584961,14.25201416015625,8.846504211425781,1,-1,-1,-1
901,1,181.3499298095703,101.33930206298828,9.010421752929688,3.948760986328125,1,-1,-1,-1
901,2,181.3499298095703,101.33930206298828,9.010421752929688,3.948760986328125,1,-1,-1,-1
901,3,181.34996032714844,101.33930206298828,9.01043701171875,3.948760986328125,1,-1,-1,-1
901,4,302.9327087402344,5.467611312866211,14.664825439453125,10.608011245727539,1,-1,-1,-1
921,1,180.9390869140625,101.55412292480469,9.26116943359375,3.793701171875,1,-1,-1,-1
921,2,180.9390869140625,101.55412292480469,9.26116943359375,3.793701171875,1,-1,-1,-1
921,3,180.9390869140625,101.55412292480469,9.26116943359375,3.793701171875,1,-1,-1,-1
941,1,180.743896484375,101.36132049560547,8.853805541992188,3.9345245361328125,1,-1,-1,-1
941,2,180.743896484375,101.36132049560547,8.853805541992188,3.9345245361328125,1,-1,-1,-1
941,3,180.74392700195312,101.36132049560547,8.853790283203125,3.9345245361328125,1,-1,-1,-1
961,1,181.01962280273438,101.37262725830078,8.50494384765625,3.85699462890625,1,-1,-1,-1
961,2,181.0196075439453,101.37262725830078,8.504989624023438,3.85699462890625,1,-1,-1,-1
961,3,181.01962280273438,101.37262725830078,8.50494384765625,3.85699462890625,1,-1,-1,-1
981,1,179.85122680664062,101.56694030761719,9.576644897460938,3.9731903076171875,1,-1,-1,-1
981,2,179.85122680664062,101.56694793701172,9.576644897460938,3.973175048828125,1,-1,-1,-1
981,3,179.85122680664062,101.56694793701172,9.576644897460938,3.973175048828125,1,-1,-1,-1
1001,1,179.96044921875,101.66161346435547,9.253570556640625,3.973388671875,1,-1,-1,-1
1001,2,179.96044921875,101.66161346435547,9.253570556640625,3.973388671875,1,-1,-1,-1
1001,3,179.96044921875,101.66161346435547,9.253570556640625,3.973388671875,1,-1,-1,-1
1021,1,179.6709442138672,101.83110046386719,9.134719848632812,3.843109130859375,1,-1,-1,-1
1021,2,179.6709442138672,101.83110046386719,9.134719848632812,3.843109130859375,1,-1,-1,-1
1021,3,179.6709442138672,101.83110046386719,9.134719848632812,3.843109130859375,1,-1,-1,-1
1041,1,181.34744262695312,101.44932556152344,8.828704833984375,4.764373779296875,1,-1,-1,-1
1041,2,181.34744262695312,101.44932556152344,8.828704833984375,4.764373779296875,1,-1,-1,-1
1041,3,181.34744262695312,101.44932556152344,8.828704833984375,4.764373779296875,1,-1,-1,-1
1061,1,195.3670654296875,101.92615509033203,9.331710815429688,5.2493438720703125,1,-1,-1,-1
1061,2,195.36705017089844,101.92615509033203,9.331710815429688,5.2493438720703125,1,-1,-1,-1
1061,3,195.3670654296875,101.92615509033203,9.331710815429688,5.2493438720703125,1,-1,-1,-1
1081,1,217.82469177246094,104.79269409179688,9.271011352539062,3.996368408203125,1,-1,-1,-1
1081,2,217.82469177246094,104.7927017211914,9.271011352539062,3.9963531494140625,1,-1,-1,-1
1081,3,217.82469177246094,104.7927017211914,9.271011352539062,3.9963531494140625,1,-1,-1,-1
1101,1,223.23341369628906,106.4188003540039,9.18060302734375,3.98101806640625,1,-1,-1,-1
1101,2,223.23341369628906,106.4188003540039,9.18060302734375,3.98101806640625,1,-1,-1,-1
1101,3,223.23341369628906,106.41879272460938,9.18060302734375,3.9810333251953125,1,-1,-1,-1
1121,1,229.54734802246094,131.7318572998047,9.628143310546875,4.30029296875,1,-1,-1,-1
1121,2,229.54734802246094,131.7318572998047,9.628143310546875,4.30029296875,1,-1,-1,-1
1121,3,229.54734802246094,131.7318572998047,9.628143310546875,4.30029296875,1,-1,-1,-1
1141,1,244.91665649414062,182.6410369873047,10.098602294921875,4.570465087890625,1,-1,-1,-1
1141,2,244.91665649414062,182.6410369873047,10.098602294921875,4.570465087890625,1,-1,-1,-1
1141,3,244.91665649414062,182.6410369873047,10.098602294921875,4.570465087890625,1,-1,-1,-1
1161,1,260.4659423828125,193.69168090820312,9.69244384765625,3.603424072265625,1,-1,-1,-1
1161,2,260.4659729003906,193.69168090820312,9.69244384765625,3.603424072265625,1,-1,-1,-1
1161,3,260.4659423828125,193.69168090820312,9.69244384765625,3.603424072265625,1,-1,-1,-1
1181,1,264.0655212402344,169.51553344726562,8.65496826171875,3.514556884765625,1,-1,-1,-1
1181,2,264.0655212402344,169.51553344726562,8.65496826171875,3.514556884765625,1,-1,-1,-1
1181,3,264.0655212402344,169.51553344726562,8.65496826171875,3.514556884765625,1,-1,-1,-1
1181,5,268.4420471191406,307.49249267578125,32.978668212890625,11.4613037109375,1,-1,-1,-1
1201,1,264.34893798828125,169.4874267578125,8.83123779296875,3.541107177734375,1,-1,-1,-1
1201,2,264.34893798828125,169.4874267578125,8.83123779296875,3.541107177734375,1,-1,-1,-1
1201,3,264.34893798828125,169.4874267578125,8.83123779296875,3.541107177734375,1,-1,-1,-1
1201,5,283.4860534667969,288.86395263671875,39.859710693359375,11.70068359375,1,-1,-1,-1
1221,1,263.5203552246094,153.6500244140625,8.9842529296875,3.929931640625,1,-1,-1,-1
1221,2,263.5203857421875,153.6500244140625,8.984222412109375,3.929931640625,1,-1,-1,-1
1221,3,263.5203552246094,153.6500244140625,8.9842529296875,3.929931640625,1,-1,-1,-1
1221,5,307.9981689453125,258.4642333984375,45.67779541015625,15.160400390625,1,-1,-1,-1
1241,1,265.10113525390625,122.93314361572266,9.51324462890625,4.9267578125,1,-1,-1,-1
1241,2,265.10113525390625,122.93315124511719,9.51324462890625,4.9267425537109375,1,-1,-1,-1
1241,3,265.10113525390625,122.93314361572266,9.51324462890625,4.9267578125,1,-1,-1,-1
1241,5,310.1370544433594,251.4326171875,50.093017578125,15.6341552734375,1,-1,-1,-1
1261,1,285.46002197265625,122.94868469238281,9.4072265625,4.2898712158203125,1,-1,-1,-1
1261,2,285.46002197265625,122.94868469238281,9.4072265625,4.2898712158203125,1,-1,-1,-1
1261,3,285.46002197265625,122.94868469238281,9.4072265625,4.2898712158203125,1,-1,-1,-1
1261,5,250.34344482421875,246.70455932617188,54.66351318359375,20.811279296875,1,-1,-1,-1
1281,1,327.7344970703125,128.5596160888672,9.10467529296875,3.71588134765625,1,-1,-1,-1
1281,2,327.7344970703125,128.5596160888672,9.10467529296875,3.71588134765625,1,-1,-1,-1
1281,3,327.7344970703125,128.5596160888672,9.10467529296875,3.71588134765625,1,-1,-1,-1
1281,5,190.66038513183594,296.5240783691406,52.51068115234375,14.252197265625,1,-1,-1,-1
1301,1,352.010986328125,148.85626220703125,8.05572509765625,3.954254150390625,1,-1,-1,-1
1301,2,352.010986328125,148.85626220703125,8.05572509765625,3.954254150390625,1,-1,-1,-1
1301,3,352.010986328125,148.85626220703125,8.05572509765625,3.954254150390625,1,-1,-1,-1
1301,5,183.02731323242188,294.1549377441406,59.8980712890625,24.30426025390625,1,-1,-1,-1
1321,1,351.1400146484375,156.8249053955078,9.262786865234375,5.88055419921875,1,-1,-1,-1
1321,2,351.1400146484375,156.8249053955078,9.262786865234375,5.88055419921875,1,-1,-1,-1
1321,3,351.1400146484375,156.8249053955078,9.262786865234375,5.88055419921875,1,-1,-1,-1
1321,5,159.62718200683594,257.0548095703125,80.90855407714844,30.05792236328125,1,-1,-1,-1
1341,1,340.4945068359375,166.15292358398438,8.536895751953125,3.828155517578125,1,-1,-1,-1
1341,2,340.4945068359375,166.15292358398438,8.536895751953125,3.828155517578125,1,-1,-1,-1
1341,3,340.4945068359375,166.15292358398438,8.536895751953125,3.828155517578125,1,-1,-1,-1
1341,5,250.3527069091797,241.1756134033203,103.08070373535156,38.90315246582031,1,-1,-1,-1
1361,1,335.45159912109375,169.60232543945312,7.98309326171875,3.632843017578125,1,-1,-1,-1
1361,2,335.45159912109375,169.60232543945312,7.98309326171875,3.632843017578125,1,-1,-1,-1
1361,3,335.45159912109375,169.60232543945312,7.98309326171875,3.632843017578125,1,-1,-1,-1
1361,5,289.4378967285156,238.82786560058594,102.44287109375,32.69911193847656,1,-1,-1,-1
1381,1,341.3866882324219,161.51649475097656,8.21929931640625,4.4866943359375,1,-1,-1,-1
1381,2,341.3866882324219,161.51649475097656,8.21929931640625,4.4866943359375,1,-1,-1,-1
1381,3,341.3866882324219,161.51649475097656,8.21929931640625,4.4866943359375,1,-1,-1,-1
1381,5,241.86148071289062,233.6693115234375,98.61489868164062,44.4000244140625,1,-1,-1,-1
1401,1,357.99493408203125,142.72093200683594,9.268798828125,3.611602783203125,1,-1,-1,-1
1401,2,357.99493408203125,142.72093200683594,9.268798828125,3.611602783203125,1,-1,-1,-1
1401,3,357.99493408203125,142.72093200683594,9.268798828125,3.611602783203125,1,-1,-1,-1
1401,5,212.03988647460938,239.47784423828125,111.37741088867188,29.37164306640625,1,-1,-1,-1
1421,1,373.17828369140625,113.26182556152344,10.679931640625,6.7746124267578125,1,-1,-1,-1
1421,2,373.17828369140625,113.26182556152344,10.679931640625,6.7746124267578125,1,-1,-1,-1
1421,3,373.17828369140625,113.26182556152344,10.679931640625,6.7746124267578125,1,-1,-1,-1
1421,5,212.3325958251953,241.26461791992188,97.40766906738281,31.88763427734375,1,-1,-1,-1
1441,1,373.5563659667969,107.0072250366211,10.611968994140625,4.4575042724609375,1,-1,-1,-1
1441,2,373.5563659667969,107.0072250366211,10.611968994140625,4.4575042724609375,1,-1,-1,-1
1441,3,373.5563659667969,107.0072250366211,10.611968994140625,4.4575042724609375,1,-1,-1,-1
1441,5,208.8636474609375,235.86624145507812,98.540771484375,33.4058837890625,1,-1,-1,-1
1461,1,360.2145690917969,105.04816436767578,10.48797607421875,4.31512451171875,1,-1,-1,-1
1461,2,360.21453857421875,105.04816436767578,10.488037109375,4.31512451171875,1,-1,-1,-1
1461,3,360.21453857421875,105.04816436767578,10.488037109375,4.31512451171875,1,-1,-1,-1
1461,5,214.4261016845703,233.70550537109375,106.70689392089844,36.185577392578125,1,-1,-1,-1
1481,1,362.9080810546875,95.17060089111328,10.239044189453125,3.7407684326171875,1,-1,-1,-1
1481,2,362.9080810546875,95.17060089111328,10.239044189453125,3.7407684326171875,1,-1,-1,-1
1481,3,362.9080810546875,95.17060089111328,10.239044189453125,3.7407684326171875,1,-1,-1,-1
1481,5,213.3405303955078,234.87791442871094,116.71287536621094,35.59617614746094,1,-1,-1,-1
1501,1,373.0996398925781,80.0617904663086,11.7236328125,5.2658233642578125,1,-1,-1,-1
1501,2,373.0996398925781,80.0617904663086,11.7236328125,5.2658233642578125,1,-1,-1,-1
1501,3,373.0996398925781,80.0617904663086,11.7236328125,5.2658233642578125,1,-1,-1,-1
1501,5,212.11184692382812,235.4510955810547,104.67620849609375,40.50193786621094,1,-1,-1,-1
1521,1,374.7271423339844,79.31410217285156,11.13922119140625,4.703582763671875,1,-1,-1,-1
1521,2,374.7271423339844,79.31410217285156,11.13922119140625,4.703582763671875,1,-1,-1,-1
1521,3,374.7271423339844,79.31410217285156,11.13922119140625,4.703582763671875,1,-1,-1,-1
1521,5,208.93380737304688,236.06491088867188,135.17593383789062,38.111114501953125,1,-1,-1,-1
1541,1,373.7440185546875,79.938232421875,11.010498046875,4.16815185546875,1,-1,-1,-1
1541,2,373.7440185546875,79.938232421875,11.010498046875,4.16815185546875,1,-1,-1,-1
1541,3,373.7440185546875,79.938232421875,11.010498046875,4.16815185546875,1,-1,-1,-1
1541,5,215.101318359375,241.41806030273438,127.348388671875,41.741943359375,1,-1,-1,-1
1561,1,375.9801025390625,79.4455795288086,11.248260498046875,4.02587890625,1,-1,-1,-1
1561,2,375.9801025390625,79.4455795288086,11.248260498046875,4.02587890625,1,-1,-1,-1
1561,3,375.9801025390625,79.4455795288086,11.248260498046875,4.02587890625,1,-1,-1,-1
1561,5,205.66769409179688,245.68460083007812,141.92294311523438,35.62744140625,1,-1,-1,-1
1581,1,384.1031188964844,83.44627380371094,11.75201416015625,5.68646240234375,1,-1,-1,-1
1581,2,384.1031188964844,83.44627380371094,11.75201416015625,5.68646240234375,1,-1,-1,-1
1581,3,384.1031188964844,83.44627380371094,11.75201416015625,5.68646240234375,1,-1,-1,-1
1581,5,201.99423217773438,248.87254333496094,141.70169067382812,37.88359069824219,1,-1,-1,-1
1601,1,386.5661926269531,98.87125396728516,11.925140380859375,4.494659423828125,1,-1,-1,-1
1601,2,386.56622314453125,98.87124633789062,11.925140380859375,4.494659423828125,1,-1,-1,-1
1601,3,386.5661926269531,98.87124633789062,11.925140380859375,4.494659423828125,1,-1,-1,-1
1601,5,201.59120178222656,251.3415985107422,140.98204040527344,33.09071350097656,1,-1,-1,-1
1621,1,392.5939636230469,95.14608764648438,11.697296142578125,4.1098480224609375,1,-1,-1,-1
1621,2,392.5939636230469,95.14608764648438,11.697296142578125,4.1098480224609375,1,-1,-1,-1
1621,3,392.5939636230469,95.14608764648438,11.697296142578125,4.1098480224609375,1,-1,-1,-1
1621,5,193.42401123046875,284.4385681152344,74.974609375,22.92498779296875,1,-1,-1,-1
1641,1,403.9816589355469,82.14537811279297,13.612213134765625,5.26580810546875,1,-1,-1,-1
1641,2,403.9816589355469,82.14537811279297,13.612213134765625,5.26580810546875,1,-1,-1,-1
1641,3,403.9816589355469,82.14537811279297,13.612213134765625,5.26580810546875,1,-1,-1,-1
1641,5,191.40902709960938,303.9079284667969,52.794952392578125,14.71661376953125,1,-1,-1,-1
1661,1,405.3182373046875,82.5526351928711,13.674072265625,4.8878173828125,1,-1,-1,-1
1661,2,405.3182373046875,82.5526351928711,13.674072265625,4.8878173828125,1,-1,-1,-1
1661,3,405.3182373046875,82.55262756347656,13.674072265625,4.8878326416015625,1,-1,-1,-1
1661,5,337.37677001953125,249.58407592773438,11.54718017578125,6.440704345703125,1,-1,-1,-1
1681,1,407.2626037597656,101.7571792602539,12.423095703125,4.973388671875,1,-1,-1,-1
1681,2,407.2626037597656,101.7571792602539,12.423095703125,4.973388671875,1,-1,-1,-1
1681,3,407.2626037597656,101.7571792602539,12.423095703125,4.973388671875,1,-1,-1,-1
1681,5,269.6231384277344,242.72412109375,13.050628662109375,5.6297607421875,1,-1,-1,-1
1701,1,410.01910400390625,165.14163208007812,12.416168212890625,6.110443115234375,1,-1,-1,-1
1701,2,410.01910400390625,165.14163208007812,12.416168212890625,6.110443115234375,1,-1,-1,-1
1701,3,410.01910400390625,165.14163208007812,12.416168212890625,6.110443115234375,1,-1,-1,-1
1701,5,198.92129516601562,239.82591247558594,13.726272583007812,6.4873046875,1,-1,-1,-1
1701,6,197.9585418701172,37.03431701660156,33.8258056640625,14.334243774414062,1,-1,-1,-1
1721,1,411.07305908203125,222.11683654785156,13.06573486328125,5.734588623046875,1,-1,-1,-1
1721,2,411.07305908203125,222.11683654785156,13.06573486328125,5.734588623046875,1,-1,-1,-1
1721,3,411.07305908203125,222.11683654785156,13.06573486328125,5.734588623046875,1,-1,-1,-1
1721,5,153.36618041992188,245.11087036132812,11.611007690429688,7.1458740234375,1,-1,-1,-1
1741,1,391.54559326171875,270.7776794433594,13.881072998046875,5.010986328125,1,-1,-1,-1
1741,2,391.54559326171875,270.7776794433594,13.881072998046875,5.010986328125,1,-1,-1,-1
1741,3,391.54559326171875,270.7776794433594,13.881072998046875,5.010986328125,1,-1,-1,-1
1741,5,143.8440704345703,252.5359649658203,10.203994750976562,5.7858123779296875,1,-1,-1,-1
1761,1,336.311279296875,271.0146179199219,13.84246826171875,6.45855712890625,1,-1,-1,-1
1761,2,336.3113708496094,271.0146484375,13.8424072265625,6.45855712890625,1,-1,-1,-1
1761,3,336.31134033203125,271.0146484375,13.84246826171875,6.45855712890625,1,-1,-1,-1
1761,5,162.54226684570312,258.1935729980469,10.566253662109375,4.8994140625,1,-1,-1,-1
1761,6,190.03233337402344,20.06240463256836,30.202133178710938,16.984256744384766,1,-1,-1,-1
1781,1,321.07611083984375,268.5587463378906,12.98333740234375,5.323974609375,1,-1,-1,-1
1781,2,321.0760803222656,268.5587463378906,12.98333740234375,5.323974609375,1,-1,-1,-1
1781,3,321.0760803222656,268.5587463378906,12.98333740234375,5.323974609375,1,-1,-1,-1
1781,5,203.03805541992188,262.0438537597656,11.0548095703125,5.20330810546875,1,-1,-1,-1
1781,6,186.4622802734375,56.88045883178711,27.19085693359375,9.340900421142578,1,-1,-1,-1
1801,1,323.96624755859375,260.1385498046875,13.16741943359375,4.81256103515625,1,-1,-1,-1
1801,2,323.96624755859375,260.1385498046875,13.16741943359375,4.81256103515625,1,-1,-1,-1
1801,3,323.96624755859375,260.1385498046875,13.16741943359375,4.81256103515625,1,-1,-1,-1
1801,5,253.52481079101562,265.6877746582031,9.697998046875,5.041748046875,1,-1,-1,-1
1801,6,123.43498229980469,57.853126525878906,29.703323364257812,12.622894287109375,1,-1,-1,-1
1821,1,267.5919189453125,266.12408447265625,10.7144775390625,4.4588623046875,1,-1,-1,-1
1821,2,267.5919189453125,266.12408447265625,10.7144775390625,4.4588623046875,1,-1,-1,-1
1821,3,267.5919189453125,266.12408447265625,10.7144775390625,4.4588623046875,1,-1,-1,-1
1821,5,267.59320068359375,266.12310791015625,10.714019775390625,4.4609375,1,-1,-1,-1
1821,6,87.54688262939453,3.423340320587158,26.25543975830078,14.232751369476318,1,-1,-1,-1
1841,1,287.3619384765625,266.9144287109375,10.02740478515625,4.41534423828125,1,-1,-1,-1
1841,2,287.3619384765625,266.9144287109375,10.02740478515625,4.41534423828125,1,-1,-1,-1
1841,3,287.3619384765625,266.9144287109375,10.02740478515625,4.41534423828125,1,-1,-1,-1
1841,5,287.35906982421875,266.9156188964844,10.02886962890625,4.41558837890625,1,-1,-1,-1
1861,1,321.09967041015625,267.3885498046875,10.379180908203125,4.34979248046875,1,-1,-1,-1
1861,2,321.09967041015625,267.3885498046875,10.379180908203125,4.34979248046875,1,-1,-1,-1
1861,3,321.09967041015625,267.3885498046875,10.379180908203125,4.34979248046875,1,-1,-1,-1
1861,5,321.103515625,267.3883361816406,10.3787841796875,4.349853515625,1,-1,-1,-1
1861,6,68.52427673339844,71.60267639160156,27.880516052246094,16.50079345703125,1,-1,-1,-1
1881,1,364.7454833984375,268.3259582519531,10.658111572265625,4.4556884765625,1,-1,-1,-1
1881,2,364.7454833984375,268.32598876953125,10.658111572265625,4.45562744140625,1,-1,-1,-1
1881,3,364.7454833984375,268.3259582519531,10.658111572265625,4.4556884765625,1,-1,-1,-1
1881,5,364.74420166015625,268.3260803222656,10.65863037109375,4.45538330078125,1,-1,-1,-1
1881,6,62.96440505981445,151.79434204101562,29.13399887084961,12.347381591796875,1,-1,-1,-1
1901,1,408.4801025390625,266.11151123046875,10.162139892578125,5.35943603515625,1,-1,-1,-1
1901,2,408.4801025390625,266.11151123046875,10.162139892578125,5.35943603515625,1,-1,-1,-1
1901,3,408.4801025390625,266.11151123046875,10.162139892578125,5.35943603515625,1,-1,-1,-1
1901,5,408.4797668457031,266.1114501953125,10.16204833984375,5.35931396484375,1,-1,-1,-1
1901,6,72.4708023071289,172.14308166503906,27.447303771972656,14.565155029296875,1,-1,-1,-1
1921,1,414.5837707519531,263.9302062988281,9.197479248046875,6.1531982421875,1,-1,-1,-1
1921,2,414.5837707519531,263.9302062988281,9.197479248046875,6.1531982421875,1,-1,-1,-1
1921,3,414.5837707519531,263.9302062988281,9.197479248046875,6.1531982421875,1,-1,-1,-1
1921,5,414.58392333984375,263.930419921875,9.197174072265625,6.1529541015625,1,-1,-1,-1
1921,6,93.18278503417969,212.43560791015625,22.094131469726562,10.17999267578125,1,-1,-1,-1
1941,1,364.0975646972656,261.00396728515625,10.66802978515625,6.317626953125,1,-1,-1,-1
1941,2,364.0975646972656,261.00396728515625,10.66802978515625,6.317626953125,1,-1,-1,-1
1941,3,364.0976257324219,261.00396728515625,10.66802978515625,6.317626953125,1,-1,-1,-1
1941,5,364.0974426269531,261.0041198730469,10.668243408203125,6.31732177734375,1,-1,-1,-1
1941,6,114.5768051147461,247.04269409179688,15.494468688964844,7.478546142578125,1,-1,-1,-1
1961,1,279.33355712890625,258.132568359375,11.126983642578125,7.0858154296875,1,-1,-1,-1
1961,2,279.33355712890625,258.132568359375,11.126983642578125,7.0858154296875,1,-1,-1,-1
1961,3,279.33355712890625,258.132568359375,11.126983642578125,7.0858154296875,1,-1,-1,-1
1961,5,279.33282470703125,258.1326599121094,11.127105712890625,7.08563232421875,1,-1,-1,-1
1961,6,279.3385009765625,258.13214111328125,11.12493896484375,7.08697509765625,1,-1,-1,-1
1981,1,220.86959838867188,281.09442138671875,7.7204132080078125,4.6964111328125,1,-1,-1,-1
1981,2,220.86959838867188,281.09442138671875,7.7204132080078125,4.6964111328125,1,-1,-1,-1
1981,3,220.86959838867188,281.09442138671875,7.7204132080078125,4.6964111328125,1,-1,-1,-1
1981,5,220.8694610595703,281.0944519042969,7.7206878662109375,4.6964111328125,1,-1,-1,-1
1981,6,220.86859130859375,281.0948486328125,7.722320556640625,4.69573974609375,1,-1,-1,-1
2001,1,224.67774963378906,283.6602478027344,10.576904296875,4.22564697265625,1,-1,-1,-1
2001,2,224.67774963378906,283.6602478027344,10.576904296875,4.22564697265625,1,-1,-1,-1
2001,3,224.67774963378906,283.6602478027344,10.576904296875,4.22564697265625,1,-1,-1,-1
2001,5,224.677734375,283.6602783203125,10.576812744140625,4.22576904296875,1,-1,-1,-1
2001,6,224.67660522460938,283.6603698730469,10.576828002929688,4.22576904296875,1,-1,-1,-1
2041,1,293.5809631347656,286.2346496582031,11.716888427734375,3.6732177734375,1,-1,-1,-1
2041,2,293.5809631347656,286.2346496582031,11.716888427734375,3.6732177734375,1,-1,-1,-1
2041,3,293.5809631347656,286.2346496582031,11.716888427734375,3.6732177734375,1,-1,-1,-1
2041,5,293.580810546875,286.23455810546875,11.71685791015625,3.6732177734375,1,-1,-1,-1
2041,6,293.5814208984375,286.2348937988281,11.71697998046875,3.6732177734375,1,-1,-1,-1
2061,1,344.26702880859375,286.1153869628906,10.491119384765625,5.19873046875,1,-1,-1,-1
2061,2,344.26702880859375,286.1153869628906,10.491119384765625,5.19873046875,1,-1,-1,-1
2061,3,344.26702880859375,286.1153869628906,10.491119384765625,5.19873046875,1,-1,-1,-1
2061,5,344.26715087890625,286.1153564453125,10.490814208984375,5.19866943359375,1,-1,-1,-1
2061,6,344.2674255371094,286.1158752441406,10.491851806640625,5.19818115234375,1,-1,-1,-1
2081,1,361.46710205078125,286.93359375,9.96978759765625,4.711669921875,1,-1,-1,-1
2081,2,361.467041015625,286.93359375,9.969879150390625,4.711669921875,1,-1,-1,-1
2081,3,361.46710205078125,286.93359375,9.96978759765625,4.711669921875,1,-1,-1,-1
2081,5,361.4669189453125,286.9335632324219,9.96990966796875,4.711669921875,1,-1,-1,-1
2081,6,361.46826171875,286.9341125488281,9.9697265625,4.711181640625,1,-1,-1,-1
2101,1,341.4986877441406,286.7498779296875,11.32781982421875,4.17205810546875,1,-1,-1,-1
2101,2,341.4986877441406,286.7498779296875,11.32781982421875,4.17205810546875,1,-1,-1,-1
2101,3,341.4986572265625,286.7498779296875,11.32781982421875,4.17205810546875,1,-1,-1,-1
2101,5,341.49859619140625,286.7498474121094,11.3277587890625,4.1719970703125,1,-1,-1,-1
2101,6,341.4990234375,286.7502136230469,11.3291015625,4.172119140625,1,-1,-1,-1
2121,1,317.9954528808594,286.43902587890625,10.961212158203125,4.1102294921875,1,-1,-1,-1
2121,2,317.99542236328125,286.43902587890625,10.961212158203125,4.1102294921875,1,-1,-1,-1
2121,3,317.9954528808594,286.43902587890625,10.961212158203125,4.1102294921875,1,-1,-1,-1
2121,5,317.99542236328125,286.4390869140625,10.96112060546875,4.11016845703125,1,-1,-1,-1
2121,6,317.99560546875,286.4385681152344,10.96124267578125,4.11114501953125,1,-1,-1,-1
2141,1,315.2406005859375,286.4142761230469,11.826690673828125,4.62103271484375,1,-1,-1,-1
2141,2,315.2406005859375,286.4142761230469,11.826690673828125,4.62103271484375,1,-1,-1,-1
2141,3,315.2406005859375,286.4142761230469,11.826690673828125,4.62103271484375,1,-1,-1,-1
2141,5,315.2406921386719,286.4134826660156,11.82745361328125,4.62152099609375,1,-1,-1,-1
2141,6,315.2370910644531,286.4186706542969,11.8236083984375,4.61907958984375,1,-1,-1,-1
