1,1,488.18304443359375,211.24581909179688,12.943603515625,5.990966796875,1,-1,-1,-1
21,1,488.9439697265625,211.19691467285156,12.693939208984375,5.174652099609375,1,-1,-1,-1
41,1,486.19122314453125,210.93324279785156,13.553680419921875,5.89874267578125,1,-1,-1,-1
61,1,479.2454528808594,211.49366760253906,12.627044677734375,5.604644775390625,1,-1,-1,-1
81,1,467.42144775390625,212.01036071777344,13.223876953125,5.5428466796875,1,-1,-1,-1
101,1,456.08953857421875,212.18280029296875,12.977294921875,5.346160888671875,1,-1,-1,-1
121,1,445.89837646484375,211.56439208984375,13.593963623046875,5.623687744140625,1,-1,-1,-1
141,1,436.54742431640625,209.70318603515625,13.39324951171875,6.0255126953125,1,-1,-1,-1
161,1,426.8823547363281,207.70208740234375,13.823699951171875,5.4132080078125,1,-1,-1,-1
181,1,415.4022216796875,204.70303344726562,14.06591796875,6.088134765625,1,-1,-1,-1
201,1,396.6864013671875,202.2266082763672,15.36749267578125,6.937225341796875,1,-1,-1,-1
221,1,368.0745849609375,201.4970245361328,15.36102294921875,5.9669189453125,1,-1,-1,-1
241,1,340.7484436035156,201.24871826171875,15.85296630859375,5.79937744140625,1,-1,-1,-1
261,1,316.0389709472656,200.9969940185547,16.576141357421875,5.739044189453125,1,-1,-1,-1
281,1,296.70147705078125,200.90289306640625,16.49481201171875,5.723175048828125,1,-1,-1,-1
301,1,282.00396728515625,200.1613006591797,16.551513671875,5.777435302734375,1,-1,-1,-1
321,1,270.313232421875,198.7194061279297,16.26397705078125,6.023040771484375,1,-1,-1,-1
341,1,259.01361083984375,197.29742431640625,17.604156494140625,6.61309814453125,1,-1,-1,-1
361,1,249.33804321289062,195.75755310058594,17.152984619140625,6.426177978515625,1,-1,-1,-1
381,1,238.0264434814453,193.6719512939453,17.82379150390625,6.734039306640625,1,-1,-1,-1
401,1,225.019775390625,191.63287353515625,17.897262573242188,6.624603271484375,1,-1,-1,-1
421,1,208.5435333251953,188.68060302734375,17.660675048828125,6.799835205078125,1,-1,-1,-1
441,1,190.92727661132812,186.1822052001953,17.662689208984375,6.5521240234375,1,-1,-1,-1
461,1,174.25546264648438,183.209716796875,13.70635986328125,6.17059326171875,1,-1,-1,-1
481,1,149.9378662109375,180.98927307128906,17.711837768554688,6.3582763671875,1,-1,-1,-1
501,1,129.10154724121094,179.38551330566406,14.899551391601562,6.35089111328125,1,-1,-1,-1
521,1,108.03137969970703,177.9956817626953,18.85334014892578,7.1148681640625,1,-1,-1,-1
541,1,101.02926635742188,181.85003662109375,19.380775451660156,7.5845947265625,1,-1,-1,-1
561,1,100.77254486083984,187.5736541748047,18.68785858154297,6.834747314453125,1,-1,-1,-1
581,1,102.51632690429688,193.47413635253906,17.1234130859375,5.887451171875,1,-1,-1,-1
601,1,102.59212493896484,198.41651916503906,18.709754943847656,6.342010498046875,1,-1,-1,-1
621,1,103.58673095703125,202.8067626953125,15.106292724609375,6.62603759765625,1,-1,-1,-1
721,2,-7.908387184143066,130.1719970703125,15.846829414367676,12.309112548828125,1,-1,-1,-1
741,3,101.39332580566406,236.44631958007812,15.010757446289062,6.35284423828125,1,-1,-1,-1
761,3,101.29424285888672,244.13473510742188,17.814369201660156,5.979278564453125,1,-1,-1,-1
781,3,100.66341400146484,251.69775390625,17.062095642089844,5.54620361328125,1,-1,-1,-1
801,3,98.30497741699219,257.06207275390625,17.758560180664062,7.105224609375,1,-1,-1,-1
821,3,93.32420349121094,261.1455383300781,20.13683319091797,7.10443115234375,1,-1,-1,-1
841,3,85.96611022949219,266.0124816894531,18.2958984375,6.86700439453125,1,-1,-1,-1
861,3,77.01446533203125,270.76202392578125,21.764869689941406,6.81121826171875,1,-1,-1,-1
881,3,71.29264068603516,275.619384765625,22.053794860839844,7.04241943359375,1,-1,-1,-1
901,3,64.1493911743164,280.3083190917969,22.98155975341797,8.29949951171875,1,-1,-1,-1
921,3,61.54199981689453,287.9850769042969,20.750778198242188,6.98150634765625,1,-1,-1,-1
941,3,64.55685424804688,294.40435791015625,20.80390167236328,6.9832763671875,1,-1,-1,-1
961,3,79.57228088378906,297.3704528808594,21.93170928955078,7.5447998046875,1,-1,-1,-1
981,3,85.37235260009766,300.8846130371094,24.195960998535156,7.32037353515625,1,-1,-1,-1
1001,3,89.57730102539062,307.6519470214844,22.120574951171875,7.55999755859375,1,-1,-1,-1
1021,3,95.3814697265625,313.3250732421875,21.711387634277344,8.0306396484375,1,-1,-1,-1
1081,3,102.37895202636719,331.8813171386719,21.78020477294922,7.99322509765625,1,-1,-1,-1
1101,3,101.88150024414062,331.72503662109375,22.245010375976562,8.30633544921875,1,-1,-1,-1
1121,3,102.32492065429688,331.7008056640625,22.556045532226562,8.5623779296875,1,-1,-1,-1
1141,3,111.10042572021484,331.3415222167969,22.557029724121094,8.5540771484375,1,-1,-1,-1
1161,3,127.16869354248047,331.67279052734375,21.77130889892578,7.7393798828125,1,-1,-1,-1
1201,3,182.07534790039062,331.0124816894531,21.458099365234375,6.35943603515625,1,-1,-1,-1
1221,3,211.04660034179688,329.00079345703125,21.04327392578125,8.265380859375,1,-1,-1,-1
1241,3,235.2707061767578,329.0604553222656,22.223861694335938,7.03851318359375,1,-1,-1,-1
1321,4,314.81231689453125,326.9148254394531,18.778076171875,5.973388671875,1,-1,-1,-1
1401,4,237.99169921875,220.63026428222656,0.8848876953125,0.69171142578125,1,-1,-1,-1
1581,6,525.9779052734375,319.8341979980469,18.923095703125,5.93096923828125,1,-1,-1,-1
1601,6,526.76904296875,320.22015380859375,19.0361328125,6.19366455078125,1,-1,-1,-1
1621,6,526.5894165039062,320.66705322265625,18.74365234375,6.58770751953125,1,-1,-1,-1
1641,6,526.2880859375,321.9363708496094,18.24285888671875,6.98114013671875,1,-1,-1,-1
1661,6,524.6869506835938,322.2786560058594,19.21453857421875,6.9190673828125,1,-1,-1,-1
1801,7,519.4153442382812,283.6567077636719,14.49615478515625,5.9249267578125,1,-1,-1,-1
1821,7,520.3780517578125,275.78955078125,17.0250244140625,6.8765869140625,1,-1,-1,-1
1841,7,521.9765014648438,268.8748474121094,16.889892578125,6.369140625,1,-1,-1,-1
1861,7,527.032958984375,263.74884033203125,17.672607421875,6.5531005859375,1,-1,-1,-1
1881,7,530.047119140625,257.9531555175781,18.1920166015625,7.12774658203125,1,-1,-1,-1
1901,7,528.703857421875,251.2582550048828,17.5589599609375,7.0445098876953125,1,-1,-1,-1
1921,7,527.1598510742188,243.2873992919922,17.8631591796875,6.915435791015625,1,-1,-1,-1
1941,7,527.6892700195312,233.74679565429688,18.21490478515625,7.220672607421875,1,-1,-1,-1
1961,7,527.3561401367188,224.82716369628906,17.77667236328125,7.444061279296875,1,-1,-1,-1
1981,7,526.4540405273438,223.79425048828125,18.0455322265625,6.90625,1,-1,-1,-1
2001,7,525.843505859375,224.3230743408203,17.941650390625,6.951019287109375,1,-1,-1,-1
2021,7,523.697509765625,226.73825073242188,18.0848388671875,7.6756591796875,1,-1,-1,-1
2041,7,521.4896240234375,230.0038299560547,17.113037109375,7.2818603515625,1,-1,-1,-1
2061,7,518.6420288085938,233.620361328125,16.01190185546875,6.54168701171875,1,-1,-1,-1
2081,7,517.3729858398438,237.9648895263672,15.610595703125,6.9281005859375,1,-1,-1,-1
2101,7,513.8177490234375,242.04942321777344,16.36376953125,6.735137939453125,1,-1,-1,-1
2121,7,509.57568359375,245.3592071533203,15.5882568359375,6.545196533203125,1,-1,-1,-1
2141,7,505.42034912109375,247.8125,15.107421875,5.911651611328125,1,-1,-1,-1
2161,7,503.6307067871094,246.72299194335938,14.101654052734375,5.612396240234375,1,-1,-1,-1
2181,7,502.7270202636719,243.614501953125,14.536285400390625,6.4862060546875,1,-1,-1,-1
2201,7,500.8932800292969,243.5036163330078,14.605316162109375,5.89813232421875,1,-1,-1,-1
2221,7,500.39031982421875,243.1631317138672,14.87652587890625,5.942413330078125,1,-1,-1,-1
