41,1,450.3421630859375,166.09457397460938,10.135894775390625,6.163299560546875,1,-1,-1,-1
61,1,448.99298095703125,165.65829467773438,16.080718994140625,6.512176513671875,1,-1,-1,-1
81,1,445.1109313964844,166.59300231933594,9.058380126953125,5.0606689453125,1,-1,-1,-1
121,1,430.21160888671875,168.76416015625,11.19940185546875,4.2569580078125,1,-1,-1,-1
141,2,285.0232849121094,329.06622314453125,9.2894287109375,5.1846923828125,1,-1,-1,-1
161,2,279.8541564941406,329.3251037597656,12.236846923828125,5.24481201171875,1,-1,-1,-1
181,2,273.26715087890625,328.9237976074219,12.755828857421875,5.9185791015625,1,-1,-1,-1
201,2,267.5961608886719,329.0168151855469,12.91802978515625,5.9285888671875,1,-1,-1,-1
221,2,260.8805236816406,329.20513916015625,14.016204833984375,6.078125,1,-1,-1,-1
241,2,255.15647888183594,329.2292785644531,13.242568969726562,6.14056396484375,1,-1,-1,-1
261,2,248.35079956054688,326.1106872558594,13.859405517578125,6.4512939453125,1,-1,-1,-1
281,2,246.91824340820312,322.0650939941406,12.48883056640625,5.9735107421875,1,-1,-1,-1
381,3,244.4415283203125,291.07562255859375,12.789794921875,5.3140869140625,1,-1,-1,-1
401,3,244.73695373535156,285.2252502441406,14.098007202148438,6.2481689453125,1,-1,-1,-1
421,3,245.9505615234375,283.3900146484375,13.7493896484375,5.79217529296875,1,-1,-1,-1
441,3,250.45510864257812,282.5070495605469,12.03399658203125,5.57537841796875,1,-1,-1,-1
461,3,256.5860290527344,282.8313903808594,10.132293701171875,5.45831298828125,1,-1,-1,-1
581,4,322.2615966796875,283.061279296875,12.0147705078125,5.17645263671875,1,-1,-1,-1
581,5,322.2622375488281,283.06097412109375,12.013916015625,5.1771240234375,1,-1,-1,-1
601,4,333.3926086425781,282.41082763671875,13.341278076171875,5.02587890625,1,-1,-1,-1
601,5,333.3926696777344,282.4105224609375,13.341217041015625,5.02630615234375,1,-1,-1,-1
621,4,343.26470947265625,281.4766540527344,11.90283203125,5.3079833984375,1,-1,-1,-1
621,5,343.2650146484375,281.47637939453125,11.901763916015625,5.3084716796875,1,-1,-1,-1
641,4,351.1654357910156,280.7967834472656,12.814788818359375,5.20367431640625,1,-1,-1,-1
641,5,351.16583251953125,280.7966003417969,12.8143310546875,5.2039794921875,1,-1,-1,-1
661,4,358.634521484375,279.9022521972656,14.22515869140625,6.46295166015625,1,-1,-1,-1
661,5,358.63494873046875,279.9017028808594,14.22479248046875,6.46380615234375,1,-1,-1,-1
681,4,368.915771484375,279.4652404785156,12.894287109375,6.3988037109375,1,-1,-1,-1
681,5,368.91558837890625,279.4650573730469,12.89422607421875,6.3990478515625,1,-1,-1,-1
701,4,376.6634826660156,279.4320373535156,12.823333740234375,5.64544677734375,1,-1,-1,-1
701,5,376.66314697265625,279.4318542480469,12.8236083984375,5.6456298828125,1,-1,-1,-1
721,4,384.64666748046875,279.09381103515625,12.317901611328125,6.07501220703125,1,-1,-1,-1
721,5,384.64697265625,279.093505859375,12.317596435546875,6.07537841796875,1,-1,-1,-1
741,4,391.85113525390625,279.1943054199219,12.56024169921875,5.75567626953125,1,-1,-1,-1
741,5,391.85101318359375,279.194091796875,12.560577392578125,5.75604248046875,1,-1,-1,-1
761,4,399.4741516113281,279.556640625,13.069671630859375,6.4791259765625,1,-1,-1,-1
761,5,399.47412109375,279.55633544921875,13.0694580078125,6.4793701171875,1,-1,-1,-1
781,4,405.4699401855469,279.93548583984375,14.151214599609375,6.20330810546875,1,-1,-1,-1
781,5,405.46978759765625,279.9354553222656,14.151214599609375,6.2034912109375,1,-1,-1,-1
801,4,411.7567443847656,280.47088623046875,13.947601318359375,5.73785400390625,1,-1,-1,-1
801,5,411.7564697265625,280.4709167480469,13.94769287109375,5.7376708984375,1,-1,-1,-1
821,4,418.7958068847656,280.6239929199219,13.83050537109375,6.22979736328125,1,-1,-1,-1
821,5,418.7958984375,280.62396240234375,13.83026123046875,6.2298583984375,1,-1,-1,-1
841,4,426.09991455078125,281.4950866699219,12.981353759765625,5.82122802734375,1,-1,-1,-1
841,5,426.0998229980469,281.4951171875,12.981170654296875,5.8211669921875,1,-1,-1,-1
861,4,433.4713134765625,281.4268798828125,13.1204833984375,6.51385498046875,1,-1,-1,-1
861,5,433.4714050292969,281.4268493652344,13.120269775390625,6.513916015625,1,-1,-1,-1
881,4,440.776123046875,281.9444885253906,13.562255859375,5.95123291015625,1,-1,-1,-1
881,5,440.7762145996094,281.9444580078125,13.562164306640625,5.9512939453125,1,-1,-1,-1
901,4,450.1822204589844,282.0126037597656,13.857818603515625,6.46575927734375,1,-1,-1,-1
901,5,450.18218994140625,282.01251220703125,13.8577880859375,6.4658203125,1,-1,-1,-1
921,4,459.95562744140625,284.5634765625,14.293212890625,6.39801025390625,1,-1,-1,-1
921,5,459.9556884765625,284.56341552734375,14.293121337890625,6.3980712890625,1,-1,-1,-1
941,4,461.2578125,287.33721923828125,13.668670654296875,6.20111083984375,1,-1,-1,-1
941,5,461.25787353515625,287.3371887207031,13.6685791015625,6.201171875,1,-1,-1,-1
961,4,460.56524658203125,291.1729736328125,14.33917236328125,6.7618408203125,1,-1,-1,-1
961,5,460.56524658203125,291.1729736328125,14.33917236328125,6.7618408203125,1,-1,-1,-1
981,4,461.1405029296875,297.1255798339844,14.05938720703125,6.31341552734375,1,-1,-1,-1
981,5,461.14056396484375,297.1255187988281,14.059295654296875,6.31341552734375,1,-1,-1,-1
1001,4,462.97613525390625,303.4972839355469,13.36810302734375,5.9173583984375,1,-1,-1,-1
1001,5,462.97613525390625,303.4972839355469,13.36810302734375,5.9173583984375,1,-1,-1,-1
1021,4,464.3798828125,309.25860595703125,13.8165283203125,6.57049560546875,1,-1,-1,-1
1021,5,464.3798828125,309.25860595703125,13.8165283203125,6.57049560546875,1,-1,-1,-1
1041,4,466.5325927734375,314.9373474121094,13.559326171875,6.60064697265625,1,-1,-1,-1
1041,5,466.5325927734375,314.9373474121094,13.559326171875,6.60064697265625,1,-1,-1,-1
1061,4,471.69659423828125,317.34014892578125,13.84954833984375,6.21795654296875,1,-1,-1,-1
1061,5,471.69659423828125,317.34014892578125,13.84954833984375,6.21795654296875,1,-1,-1,-1
1081,4,482.419677734375,317.61346435546875,13.960174560546875,6.68194580078125,1,-1,-1,-1
1081,5,482.419677734375,317.6134033203125,13.960174560546875,6.68194580078125,1,-1,-1,-1
1101,4,497.0761413574219,318.87811279296875,14.195556640625,6.29736328125,1,-1,-1,-1
1101,5,497.0761413574219,318.878173828125,14.195556640625,6.29736328125,1,-1,-1,-1
1121,4,511.63031005859375,321.34429931640625,13.932373046875,6.51055908203125,1,-1,-1,-1
1121,5,511.63031005859375,321.34429931640625,13.932373046875,6.51055908203125,1,-1,-1,-1
1141,4,524.4124145507812,324.7477722167969,13.90411376953125,6.48394775390625,1,-1,-1,-1
1141,5,524.4124145507812,324.7477722167969,13.90411376953125,6.48394775390625,1,-1,-1,-1
1161,4,528.6046752929688,327.9066162109375,14.31964111328125,6.0736083984375,1,-1,-1,-1
1161,5,528.6046752929688,327.9066162109375,14.31964111328125,6.0736083984375,1,-1,-1,-1
1181,4,529.5802001953125,333.46734619140625,13.798828125,6.78448486328125,1,-1,-1,-1
1181,5,529.580322265625,333.4673156738281,13.798828125,6.7845458984375,1,-1,-1,-1
1201,4,530.3194580078125,342.1297302246094,13.5853271484375,6.78924560546875,1,-1,-1,-1
1201,5,530.3194580078125,342.12969970703125,13.5853271484375,6.789306640625,1,-1,-1,-1
1221,4,531.2140502929688,351.0887756347656,14.45001220703125,6.10986328125,1,-1,-1,-1
1221,5,531.2140502929688,351.0887756347656,14.45001220703125,6.10986328125,1,-1,-1,-1
1241,4,532.0018920898438,359.98681640625,14.9893798828125,6.41937255859375,1,-1,-1,-1
1241,5,532.0018920898438,359.98681640625,14.9893798828125,6.41937255859375,1,-1,-1,-1
1261,4,533.1098022460938,368.75665283203125,13.7261962890625,5.73675537109375,1,-1,-1,-1
1261,5,533.1098022460938,368.75665283203125,13.7261962890625,5.73675537109375,1,-1,-1,-1
1281,4,532.8482055664062,371.5604553222656,14.876953125,5.9462890625,1,-1,-1,-1
1281,5,532.8482055664062,371.5604553222656,14.876953125,5.9462890625,1,-1,-1,-1
1301,4,531.8997802734375,371.43719482421875,14.56787109375,6.1495361328125,1,-1,-1,-1
1301,5,531.8997802734375,371.43719482421875,14.56787109375,6.1495361328125,1,-1,-1,-1
1321,4,529.8698120117188,371.4662780761719,15.0225830078125,6.250732421875,1,-1,-1,-1
1321,5,529.8698120117188,371.4662780761719,15.0225830078125,6.250732421875,1,-1,-1,-1
1341,4,526.029296875,371.5560607910156,14.43841552734375,6.0927734375,1,-1,-1,-1
1341,5,526.0293579101562,371.5560607910156,14.43841552734375,6.0927734375,1,-1,-1,-1
1361,4,522.0166625976562,372.2364501953125,13.8818359375,6.4251708984375,1,-1,-1,-1
1361,5,522.0166625976562,372.2364501953125,13.8818359375,6.4251708984375,1,-1,-1,-1
1381,4,521.4584350585938,376.4257507324219,13.69671630859375,6.09332275390625,1,-1,-1,-1
1381,5,521.4584350585938,376.4257507324219,13.69671630859375,6.09332275390625,1,-1,-1,-1
1401,4,521.7627563476562,383.09307861328125,14.387939453125,6.04205322265625,1,-1,-1,-1
1401,5,521.7627563476562,383.0931091308594,14.387939453125,6.0419921875,1,-1,-1,-1
1421,4,523.1060180664062,388.8470153808594,14.66046142578125,6.20648193359375,1,-1,-1,-1
1421,5,523.1060180664062,388.8470153808594,14.66046142578125,6.20648193359375,1,-1,-1,-1
1441,4,526.009033203125,389.0802001953125,14.24383544921875,6.23150634765625,1,-1,-1,-1
1441,5,526.009033203125,389.0802001953125,14.24383544921875,6.23150634765625,1,-1,-1,-1
1461,4,531.1439208984375,386.55010986328125,14.2196044921875,5.70684814453125,1,-1,-1,-1
1461,5,531.1439208984375,386.55010986328125,14.2196044921875,5.70684814453125,1,-1,-1,-1
1481,4,537.2412719726562,381.59130859375,14.345458984375,5.69403076171875,1,-1,-1,-1
1481,5,537.2412719726562,381.59130859375,14.345458984375,5.69403076171875,1,-1,-1,-1
1501,4,544.7669677734375,375.3525085449219,15.38543701171875,6.05657958984375,1,-1,-1,-1
1501,5,544.7669677734375,375.3525085449219,15.38543701171875,6.05657958984375,1,-1,-1,-1
1521,4,552.5670166015625,370.01513671875,15.10321044921875,7.60125732421875,1,-1,-1,-1
1521,5,552.5670166015625,370.01507568359375,15.10321044921875,7.60125732421875,1,-1,-1,-1
1541,4,555.4561157226562,372.79364013671875,16.07568359375,7.6595458984375,1,-1,-1,-1
1541,5,555.4561157226562,372.7936706542969,16.07568359375,7.65948486328125,1,-1,-1,-1
1561,4,553.837158203125,380.239501953125,16.21221923828125,6.5157470703125,1,-1,-1,-1
1561,5,553.8370971679688,380.239501953125,16.2122802734375,6.5157470703125,1,-1,-1,-1
1581,4,553.581787109375,387.79449462890625,16.5465087890625,6.8243408203125,1,-1,-1,-1
1581,5,553.581787109375,387.79449462890625,16.5465087890625,6.8243408203125,1,-1,-1,-1
1601,4,556.3003540039062,395.7052001953125,15.76251220703125,6.701904296875,1,-1,-1,-1
1601,5,556.30029296875,395.7052001953125,15.7625732421875,6.701904296875,1,-1,-1,-1
1621,4,558.5364379882812,403.0202331542969,15.793701171875,6.521728515625,1,-1,-1,-1
1621,5,558.5364379882812,403.0202331542969,15.793701171875,6.521728515625,1,-1,-1,-1
1641,4,559.882568359375,407.6942138671875,16.7135009765625,5.95623779296875,1,-1,-1,-1
1641,5,559.882568359375,407.6942138671875,16.7135009765625,5.95623779296875,1,-1,-1,-1
1641,6,559.892333984375,407.7080383300781,16.6865234375,5.93353271484375,1,-1,-1,-1
1661,4,560.4326171875,402.58294677734375,15.77490234375,6.61651611328125,1,-1,-1,-1
1661,5,560.4326171875,402.58294677734375,15.77490234375,6.61651611328125,1,-1,-1,-1
1661,6,560.388427734375,402.5817565917969,15.74127197265625,6.61236572265625,1,-1,-1,-1
1681,4,558.6827392578125,388.4621276855469,15.5538330078125,7.220458984375,1,-1,-1,-1
1681,5,558.6827392578125,388.46209716796875,15.5538330078125,7.220458984375,1,-1,-1,-1
1681,6,558.665283203125,388.4619140625,15.55572509765625,7.2264404296875,1,-1,-1,-1
1701,4,557.207275390625,373.591796875,16.13555908203125,7.04248046875,1,-1,-1,-1
1701,5,557.207275390625,373.591796875,16.13555908203125,7.04248046875,1,-1,-1,-1
1701,6,557.1973266601562,373.59063720703125,16.13482666015625,7.04583740234375,1,-1,-1,-1
1721,4,556.895751953125,358.71923828125,15.250244140625,6.7431640625,1,-1,-1,-1
1721,5,556.895751953125,358.71923828125,15.250244140625,6.7431640625,1,-1,-1,-1
1721,6,556.8871459960938,358.72296142578125,15.237548828125,6.73431396484375,1,-1,-1,-1
1741,4,555.0659790039062,343.06744384765625,15.73870849609375,7.20440673828125,1,-1,-1,-1
1741,5,555.0659790039062,343.06744384765625,15.73870849609375,7.20440673828125,1,-1,-1,-1
1741,6,555.059326171875,343.0704650878906,15.74017333984375,7.20318603515625,1,-1,-1,-1
1781,7,549.9749145507812,306.43603515625,15.186279296875,7.3056640625,1,-1,-1,-1
1801,7,547.2950439453125,290.10302734375,16.2027587890625,7.3656005859375,1,-1,-1,-1
1821,7,547.5706787109375,288.4787292480469,15.9456787109375,7.36669921875,1,-1,-1,-1
1841,7,545.4927978515625,287.92108154296875,15.545166015625,7.00531005859375,1,-1,-1,-1
1861,7,539.94091796875,286.8659973144531,15.01080322265625,7.0792236328125,1,-1,-1,-1
1881,7,531.3067626953125,285.7284851074219,15.2822265625,7.58892822265625,1,-1,-1,-1
1901,7,520.9839477539062,284.79052734375,15.6646728515625,7.3096923828125,1,-1,-1,-1
1901,8,429.08587646484375,183.0321502685547,14.60418701171875,5.466949462890625,1,-1,-1,-1
1921,7,508.93951416015625,283.6170654296875,14.97393798828125,7.12896728515625,1,-1,-1,-1
1921,8,438.0087890625,182.248046875,9.0472412109375,5.309173583984375,1,-1,-1,-1
1941,7,494.45849609375,282.93463134765625,15.936676025390625,7.32135009765625,1,-1,-1,-1
1941,8,436.41082763671875,179.59176635742188,14.35882568359375,6.274261474609375,1,-1,-1,-1
1961,7,480.2772216796875,282.14923095703125,15.18743896484375,7.12762451171875,1,-1,-1,-1
1961,8,445.3363342285156,180.70799255371094,9.02459716796875,3.833892822265625,1,-1,-1,-1
1981,7,466.97308349609375,281.7308654785156,15.572418212890625,6.97332763671875,1,-1,-1,-1
1981,8,450.28057861328125,179.8962860107422,8.026885986328125,3.70941162109375,1,-1,-1,-1
2001,7,453.9351806640625,281.0215148925781,15.288299560546875,6.9732666015625,1,-1,-1,-1
2021,7,442.04644775390625,280.6691589355469,16.1572265625,6.8157958984375,1,-1,-1,-1
2021,8,458.21380615234375,178.42140197753906,7.66693115234375,4.27978515625,1,-1,-1,-1
2041,7,430.0806884765625,280.4535217285156,15.66558837890625,6.5699462890625,1,-1,-1,-1
2061,7,419.47894287109375,280.1156921386719,15.712982177734375,6.594482421875,1,-1,-1,-1
2061,8,465.2686767578125,177.4178466796875,8.13812255859375,4.4957275390625,1,-1,-1,-1
2081,7,409.8310546875,279.94091796875,14.9652099609375,6.43353271484375,1,-1,-1,-1
2081,8,468.9514465332031,177.57020568847656,7.583099365234375,4.1116943359375,1,-1,-1,-1
2101,7,400.45001220703125,279.1397399902344,14.09454345703125,6.876953125,1,-1,-1,-1
2101,8,472.0974426269531,176.9517059326172,7.914276123046875,4.397064208984375,1,-1,-1,-1
2121,7,391.1846923828125,279.5928955078125,14.947265625,6.04888916015625,1,-1,-1,-1
2141,7,383.16619873046875,278.65045166015625,13.5013427734375,6.6439208984375,1,-1,-1,-1
2141,8,479.2493896484375,177.2789306640625,8.674530029296875,3.936798095703125,1,-1,-1,-1
2161,7,377.73040771484375,278.619873046875,13.31597900390625,6.37908935546875,1,-1,-1,-1
2161,8,450.864013671875,165.77340698242188,8.43218994140625,4.880615234375,1,-1,-1,-1
