1,1,299.91748046875,298.1304626464844,22.70343017578125,7.23504638671875,1,-1,-1,-1
1,2,422.37457275390625,186.17514038085938,15.7523193359375,8.626251220703125,1,-1,-1,-1
1,3,525.834228515625,163.37921142578125,16.2781982421875,6.91143798828125,1,-1,-1,-1
21,1,300.9918212890625,304.20208740234375,22.77593994140625,7.03076171875,1,-1,-1,-1
21,2,415.33343505859375,193.4369659423828,16.40899658203125,6.26873779296875,1,-1,-1,-1
21,3,524.3641357421875,164.17510986328125,16.80169677734375,7.271759033203125,1,-1,-1,-1
41,1,300.26239013671875,307.05462646484375,22.76141357421875,7.06707763671875,1,-1,-1,-1
41,2,411.09063720703125,195.9337158203125,16.97698974609375,6.6484375,1,-1,-1,-1
41,3,520.892822265625,168.05181884765625,16.737060546875,6.905242919921875,1,-1,-1,-1
61,1,307.2018737792969,306.17559814453125,22.832550048828125,6.583740234375,1,-1,-1,-1
61,2,398.37030029296875,197.76898193359375,16.65966796875,6.675811767578125,1,-1,-1,-1
61,3,520.4439697265625,172.2471923828125,16.5406494140625,6.648681640625,1,-1,-1,-1
81,1,329.6865539550781,301.75457763671875,22.893829345703125,7.7896728515625,1,-1,-1,-1
81,2,384.4427795410156,199.29367065429688,16.479339599609375,6.536346435546875,1,-1,-1,-1
81,3,531.0690307617188,175.39425659179688,17.0418701171875,6.642913818359375,1,-1,-1,-1
101,1,334.3295593261719,298.3498229980469,22.77984619140625,6.799560546875,1,-1,-1,-1
101,2,370.37255859375,201.60733032226562,16.44598388671875,6.5264892578125,1,-1,-1,-1
101,3,554.2769775390625,176.66278076171875,16.7275390625,6.50128173828125,1,-1,-1,-1
121,1,334.04083251953125,294.5176696777344,23.4444580078125,7.12139892578125,1,-1,-1,-1
121,2,357.39337158203125,204.12962341308594,16.30364990234375,6.498443603515625,1,-1,-1,-1
121,3,587.600341796875,177.20022583007812,16.37158203125,6.206268310546875,1,-1,-1,-1
141,1,331.11822509765625,292.2327575683594,23.99078369140625,7.36871337890625,1,-1,-1,-1
141,2,345.19775390625,205.5001678466797,16.7266845703125,6.565948486328125,1,-1,-1,-1
141,3,612.5510864257812,176.6079559326172,14.428955078125,6.712249755859375,1,-1,-1,-1
161,1,326.9014892578125,290.6265869140625,22.60687255859375,6.82305908203125,1,-1,-1,-1
161,2,332.5273132324219,205.54367065429688,16.541351318359375,7.025421142578125,1,-1,-1,-1
161,3,616.4522094726562,175.5277862548828,14.45166015625,6.718231201171875,1,-1,-1,-1
181,1,324.6605224609375,289.6885681152344,23.558135986328125,7.1077880859375,1,-1,-1,-1
181,2,314.1152648925781,208.73672485351562,16.6544189453125,6.943267822265625,1,-1,-1,-1
181,3,613.2576904296875,174.44894409179688,15.00335693359375,6.857879638671875,1,-1,-1,-1
201,1,329.00543212890625,289.7010803222656,22.9501953125,6.85107421875,1,-1,-1,-1
201,2,290.4471130371094,214.19110107421875,16.787200927734375,7.049713134765625,1,-1,-1,-1
201,3,607.9480590820312,173.50433349609375,14.38690185546875,7.02374267578125,1,-1,-1,-1
221,1,338.10345458984375,289.05279541015625,24.16876220703125,7.25732421875,1,-1,-1,-1
221,2,271.7290954589844,222.516357421875,15.919097900390625,6.009124755859375,1,-1,-1,-1
221,3,601.3768310546875,173.48056030273438,14.31768798828125,6.667327880859375,1,-1,-1,-1
241,1,355.18756103515625,288.4471740722656,23.391357421875,7.1776123046875,1,-1,-1,-1
241,2,270.2337951660156,240.06227111816406,16.909698486328125,6.193267822265625,1,-1,-1,-1
241,3,593.8642578125,173.40072631835938,15.591796875,7.024749755859375,1,-1,-1,-1
261,1,376.1087646484375,288.0707702636719,23.5728759765625,7.0146484375,1,-1,-1,-1
261,2,270.1015319824219,263.9894104003906,16.03680419921875,6.00408935546875,1,-1,-1,-1
261,3,587.2102661132812,173.14849853515625,14.78045654296875,6.799896240234375,1,-1,-1,-1
281,1,388.9668273925781,284.17144775390625,23.937835693359375,7.57000732421875,1,-1,-1,-1
281,2,269.8526611328125,284.34320068359375,15.87109375,6.1953125,1,-1,-1,-1
281,3,581.36767578125,173.29977416992188,14.72412109375,6.69525146484375,1,-1,-1,-1
301,1,388.4579772949219,269.8047790527344,23.33709716796875,7.15069580078125,1,-1,-1,-1
301,2,270.6109313964844,305.6938171386719,16.0887451171875,5.64178466796875,1,-1,-1,-1
301,3,575.862060546875,173.29928588867188,15.19549560546875,6.817291259765625,1,-1,-1,-1
321,1,387.2137756347656,270.0685729980469,23.891448974609375,7.5726318359375,1,-1,-1,-1
321,2,273.92950439453125,326.6282958984375,14.97650146484375,5.23638916015625,1,-1,-1,-1
321,3,570.3569946289062,173.4363555908203,15.84820556640625,6.78082275390625,1,-1,-1,-1
341,1,385.42279052734375,263.3247375488281,23.4464111328125,6.9588623046875,1,-1,-1,-1
341,2,276.94732666015625,348.3622131347656,14.45135498046875,5.49273681640625,1,-1,-1,-1
341,3,565.3550415039062,173.52206420898438,15.6593017578125,6.80560302734375,1,-1,-1,-1
361,1,384.40875244140625,251.3031005859375,23.316741943359375,7.232666015625,1,-1,-1,-1
361,2,384.4087219238281,251.30374145507812,23.31695556640625,7.23187255859375,1,-1,-1,-1
361,3,561.5869750976562,173.82791137695312,15.4039306640625,6.61187744140625,1,-1,-1,-1
381,1,396.8818359375,251.38165283203125,22.975830078125,6.81829833984375,1,-1,-1,-1
381,2,396.8813781738281,251.38177490234375,22.976531982421875,6.81805419921875,1,-1,-1,-1
381,3,559.618408203125,173.9088592529297,15.75177001953125,6.80267333984375,1,-1,-1,-1
401,1,425.43218994140625,247.50328063964844,23.555908203125,7.14947509765625,1,-1,-1,-1
401,2,425.431884765625,247.50326538085938,23.556396484375,7.149444580078125,1,-1,-1,-1
401,3,556.7256469726562,174.46681213378906,15.68170166015625,6.543212890625,1,-1,-1,-1
421,1,460.52740478515625,242.99476623535156,23.544403076171875,7.4866943359375,1,-1,-1,-1
421,2,460.5274963378906,242.99485778808594,23.544219970703125,7.48651123046875,1,-1,-1,-1
421,3,552.8912963867188,174.96051025390625,15.67108154296875,6.5244140625,1,-1,-1,-1
421,4,359.3515625,363.47186279296875,14.65789794921875,3.707763671875,1,-1,-1,-1
441,1,496.56951904296875,241.22462463378906,21.29766845703125,7.06268310546875,1,-1,-1,-1
441,2,496.57037353515625,241.22467041015625,21.29644775390625,7.0626220703125,1,-1,-1,-1
441,3,549.5432739257812,175.72427368164062,15.33203125,6.68585205078125,1,-1,-1,-1
441,4,401.3050842285156,357.5339660644531,16.765899658203125,5.31719970703125,1,-1,-1,-1
461,1,529.2464599609375,241.33702087402344,22.30999755859375,7.109344482421875,1,-1,-1,-1
461,2,529.24658203125,241.33702087402344,22.3096923828125,7.109161376953125,1,-1,-1,-1
461,3,544.5652465820312,176.4412078857422,15.51702880859375,6.4090576171875,1,-1,-1,-1
461,4,439.71649169921875,353.0994567871094,19.4903564453125,4.52447509765625,1,-1,-1,-1
481,1,556.4554443359375,257.2919921875,20.72662353515625,7.17523193359375,1,-1,-1,-1
481,2,556.4559326171875,257.2919006347656,20.7259521484375,7.1754150390625,1,-1,-1,-1
481,3,538.8533935546875,176.52464294433594,15.955078125,6.558837890625,1,-1,-1,-1
481,4,471.61920166015625,348.58880615234375,16.727203369140625,5.2076416015625,1,-1,-1,-1
501,1,572.771728515625,269.7492370605469,16.76812744140625,6.219482421875,1,-1,-1,-1
501,2,572.7715454101562,269.7492980957031,16.7681884765625,6.21966552734375,1,-1,-1,-1
501,3,531.79541015625,176.90744018554688,16.2633056640625,6.5291748046875,1,-1,-1,-1
501,4,495.954833984375,346.90771484375,14.48651123046875,4.5904541015625,1,-1,-1,-1
521,1,579.6121215820312,274.4068603515625,16.82952880859375,6.68499755859375,1,-1,-1,-1
521,2,579.6124267578125,274.4069519042969,16.82928466796875,6.684814453125,1,-1,-1,-1
521,3,525.3538208007812,177.03158569335938,15.38189697265625,6.5089111328125,1,-1,-1,-1
521,4,515.3267822265625,343.9313049316406,16.50567626953125,5.31744384765625,1,-1,-1,-1
541,1,580.3473510742188,283.8634948730469,15.82000732421875,5.76953125,1,-1,-1,-1
541,2,580.34716796875,283.8636779785156,15.82000732421875,5.76922607421875,1,-1,-1,-1
541,3,517.6052856445312,177.39962768554688,15.5242919921875,6.3724365234375,1,-1,-1,-1
541,4,535.631103515625,340.43231201171875,14.31329345703125,5.41412353515625,1,-1,-1,-1
561,1,575.3800048828125,290.0511169433594,17.304443359375,5.9169921875,1,-1,-1,-1
561,2,575.380126953125,290.0511474609375,17.3043212890625,5.91693115234375,1,-1,-1,-1
561,3,509.71929931640625,177.52471923828125,15.256591796875,6.652435302734375,1,-1,-1,-1
561,4,554.6687622070312,337.1377258300781,16.41192626953125,4.8709716796875,1,-1,-1,-1
581,1,553.7349243164062,294.6970520019531,21.653076171875,5.72088623046875,1,-1,-1,-1
581,2,553.735107421875,294.6971740722656,21.65283203125,5.72064208984375,1,-1,-1,-1
581,3,501.4881896972656,177.55157470703125,16.060089111328125,7.1470947265625,1,-1,-1,-1
581,4,575.7880859375,334.5697021484375,17.14984130859375,5.6849365234375,1,-1,-1,-1
601,1,543.1881713867188,296.4202575683594,25.77593994140625,8.66754150390625,1,-1,-1,-1
601,2,543.1880493164062,296.4202575683594,25.77593994140625,8.66741943359375,1,-1,-1,-1
601,3,493.4695739746094,177.86428833007812,16.21087646484375,7.252471923828125,1,-1,-1,-1
601,4,601.05859375,333.0210876464844,13.164306640625,4.44171142578125,1,-1,-1,-1
621,1,542.519775390625,297.6056823730469,20.72491455078125,8.07550048828125,1,-1,-1,-1
621,2,542.5196533203125,297.60577392578125,20.72515869140625,8.075439453125,1,-1,-1,-1
621,3,486.1097412109375,178.7914581298828,15.327362060546875,6.591461181640625,1,-1,-1,-1
641,1,531.9671630859375,300.3441162109375,19.9656982421875,6.78857421875,1,-1,-1,-1
641,2,531.9671630859375,300.34417724609375,19.9656982421875,6.78857421875,1,-1,-1,-1
641,3,479.3965148925781,179.01181030273438,15.505889892578125,6.5369873046875,1,-1,-1,-1
661,1,518.2852783203125,303.6524353027344,19.6900634765625,6.2325439453125,1,-1,-1,-1
661,2,518.2852783203125,303.6524353027344,19.6900634765625,6.2325439453125,1,-1,-1,-1
661,3,470.361572265625,179.68785095214844,15.727752685546875,7.11773681640625,1,-1,-1,-1
681,1,504.3135986328125,306.4648742675781,19.8721923828125,6.4674072265625,1,-1,-1,-1
681,2,504.31353759765625,306.46490478515625,19.8721923828125,6.46734619140625,1,-1,-1,-1
681,3,461.4605407714844,180.52508544921875,14.438629150390625,7.033966064453125,1,-1,-1,-1
701,1,489.95050048828125,311.30523681640625,19.60211181640625,6.1376953125,1,-1,-1,-1
701,2,489.95050048828125,311.30523681640625,19.60211181640625,6.1376953125,1,-1,-1,-1
701,3,450.0870056152344,181.5257568359375,15.36370849609375,6.540496826171875,1,-1,-1,-1
721,1,476.8818664550781,314.4671325683594,21.393585205078125,6.31597900390625,1,-1,-1,-1
721,2,476.8818664550781,314.4670715332031,21.393585205078125,6.31597900390625,1,-1,-1,-1
721,3,436.3635559082031,182.20956420898438,15.89105224609375,6.764373779296875,1,-1,-1,-1
741,1,464.50433349609375,319.009033203125,20.74493408203125,6.14697265625,1,-1,-1,-1
741,2,464.5043640136719,319.009033203125,20.74493408203125,6.14697265625,1,-1,-1,-1
741,3,420.99261474609375,182.6595458984375,16.317230224609375,6.900360107421875,1,-1,-1,-1
761,1,450.9765930175781,320.30908203125,22.79107666015625,6.53656005859375,1,-1,-1,-1
761,2,450.9765930175781,320.30914306640625,22.79107666015625,6.53656005859375,1,-1,-1,-1
761,3,405.1566162109375,183.66525268554688,16.70794677734375,6.48187255859375,1,-1,-1,-1
781,1,437.7757568359375,317.9076843261719,22.43804931640625,6.50543212890625,1,-1,-1,-1
781,2,437.77581787109375,317.9076843261719,22.43804931640625,6.50543212890625,1,-1,-1,-1
781,3,388.85443115234375,184.69430541992188,16.56640625,6.360809326171875,1,-1,-1,-1
801,1,424.91998291015625,316.0533142089844,22.7423095703125,6.8084716796875,1,-1,-1,-1
801,2,424.919921875,316.0533142089844,22.7423095703125,6.8084716796875,1,-1,-1,-1
801,3,372.0910339355469,185.90866088867188,15.954742431640625,6.55523681640625,1,-1,-1,-1
821,1,412.93017578125,314.97906494140625,23.54425048828125,6.50164794921875,1,-1,-1,-1
821,2,412.93023681640625,314.97906494140625,23.54412841796875,6.50164794921875,1,-1,-1,-1
821,3,354.8998718261719,186.735595703125,16.410369873046875,7.0643310546875,1,-1,-1,-1
841,1,402.5924072265625,313.6287841796875,21.083282470703125,5.80303955078125,1,-1,-1,-1
841,2,402.5924072265625,313.6288146972656,21.083282470703125,5.802978515625,1,-1,-1,-1
841,3,336.35028076171875,188.10963439941406,15.785614013671875,7.05859375,1,-1,-1,-1
861,1,398.4627990722656,309.7960205078125,20.92681884765625,6.90484619140625,1,-1,-1,-1
861,2,398.4627990722656,309.7960205078125,20.92681884765625,6.90484619140625,1,-1,-1,-1
861,3,319.4461669921875,190.03770446777344,16.1278076171875,6.619415283203125,1,-1,-1,-1
881,1,397.5465393066406,309.036376953125,21.868804931640625,6.79229736328125,1,-1,-1,-1
881,2,397.5465393066406,309.036376953125,21.868804931640625,6.79229736328125,1,-1,-1,-1
881,3,305.2591552734375,191.41331481933594,15.91998291015625,6.77886962890625,1,-1,-1,-1
901,1,395.74017333984375,310.456298828125,22.66790771484375,6.6822509765625,1,-1,-1,-1
901,2,395.74017333984375,310.456298828125,22.66790771484375,6.6822509765625,1,-1,-1,-1
901,3,290.8232116699219,192.62628173828125,16.180145263671875,6.600372314453125,1,-1,-1,-1
921,1,393.45782470703125,312.5411682128906,22.69775390625,6.67767333984375,1,-1,-1,-1
921,2,393.45782470703125,312.5411682128906,22.69775390625,6.67767333984375,1,-1,-1,-1
921,3,278.8367004394531,193.65916442871094,15.161468505859375,6.91290283203125,1,-1,-1,-1
941,1,392.21722412109375,313.7826843261719,22.02093505859375,7.078125,1,-1,-1,-1
941,2,392.21722412109375,313.7826843261719,22.02093505859375,7.078125,1,-1,-1,-1
941,3,266.0968322753906,194.9587860107422,15.803253173828125,6.857147216796875,1,-1,-1,-1
961,1,388.301513671875,313.8512878417969,22.05535888671875,9.005615234375,1,-1,-1,-1
961,2,388.301513671875,313.8513488769531,22.05535888671875,9.005615234375,1,-1,-1,-1
961,3,255.13548278808594,196.22006225585938,15.431198120117188,6.911529541015625,1,-1,-1,-1
981,1,363.61181640625,317.0279235839844,23.077484130859375,7.51519775390625,1,-1,-1,-1
981,2,363.61181640625,317.0279235839844,23.077484130859375,7.51519775390625,1,-1,-1,-1
981,3,244.1671905517578,196.71511840820312,15.891036987304688,7.240325927734375,1,-1,-1,-1
1001,1,315.75372314453125,320.90191650390625,21.68072509765625,6.35357666015625,1,-1,-1,-1
1001,2,315.75372314453125,320.90191650390625,21.68072509765625,6.35357666015625,1,-1,-1,-1
1001,3,236.8183135986328,198.4486083984375,16.623336791992188,6.910797119140625,1,-1,-1,-1
1021,1,298.5315246582031,320.31817626953125,23.057037353515625,6.1517333984375,1,-1,-1,-1
1021,2,298.5315246582031,320.31817626953125,23.057037353515625,6.1517333984375,1,-1,-1,-1
1021,3,236.21856689453125,202.5704803466797,16.608810424804688,6.866790771484375,1,-1,-1,-1
1041,1,300.6156921386719,318.3124084472656,21.915740966796875,7.17291259765625,1,-1,-1,-1
1041,2,300.6156921386719,318.3124084472656,21.915740966796875,7.17291259765625,1,-1,-1,-1
1041,3,237.88803100585938,206.42942810058594,16.516647338867188,6.638885498046875,1,-1,-1,-1
1061,1,287.7230529785156,318.3061828613281,21.287445068359375,7.439697265625,1,-1,-1,-1
1061,2,287.7231140136719,318.3061828613281,21.287445068359375,7.439697265625,1,-1,-1,-1
1061,3,245.64512634277344,206.5165252685547,16.319198608398438,6.6385498046875,1,-1,-1,-1
1081,1,247.39569091796875,320.8144836425781,22.331817626953125,7.07489013671875,1,-1,-1,-1
1081,2,247.39569091796875,320.8144836425781,22.331817626953125,7.07489013671875,1,-1,-1,-1
1081,3,270.4787902832031,204.77857971191406,16.37652587890625,6.68194580078125,1,-1,-1,-1
1101,1,213.210693359375,321.98876953125,20.968902587890625,5.97174072265625,1,-1,-1,-1
1101,2,213.210693359375,321.9888000488281,20.968902587890625,5.97174072265625,1,-1,-1,-1
1101,3,300.1854553222656,202.64761352539062,15.574310302734375,6.80303955078125,1,-1,-1,-1
1121,1,205.9947509765625,319.8670959472656,21.579330444335938,6.69635009765625,1,-1,-1,-1
1121,2,205.9947509765625,319.8670959472656,21.579330444335938,6.69635009765625,1,-1,-1,-1
1121,3,320.3272705078125,200.63522338867188,15.70135498046875,7.070770263671875,1,-1,-1,-1
1141,1,197.1701202392578,313.48199462890625,22.229080200195312,9.40362548828125,1,-1,-1,-1
1141,2,197.1701202392578,313.4820251464844,22.229080200195312,9.403564453125,1,-1,-1,-1
1141,3,321.3165283203125,187.3424835205078,15.69122314453125,6.880767822265625,1,-1,-1,-1
1161,1,170.71435546875,311.9122009277344,21.965103149414062,6.84375,1,-1,-1,-1
1161,2,170.71435546875,311.9122009277344,21.965103149414062,6.84375,1,-1,-1,-1
1161,3,319.6964111328125,175.6319122314453,16.808563232421875,6.46514892578125,1,-1,-1,-1
1181,1,155.62799072265625,306.5954895019531,22.791229248046875,7.37432861328125,1,-1,-1,-1
1181,2,155.62799072265625,306.5954895019531,22.791229248046875,7.37432861328125,1,-1,-1,-1
1181,3,324.5862121582031,174.99200439453125,16.232147216796875,6.69989013671875,1,-1,-1,-1
1201,1,168.27146911621094,300.1920166015625,21.936416625976562,7.053955078125,1,-1,-1,-1
1201,2,168.27146911621094,300.1920166015625,21.936416625976562,7.053955078125,1,-1,-1,-1
1201,3,336.8053894042969,173.7560272216797,16.236572265625,7.045135498046875,1,-1,-1,-1
1221,1,176.85377502441406,302.09368896484375,21.388198852539062,7.10186767578125,1,-1,-1,-1
1221,2,176.85377502441406,302.09368896484375,21.388198852539062,7.10186767578125,1,-1,-1,-1
1221,3,346.5982360839844,172.41172790527344,15.899810791015625,6.847259521484375,1,-1,-1,-1
1241,1,179.5759735107422,313.6369934082031,21.841278076171875,6.759765625,1,-1,-1,-1
1241,2,179.5759735107422,313.6369934082031,21.841278076171875,6.759765625,1,-1,-1,-1
1241,3,358.86932373046875,171.5155792236328,16.47314453125,6.74847412109375,1,-1,-1,-1
1261,1,187.49490356445312,317.00054931640625,21.588409423828125,6.1849365234375,1,-1,-1,-1
1261,2,187.49490356445312,317.00054931640625,21.588409423828125,6.1849365234375,1,-1,-1,-1
1261,3,371.3896484375,170.5634765625,16.3155517578125,6.7528076171875,1,-1,-1,-1
1281,1,206.2608642578125,320.56268310546875,21.994216918945312,6.387451171875,1,-1,-1,-1
1281,2,206.2608642578125,320.56268310546875,21.994216918945312,6.387451171875,1,-1,-1,-1
1281,3,376.9377136230469,169.9893035888672,15.81573486328125,6.754608154296875,1,-1,-1,-1
1301,1,225.52651977539062,326.0469665527344,21.657684326171875,6.57659912109375,1,-1,-1,-1
1301,2,225.52651977539062,326.0469665527344,21.657684326171875,6.57659912109375,1,-1,-1,-1
1301,3,384.0409851074219,169.63613891601562,16.417236328125,6.321258544921875,1,-1,-1,-1
1321,1,237.31553649902344,330.6287841796875,21.728866577148438,6.82147216796875,1,-1,-1,-1
1321,2,237.31549072265625,330.6287841796875,21.7288818359375,6.82147216796875,1,-1,-1,-1
1321,3,402.736328125,167.88638305664062,15.669708251953125,6.731689453125,1,-1,-1,-1
1341,1,247.87973022460938,333.59979248046875,24.54345703125,6.61602783203125,1,-1,-1,-1
1341,2,247.87973022460938,333.59979248046875,24.54345703125,6.61602783203125,1,-1,-1,-1
1341,3,419.0675048828125,166.30606079101562,15.719818115234375,7.461761474609375,1,-1,-1,-1
1361,1,254.99853515625,334.8669128417969,21.299896240234375,7.1768798828125,1,-1,-1,-1
1361,2,254.99853515625,334.8669128417969,21.299896240234375,7.1768798828125,1,-1,-1,-1
1361,3,424.89056396484375,165.69859313964844,15.97021484375,6.869232177734375,1,-1,-1,-1
1381,1,258.70452880859375,334.6674499511719,21.3642578125,7.120361328125,1,-1,-1,-1
1381,2,258.7045593261719,334.6675109863281,21.36419677734375,7.12030029296875,1,-1,-1,-1
1381,3,433.3788757324219,164.834716796875,15.142974853515625,6.74517822265625,1,-1,-1,-1
1401,1,263.2252502441406,330.77532958984375,21.32464599609375,8.6373291015625,1,-1,-1,-1
1401,2,263.2252502441406,330.77532958984375,21.32464599609375,8.6373291015625,1,-1,-1,-1
1401,3,441.8310241699219,164.22962951660156,14.13641357421875,6.806610107421875,1,-1,-1,-1
1421,1,265.943115234375,325.7355651855469,20.8045654296875,6.28216552734375,1,-1,-1,-1
1421,2,265.9431457519531,325.7355651855469,20.804534912109375,6.28216552734375,1,-1,-1,-1
1421,3,442.84991455078125,164.73077392578125,14.4879150390625,6.6396484375,1,-1,-1,-1
1441,1,266.2825927734375,323.03912353515625,21.810577392578125,6.88873291015625,1,-1,-1,-1
1441,2,266.2825927734375,323.03912353515625,21.810577392578125,6.88873291015625,1,-1,-1,-1
1441,3,442.2003173828125,165.9001007080078,14.64959716796875,6.835693359375,1,-1,-1,-1
1461,1,266.45562744140625,321.6238098144531,21.722991943359375,6.8931884765625,1,-1,-1,-1
1461,2,266.45562744140625,321.6238098144531,21.722991943359375,6.8931884765625,1,-1,-1,-1
1461,3,441.769775390625,170.0965576171875,14.12567138671875,6.657257080078125,1,-1,-1,-1
1481,1,266.80462646484375,321.57281494140625,21.55279541015625,7.04052734375,1,-1,-1,-1
1481,2,266.80462646484375,321.57281494140625,21.55279541015625,7.04052734375,1,-1,-1,-1
1481,3,441.4794616699219,173.6202850341797,14.78216552734375,6.8255615234375,1,-1,-1,-1
1501,1,266.06304931640625,321.1424560546875,21.67230224609375,6.5648193359375,1,-1,-1,-1
1501,2,266.0631103515625,321.1424560546875,21.672271728515625,6.5648193359375,1,-1,-1,-1
1501,3,447.8114318847656,173.26226806640625,14.496917724609375,6.767303466796875,1,-1,-1,-1
1521,1,272.27294921875,320.337158203125,21.260406494140625,6.1805419921875,1,-1,-1,-1
1521,2,272.27294921875,320.337158203125,21.260406494140625,6.1805419921875,1,-1,-1,-1
1521,3,466.40338134765625,172.0171356201172,16.012359619140625,7.214996337890625,1,-1,-1,-1
1541,1,284.0705261230469,320.1396484375,21.553375244140625,6.20465087890625,1,-1,-1,-1
1541,2,284.0705261230469,320.1396484375,21.553375244140625,6.20465087890625,1,-1,-1,-1
1541,3,477.34796142578125,172.3501434326172,16.3775634765625,6.9862060546875,1,-1,-1,-1
1561,1,289.9399719238281,320.7177429199219,20.98736572265625,6.23297119140625,1,-1,-1,-1
1561,2,289.9399719238281,320.7177429199219,20.98736572265625,6.23297119140625,1,-1,-1,-1
1561,3,482.87060546875,172.95677185058594,15.687774658203125,7.154296875,1,-1,-1,-1
1581,1,289.8502197265625,319.4182434082031,20.853179931640625,6.3682861328125,1,-1,-1,-1
1581,2,289.8502197265625,319.4182434082031,20.853179931640625,6.3682861328125,1,-1,-1,-1
1581,3,487.28631591796875,182.786865234375,16.12042236328125,7.11663818359375,1,-1,-1,-1
1601,1,289.3905944824219,319.07379150390625,21.108306884765625,6.19732666015625,1,-1,-1,-1
1601,2,289.3905944824219,319.07379150390625,21.108306884765625,6.19732666015625,1,-1,-1,-1
1601,3,489.6593933105469,200.56324768066406,16.365966796875,7.118072509765625,1,-1,-1,-1
1621,1,296.41229248046875,319.20654296875,21.027557373046875,6.6026611328125,1,-1,-1,-1
1621,2,296.41229248046875,319.20654296875,21.027557373046875,6.6026611328125,1,-1,-1,-1
1621,3,488.7875671386719,205.84164428710938,16.118255615234375,7.24273681640625,1,-1,-1,-1
1641,1,308.3846740722656,320.22930908203125,21.258880615234375,6.26416015625,1,-1,-1,-1
1641,2,308.3846740722656,320.22930908203125,21.258880615234375,6.26416015625,1,-1,-1,-1
1641,3,488.9656982421875,205.84466552734375,15.97686767578125,7.130584716796875,1,-1,-1,-1
1661,1,319.4726257324219,322.1485900878906,21.456512451171875,7.03558349609375,1,-1,-1,-1
1661,2,319.4726257324219,322.1485595703125,21.456512451171875,7.03558349609375,1,-1,-1,-1
1661,3,490.73895263671875,205.53305053710938,16.154541015625,7.319000244140625,1,-1,-1,-1
1681,1,319.2776184082031,324.3314208984375,21.850494384765625,7.21844482421875,1,-1,-1,-1
1681,2,319.2776184082031,324.3314208984375,21.850555419921875,7.21844482421875,1,-1,-1,-1
1681,3,498.7453918457031,205.18577575683594,15.773529052734375,6.942291259765625,1,-1,-1,-1
1701,1,321.6112976074219,318.5202331542969,22.02947998046875,6.44696044921875,1,-1,-1,-1
1701,2,321.61126708984375,318.5202331542969,22.02947998046875,6.44696044921875,1,-1,-1,-1
1701,3,504.1258544921875,202.09295654296875,15.75994873046875,7.501068115234375,1,-1,-1,-1
1721,1,325.7467041015625,312.0965576171875,23.59259033203125,6.50555419921875,1,-1,-1,-1
1721,2,325.7467041015625,312.0965576171875,23.59259033203125,6.50555419921875,1,-1,-1,-1
1721,3,502.0072021484375,193.900146484375,15.487548828125,7.51495361328125,1,-1,-1,-1
1741,1,347.43389892578125,304.23333740234375,23.5406494140625,7.9217529296875,1,-1,-1,-1
1741,2,347.43389892578125,304.23333740234375,23.5406494140625,7.9217529296875,1,-1,-1,-1
1741,3,499.4192810058594,178.432861328125,15.726104736328125,7.465545654296875,1,-1,-1,-1
1761,1,352.1053771972656,299.0565490722656,23.70697021484375,7.3914794921875,1,-1,-1,-1
1761,2,352.1053771972656,299.0565490722656,23.70697021484375,7.3914794921875,1,-1,-1,-1
1761,3,497.2613525390625,160.50701904296875,15.43505859375,6.869873046875,1,-1,-1,-1
1781,1,352.6899719238281,293.26470947265625,25.466705322265625,7.5828857421875,1,-1,-1,-1
1781,2,352.68994140625,293.26470947265625,25.466766357421875,7.5828857421875,1,-1,-1,-1
1781,3,496.4169921875,155.30950927734375,14.88238525390625,6.518768310546875,1,-1,-1,-1
1801,1,356.6519775390625,288.39593505859375,24.44122314453125,7.9755859375,1,-1,-1,-1
1801,2,356.6519775390625,288.39593505859375,24.44122314453125,7.9755859375,1,-1,-1,-1
1801,3,495.5636291503906,155.0238494873047,14.6011962890625,6.96295166015625,1,-1,-1,-1
1821,1,342.24462890625,275.16009521484375,14.80401611328125,7.22625732421875,1,-1,-1,-1
1821,2,342.24462890625,275.1601257324219,14.80401611328125,7.226318359375,1,-1,-1,-1
1821,3,491.4380187988281,154.99888610839844,15.20172119140625,6.79302978515625,1,-1,-1,-1
1841,1,302.46881103515625,279.2835693359375,16.3885498046875,5.5784912109375,1,-1,-1,-1
1841,2,302.46881103515625,279.2835693359375,16.3885498046875,5.5784912109375,1,-1,-1,-1
1841,3,487.3779296875,154.9522247314453,14.67041015625,6.73297119140625,1,-1,-1,-1
1861,1,284.5278625488281,279.7972106933594,16.542724609375,5.5406494140625,1,-1,-1,-1
1861,2,284.5278625488281,279.7972106933594,16.542724609375,5.5406494140625,1,-1,-1,-1
1861,3,485.64849853515625,154.96163940429688,15.212249755859375,6.663360595703125,1,-1,-1,-1
1881,1,285.04083251953125,283.91717529296875,16.19989013671875,5.95068359375,1,-1,-1,-1
1881,2,285.04083251953125,283.91717529296875,16.19989013671875,5.95068359375,1,-1,-1,-1
1881,3,485.89697265625,154.3058319091797,15.4686279296875,6.60223388671875,1,-1,-1,-1
1901,1,287.799560546875,299.6351013183594,15.665618896484375,6.108154296875,1,-1,-1,-1
1901,2,287.799560546875,299.6351013183594,15.665618896484375,6.108154296875,1,-1,-1,-1
1901,3,488.1932067871094,163.66709899902344,13.7109375,7.166595458984375,1,-1,-1,-1
1921,1,289.20587158203125,319.09613037109375,15.284881591796875,5.4625244140625,1,-1,-1,-1
1921,2,289.20587158203125,319.09613037109375,15.284881591796875,5.4625244140625,1,-1,-1,-1
1921,3,489.1941833496094,174.3130645751953,15.1324462890625,6.74407958984375,1,-1,-1,-1
1941,1,291.040283203125,338.1800537109375,14.4970703125,4.6824951171875,1,-1,-1,-1
1941,2,291.040283203125,338.1800537109375,14.4970703125,4.6824951171875,1,-1,-1,-1
1941,3,485.87127685546875,174.04144287109375,15.40167236328125,7.094879150390625,1,-1,-1,-1
1961,1,293.6715393066406,356.8816833496094,14.31988525390625,4.81427001953125,1,-1,-1,-1
1961,2,293.6715393066406,356.8816833496094,14.31988525390625,4.81427001953125,1,-1,-1,-1
1961,3,481.34222412109375,174.04286193847656,15.1806640625,6.932952880859375,1,-1,-1,-1
1981,1,294.7732238769531,365.8211669921875,14.873443603515625,4.691650390625,1,-1,-1,-1
1981,2,294.7732238769531,365.8211669921875,14.873443603515625,4.691650390625,1,-1,-1,-1
1981,3,474.2410888671875,174.7373504638672,15.01373291015625,6.517303466796875,1,-1,-1,-1
2001,1,281.9326171875,363.7532043457031,15.494781494140625,6.27752685546875,1,-1,-1,-1
2001,2,281.9326171875,363.7532043457031,15.494781494140625,6.27752685546875,1,-1,-1,-1
2001,3,469.2162780761719,175.1591339111328,16.171722412109375,6.619873046875,1,-1,-1,-1
2021,3,468.5587158203125,170.74952697753906,15.8199462890625,7.039825439453125,1,-1,-1,-1
2041,1,363.52545166015625,294.0569152832031,25.3218994140625,7.3507080078125,1,-1,-1,-1
2041,2,363.52545166015625,294.0569152832031,25.3218994140625,7.3507080078125,1,-1,-1,-1
2041,3,469.01507568359375,167.8662109375,14.990692138671875,6.840545654296875,1,-1,-1,-1
2061,1,362.8371887207031,292.91741943359375,24.62158203125,7.38067626953125,1,-1,-1,-1
2061,2,362.8371887207031,292.91741943359375,24.62158203125,7.38067626953125,1,-1,-1,-1
2061,3,467.6424865722656,167.4894256591797,15.565032958984375,6.951995849609375,1,-1,-1,-1
2081,1,363.32794189453125,291.0865173339844,24.7452392578125,7.53131103515625,1,-1,-1,-1
2081,2,363.32794189453125,291.0865173339844,24.7452392578125,7.53131103515625,1,-1,-1,-1
2081,3,459.34625244140625,167.66786193847656,15.730712890625,6.984161376953125,1,-1,-1,-1
2101,1,372.6244812011719,288.3524169921875,25.57867431640625,8.1107177734375,1,-1,-1,-1
2101,2,372.6244812011719,288.3524169921875,25.57867431640625,8.1107177734375,1,-1,-1,-1
2101,3,444.79144287109375,169.5241241455078,15.259490966796875,6.271270751953125,1,-1,-1,-1
2121,1,378.84698486328125,287.4892883300781,25.04949951171875,6.82305908203125,1,-1,-1,-1
2121,2,378.84698486328125,287.4892883300781,25.04949951171875,6.82305908203125,1,-1,-1,-1
2121,3,428.21728515625,170.5217742919922,16.319183349609375,6.72216796875,1,-1,-1,-1
2141,1,381.01446533203125,285.7106018066406,25.02581787109375,7.71258544921875,1,-1,-1,-1
2141,2,381.01446533203125,285.7106018066406,25.02581787109375,7.71258544921875,1,-1,-1,-1
2141,3,417.4139404296875,171.40036010742188,15.915374755859375,6.514678955078125,1,-1,-1,-1
