1,1,427.24774169921875,252.17169189453125,14.66644287109375,4.328369140625,1,-1,-1,-1
1,2,404.3415832519531,77.9865493774414,27.573333740234375,10.662826538085938,1,-1,-1,-1
21,1,423.47882080078125,252.2642059326172,14.55108642578125,4.6241302490234375,1,-1,-1,-1
21,2,403.62066650390625,66.18060302734375,27.679840087890625,9.366744995117188,1,-1,-1,-1
41,1,425.28759765625,254.51437377929688,13.757843017578125,4.57611083984375,1,-1,-1,-1
41,2,403.8257141113281,53.82936477661133,26.91864013671875,11.047710418701172,1,-1,-1,-1
61,1,426.7290954589844,255.5211181640625,11.951202392578125,4.61041259765625,1,-1,-1,-1
61,2,421.203125,58.603981018066406,26.87811279296875,10.96124267578125,1,-1,-1,-1
81,1,424.9630126953125,260.03094482421875,14.71746826171875,4.888427734375,1,-1,-1,-1
81,2,457.8487854003906,66.99744415283203,25.41387939453125,10.18023681640625,1,-1,-1,-1
101,1,423.99249267578125,266.8416748046875,14.86474609375,5.079345703125,1,-1,-1,-1
101,2,496.14898681640625,76.77513122558594,23.9998779296875,8.69964599609375,1,-1,-1,-1
121,1,431.03326416015625,267.8730773925781,15.240081787109375,4.9654541015625,1,-1,-1,-1
121,2,524.4859619140625,85.17068481445312,24.35357666015625,8.66912841796875,1,-1,-1,-1
141,1,437.5476379394531,268.0859680175781,17.419586181640625,5.68902587890625,1,-1,-1,-1
141,2,530.1398315429688,105.6259765625,25.01708984375,8.50201416015625,1,-1,-1,-1
161,1,433.6685791015625,266.57940673828125,15.83795166015625,4.6768798828125,1,-1,-1,-1
161,2,532.278076171875,137.63299560546875,24.62091064453125,8.5711669921875,1,-1,-1,-1
181,1,418.684326171875,261.92913818359375,13.7257080078125,4.88885498046875,1,-1,-1,-1
181,2,536.0415649414062,158.01365661621094,23.43292236328125,7.709259033203125,1,-1,-1,-1
201,1,398.588623046875,258.1852111816406,15.517578125,5.705078125,1,-1,-1,-1
201,2,534.37255859375,159.6564178466797,23.84332275390625,7.3280029296875,1,-1,-1,-1
221,1,384.47698974609375,256.5101318359375,15.215545654296875,5.139404296875,1,-1,-1,-1
221,2,519.8765258789062,159.98135375976562,25.13897705078125,7.152496337890625,1,-1,-1,-1
241,1,377.38507080078125,255.62039184570312,16.130889892578125,4.76336669921875,1,-1,-1,-1
241,2,494.38885498046875,159.0830535888672,26.05859375,7.82928466796875,1,-1,-1,-1
261,1,369.2385559082031,254.9379119873047,16.0302734375,4.3967437744140625,1,-1,-1,-1
261,2,468.1081848144531,160.09820556640625,26.498931884765625,8.50225830078125,1,-1,-1,-1
281,1,356.94439697265625,254.49314880371094,15.82647705078125,4.3915557861328125,1,-1,-1,-1
281,2,447.90667724609375,166.48753356933594,26.844024658203125,7.463531494140625,1,-1,-1,-1
301,1,348.7444763183594,256.1608581542969,16.400604248046875,4.90118408203125,1,-1,-1,-1
301,2,445.93109130859375,197.09854125976562,24.08319091796875,7.274139404296875,1,-1,-1,-1
321,1,348.1206970214844,257.0033264160156,15.892242431640625,5.054443359375,1,-1,-1,-1
321,2,449.32196044921875,212.19044494628906,24.1878662109375,6.9903564453125,1,-1,-1,-1
341,1,344.15948486328125,256.9346008300781,15.7337646484375,5.2847900390625,1,-1,-1,-1
341,2,441.6311340332031,215.54981994628906,25.551361083984375,7.094818115234375,1,-1,-1,-1
361,1,337.3597717285156,256.82611083984375,15.977081298828125,4.86737060546875,1,-1,-1,-1
361,2,425.3207702636719,216.5229034423828,26.246429443359375,7.33184814453125,1,-1,-1,-1
381,1,330.4397277832031,255.86080932617188,15.352783203125,4.43072509765625,1,-1,-1,-1
381,2,417.3601989746094,228.1276397705078,24.385223388671875,7.586029052734375,1,-1,-1,-1
401,1,413.83526611328125,238.38311767578125,25.198211669921875,8.339752197265625,1,-1,-1,-1
401,2,413.8219909667969,238.3801727294922,25.222076416015625,8.3428955078125,1,-1,-1,-1
421,1,395.343505859375,240.37738037109375,27.22015380859375,7.237335205078125,1,-1,-1,-1
421,2,395.34033203125,240.37966918945312,27.2247314453125,7.23382568359375,1,-1,-1,-1
441,1,368.2310791015625,240.94769287109375,26.464080810546875,6.860015869140625,1,-1,-1,-1
441,2,368.22967529296875,240.94691467285156,26.465911865234375,6.862335205078125,1,-1,-1,-1
461,1,340.71563720703125,237.06832885742188,26.88531494140625,7.543853759765625,1,-1,-1,-1
461,2,340.7164001464844,237.06890869140625,26.886444091796875,7.543060302734375,1,-1,-1,-1
481,1,313.372802734375,232.69541931152344,27.26556396484375,9.56463623046875,1,-1,-1,-1
481,2,313.3700256347656,232.6950225830078,27.2666015625,9.56658935546875,1,-1,-1,-1
501,1,291.4322509765625,229.8632049560547,27.37744140625,8.10986328125,1,-1,-1,-1
501,2,291.432373046875,229.86192321777344,27.378173828125,8.112335205078125,1,-1,-1,-1
521,1,270.2430419921875,224.67300415039062,28.352508544921875,7.802337646484375,1,-1,-1,-1
521,2,270.2429504394531,224.67242431640625,28.351654052734375,7.803497314453125,1,-1,-1,-1
541,1,250.07431030273438,213.98751831054688,28.804656982421875,8.20758056640625,1,-1,-1,-1
541,2,250.07928466796875,213.9892120361328,28.804931640625,8.20538330078125,1,-1,-1,-1
561,1,232.50196838378906,198.96798706054688,29.544876098632812,8.384185791015625,1,-1,-1,-1
561,2,232.4972686767578,198.9679718017578,29.552261352539062,8.38409423828125,1,-1,-1,-1
581,1,217.38583374023438,179.4514923095703,29.072372436523438,8.8419189453125,1,-1,-1,-1
581,2,217.3814239501953,179.44998168945312,29.078323364257812,8.844451904296875,1,-1,-1,-1
601,1,202.77432250976562,152.40028381347656,29.086257934570312,9.557037353515625,1,-1,-1,-1
601,2,202.77206420898438,152.3997802734375,29.08953857421875,9.55780029296875,1,-1,-1,-1
621,1,189.9685821533203,123.60987091064453,29.280899047851562,10.271842956542969,1,-1,-1,-1
621,2,189.9680938720703,123.60973358154297,29.28057861328125,10.272087097167969,1,-1,-1,-1
641,1,180.96484375,93.39356231689453,28.136337280273438,11.566696166992188,1,-1,-1,-1
641,2,180.96437072753906,93.39324951171875,28.137054443359375,11.56732177734375,1,-1,-1,-1
661,1,180.92543029785156,59.89257049560547,27.290374755859375,11.245269775390625,1,-1,-1,-1
661,2,180.92543029785156,59.89255142211914,27.29052734375,11.245311737060547,1,-1,-1,-1
681,1,184.24752807617188,49.66743850708008,27.52838134765625,13.397239685058594,1,-1,-1,-1
681,2,184.24757385253906,49.66737365722656,27.528457641601562,13.397369384765625,1,-1,-1,-1
701,1,206.88949584960938,53.34556579589844,27.045669555664062,12.461029052734375,1,-1,-1,-1
701,2,206.89039611816406,53.34560012817383,27.045211791992188,12.460880279541016,1,-1,-1,-1
721,1,244.27413940429688,59.909202575683594,27.3035888671875,9.992218017578125,1,-1,-1,-1
721,2,244.274169921875,59.90903854370117,27.30364990234375,9.99228286743164,1,-1,-1,-1
721,3,293.44775390625,257.1308288574219,13.987060546875,6.89215087890625,1,-1,-1,-1
741,1,254.1551055908203,62.27435302734375,25.948318481445312,11.482803344726562,1,-1,-1,-1
741,2,254.15509033203125,62.27434539794922,25.948333740234375,11.482955932617188,1,-1,-1,-1
741,3,296.15240478515625,251.18072509765625,15.03240966796875,4.93609619140625,1,-1,-1,-1
761,1,249.89065551757812,71.40887451171875,26.005706787109375,10.030593872070312,1,-1,-1,-1
761,2,249.890625,71.40880584716797,26.0057373046875,10.030654907226562,1,-1,-1,-1
761,3,296.67962646484375,246.03639221191406,14.4608154296875,5.199005126953125,1,-1,-1,-1
781,1,245.0790557861328,77.20076751708984,24.784774780273438,11.756744384765625,1,-1,-1,-1
781,2,245.07913208007812,77.2008056640625,24.784820556640625,11.756744384765625,1,-1,-1,-1
781,3,303.4856872558594,239.49575805664062,16.088958740234375,4.419677734375,1,-1,-1,-1
801,1,270.71148681640625,82.94042205810547,25.778594970703125,12.210861206054688,1,-1,-1,-1
801,2,270.71142578125,82.94037628173828,25.77862548828125,12.210922241210938,1,-1,-1,-1
801,3,308.9974060058594,231.2686309814453,16.618896484375,6.48199462890625,1,-1,-1,-1
821,1,316.5472106933594,91.61687469482422,25.836181640625,8.66357421875,1,-1,-1,-1
821,2,316.5472106933594,91.61688232421875,25.836181640625,8.66357421875,1,-1,-1,-1
821,3,313.3666687011719,227.5088653564453,17.31341552734375,5.79327392578125,1,-1,-1,-1
841,1,325.4871826171875,108.62614440917969,25.5963134765625,8.318267822265625,1,-1,-1,-1
841,2,325.48712158203125,108.62614440917969,25.5963134765625,8.318267822265625,1,-1,-1,-1
841,3,312.45947265625,248.75106811523438,15.5068359375,4.840850830078125,1,-1,-1,-1
861,1,322.7276611328125,120.26526641845703,26.45208740234375,8.967109680175781,1,-1,-1,-1
861,2,322.7276306152344,120.26527404785156,26.45208740234375,8.96710205078125,1,-1,-1,-1
861,3,309.42218017578125,253.0237274169922,16.740509033203125,5.4814605712890625,1,-1,-1,-1
881,1,330.71295166015625,121.41495513916016,25.40118408203125,9.639915466308594,1,-1,-1,-1
881,2,330.71295166015625,121.41492462158203,25.40118408203125,9.639930725097656,1,-1,-1,-1
901,1,358.0420227050781,125.06932067871094,26.00555419921875,8.515899658203125,1,-1,-1,-1
901,2,358.0419921875,125.0693130493164,26.00555419921875,8.515907287597656,1,-1,-1,-1
901,3,331.953857421875,248.83920288085938,16.224273681640625,5.04412841796875,1,-1,-1,-1
921,1,378.85919189453125,124.67279052734375,25.83721923828125,8.044677734375,1,-1,-1,-1
921,2,378.8592224121094,124.67278289794922,25.837158203125,8.044685363769531,1,-1,-1,-1
921,3,344.50042724609375,243.50863647460938,15.399017333984375,4.814788818359375,1,-1,-1,-1
941,1,380.9715576171875,119.63211059570312,25.254150390625,7.8740386962890625,1,-1,-1,-1
941,2,380.9715576171875,119.63211059570312,25.254150390625,7.8740386962890625,1,-1,-1,-1
941,3,352.1900939941406,239.58761596679688,17.23052978515625,5.774139404296875,1,-1,-1,-1
961,1,380.58355712890625,117.0137710571289,25.203643798828125,8.49755859375,1,-1,-1,-1
961,2,380.58349609375,117.0137710571289,25.203704833984375,8.49755859375,1,-1,-1,-1
961,3,357.6431579589844,236.8460693359375,16.950927734375,5.802886962890625,1,-1,-1,-1
981,1,390.40289306640625,118.17749786376953,23.80767822265625,8.581466674804688,1,-1,-1,-1
981,2,390.40283203125,118.177490234375,23.8077392578125,8.58148193359375,1,-1,-1,-1
981,3,360.1733093261719,235.9054412841797,16.856842041015625,5.92822265625,1,-1,-1,-1
1001,1,408.70135498046875,120.82931518554688,22.878204345703125,8.338623046875,1,-1,-1,-1
1001,2,408.70135498046875,120.82931518554688,22.878204345703125,8.338623046875,1,-1,-1,-1
1001,3,363.47216796875,233.634033203125,17.0556640625,5.716064453125,1,-1,-1,-1
1021,1,414.8575134277344,134.43014526367188,22.969146728515625,7.577178955078125,1,-1,-1,-1
1021,2,414.8575134277344,134.4301300048828,22.969146728515625,7.57720947265625,1,-1,-1,-1
1021,3,367.2532958984375,234.12379455566406,18.0535888671875,5.70379638671875,1,-1,-1,-1
1041,1,415.01593017578125,154.85899353027344,24.188323974609375,7.523956298828125,1,-1,-1,-1
1041,2,415.01593017578125,154.85897827148438,24.188323974609375,7.52398681640625,1,-1,-1,-1
1041,3,356.98663330078125,237.20355224609375,17.9688720703125,5.816192626953125,1,-1,-1,-1
1061,1,414.3373107910156,183.9490203857422,23.751220703125,7.697265625,1,-1,-1,-1
1061,2,414.3373107910156,183.9490203857422,23.751220703125,7.697265625,1,-1,-1,-1
1061,3,337.2916259765625,239.3682861328125,18.336883544921875,5.117034912109375,1,-1,-1,-1
1081,1,413.96441650390625,213.45492553710938,24.32977294921875,6.681884765625,1,-1,-1,-1
1081,2,413.96441650390625,213.4549102783203,24.32977294921875,6.681915283203125,1,-1,-1,-1
1081,3,326.11944580078125,239.94192504882812,15.398651123046875,4.6890869140625,1,-1,-1,-1
1101,1,416.8255310058594,213.8603515625,24.119873046875,7.043365478515625,1,-1,-1,-1
1101,2,416.8255310058594,213.8603515625,24.119873046875,7.043365478515625,1,-1,-1,-1
1101,3,313.00579833984375,239.53260803222656,20.60638427734375,4.98406982421875,1,-1,-1,-1
1121,1,426.31280517578125,214.531005859375,26.95281982421875,7.11041259765625,1,-1,-1,-1
1121,2,426.31280517578125,214.531005859375,26.95281982421875,7.11041259765625,1,-1,-1,-1
1121,3,300.3296203613281,236.63449096679688,17.974945068359375,5.204864501953125,1,-1,-1,-1
1141,1,435.12567138671875,214.5296630859375,25.16424560546875,7.67779541015625,1,-1,-1,-1
1141,2,435.12567138671875,214.5296630859375,25.16424560546875,7.67779541015625,1,-1,-1,-1
1141,3,278.1766662597656,234.39976501464844,17.88116455078125,5.89190673828125,1,-1,-1,-1
1161,1,436.607666015625,204.61343383789062,24.32427978515625,7.595794677734375,1,-1,-1,-1
1161,2,436.607666015625,204.61343383789062,24.32427978515625,7.595794677734375,1,-1,-1,-1
1161,3,255.95330810546875,231.86058044433594,16.637298583984375,5.33428955078125,1,-1,-1,-1
1181,1,436.0782165527344,187.21311950683594,25.76531982421875,8.364166259765625,1,-1,-1,-1
1181,2,436.0782165527344,187.21311950683594,25.76531982421875,8.364166259765625,1,-1,-1,-1
1181,3,243.32650756835938,231.68585205078125,17.0911865234375,5.046234130859375,1,-1,-1,-1
1201,1,436.94000244140625,172.165283203125,22.442169189453125,8.45782470703125,1,-1,-1,-1
1201,2,436.94000244140625,172.165283203125,22.442169189453125,8.45782470703125,1,-1,-1,-1
1201,3,241.6769561767578,231.7742462158203,17.443740844726562,5.6427001953125,1,-1,-1,-1
1221,1,434.27825927734375,171.60511779785156,23.138885498046875,7.906829833984375,1,-1,-1,-1
1221,2,434.27825927734375,171.60511779785156,23.138885498046875,7.906829833984375,1,-1,-1,-1
1221,3,235.4383544921875,230.40748596191406,16.935684204101562,6.149505615234375,1,-1,-1,-1
1241,1,418.73297119140625,170.53916931152344,25.73138427734375,7.47296142578125,1,-1,-1,-1
1241,2,418.73297119140625,170.53916931152344,25.73138427734375,7.47296142578125,1,-1,-1,-1
1241,3,217.3341064453125,229.69248962402344,17.123565673828125,5.525604248046875,1,-1,-1,-1
1261,1,392.88031005859375,168.18942260742188,26.62371826171875,7.635467529296875,1,-1,-1,-1
1261,2,392.88031005859375,168.18942260742188,26.62371826171875,7.635467529296875,1,-1,-1,-1
1261,3,191.01162719726562,229.8989715576172,17.815200805664062,5.732208251953125,1,-1,-1,-1
1281,1,365.4158020019531,165.90924072265625,26.376495361328125,7.7886962890625,1,-1,-1,-1
1281,2,365.4158020019531,165.90924072265625,26.376495361328125,7.7886962890625,1,-1,-1,-1
1281,3,158.807373046875,231.76962280273438,17.669830322265625,5.475189208984375,1,-1,-1,-1
1301,1,335.64520263671875,163.65103149414062,25.887542724609375,7.981201171875,1,-1,-1,-1
1301,2,335.645263671875,163.65103149414062,25.887451171875,7.981201171875,1,-1,-1,-1
1301,3,119.99879455566406,237.100830078125,15.4591064453125,5.502288818359375,1,-1,-1,-1
1321,1,311.8165588378906,163.0172882080078,26.571136474609375,8.92791748046875,1,-1,-1,-1
1321,2,311.8165588378906,163.0172882080078,26.571136474609375,8.92791748046875,1,-1,-1,-1
1321,3,87.35787200927734,241.53065490722656,18.565101623535156,6.768218994140625,1,-1,-1,-1
1341,1,304.4596862792969,174.70126342773438,26.82940673828125,7.879974365234375,1,-1,-1,-1
1341,2,304.4596862792969,174.70126342773438,26.82940673828125,7.879974365234375,1,-1,-1,-1
1341,3,66.81732940673828,244.99073791503906,16.62920379638672,5.717437744140625,1,-1,-1,-1
1361,1,306.0155029296875,191.42930603027344,26.150634765625,7.683837890625,1,-1,-1,-1
1361,2,306.0155029296875,191.42930603027344,26.150634765625,7.683837890625,1,-1,-1,-1
1381,1,305.6927795410156,205.94403076171875,26.75042724609375,7.447418212890625,1,-1,-1,-1
1381,2,305.6927795410156,205.94403076171875,26.75042724609375,7.447418212890625,1,-1,-1,-1
1381,3,62.43391036987305,300.00604248046875,18.14760971069336,6.12420654296875,1,-1,-1,-1
1401,1,294.9284362792969,205.78602600097656,27.6654052734375,7.42474365234375,1,-1,-1,-1
1401,2,294.9284362792969,205.78602600097656,27.6654052734375,7.42474365234375,1,-1,-1,-1
1421,1,270.858642578125,204.91404724121094,28.179840087890625,7.836517333984375,1,-1,-1,-1
1421,2,270.858642578125,204.91404724121094,28.179840087890625,7.836517333984375,1,-1,-1,-1
1441,1,254.38047790527344,204.70291137695312,27.199630737304688,7.954803466796875,1,-1,-1,-1
1441,2,254.38047790527344,204.70291137695312,27.199630737304688,7.954803466796875,1,-1,-1,-1
1461,1,252.17172241210938,205.14010620117188,28.109466552734375,8.052459716796875,1,-1,-1,-1
1461,2,252.17172241210938,205.14010620117188,28.109466552734375,8.052459716796875,1,-1,-1,-1
1481,1,245.87298583984375,205.62030029296875,28.560638427734375,7.572174072265625,1,-1,-1,-1
1481,2,245.87298583984375,205.62030029296875,28.560638427734375,7.572174072265625,1,-1,-1,-1
1501,1,226.5753173828125,204.88304138183594,28.095062255859375,7.952850341796875,1,-1,-1,-1
1501,2,226.5753173828125,204.88304138183594,28.095062255859375,7.952850341796875,1,-1,-1,-1
1521,1,195.8057861328125,203.30857849121094,27.133544921875,8.203948974609375,1,-1,-1,-1
1521,2,195.8057861328125,203.30857849121094,27.133544921875,8.203948974609375,1,-1,-1,-1
1541,1,161.00552368164062,201.3567352294922,26.602813720703125,8.498382568359375,1,-1,-1,-1
1541,2,161.00552368164062,201.3567352294922,26.602813720703125,8.498382568359375,1,-1,-1,-1
1561,1,139.89309692382812,208.15093994140625,26.247650146484375,8.952606201171875,1,-1,-1,-1
1561,2,139.89309692382812,208.15093994140625,26.247650146484375,8.952606201171875,1,-1,-1,-1
1581,1,136.09371948242188,242.2018585205078,24.502227783203125,7.555938720703125,1,-1,-1,-1
1581,2,136.09371948242188,242.2018585205078,24.502227783203125,7.555938720703125,1,-1,-1,-1
1621,1,213.3667755126953,329.1613464355469,24.581558227539062,7.2711181640625,1,-1,-1,-1
1621,2,213.3667755126953,329.1613464355469,24.581558227539062,7.2711181640625,1,-1,-1,-1
1661,1,265.9105224609375,330.75616455078125,20.323822021484375,5.337646484375,1,-1,-1,-1
1661,2,265.9105224609375,330.7562255859375,20.323822021484375,5.337646484375,1,-1,-1,-1
1681,1,290.9595947265625,330.16497802734375,19.946624755859375,5.92120361328125,1,-1,-1,-1
1681,2,290.9595031738281,330.16497802734375,19.946624755859375,5.92120361328125,1,-1,-1,-1
1701,1,319.5191650390625,329.5279846191406,18.9432373046875,6.24481201171875,1,-1,-1,-1
1701,2,319.5191650390625,329.5279846191406,18.9432373046875,6.24481201171875,1,-1,-1,-1
1721,1,345.3941650390625,328.4999694824219,20.6158447265625,6.40972900390625,1,-1,-1,-1
1721,2,345.3941650390625,328.4999694824219,20.6158447265625,6.40972900390625,1,-1,-1,-1
1721,4,111.09991455078125,195.10488891601562,25.066375732421875,8.563018798828125,1,-1,-1,-1
1741,1,378.0328369140625,328.0169982910156,19.90380859375,6.60760498046875,1,-1,-1,-1
1741,2,378.0328063964844,328.0169982910156,19.903778076171875,6.60760498046875,1,-1,-1,-1
1741,4,112.4520492553711,179.7088623046875,25.052207946777344,8.410675048828125,1,-1,-1,-1
1761,1,416.3206481933594,327.4089050292969,22.86376953125,4.815673828125,1,-1,-1,-1
1761,2,416.32061767578125,327.4089050292969,22.86383056640625,4.815673828125,1,-1,-1,-1
1761,4,118.32133483886719,167.0303955078125,27.48193359375,9.64678955078125,1,-1,-1,-1
1781,1,467.61492919921875,325.59942626953125,21.01898193359375,5.60302734375,1,-1,-1,-1
1781,2,467.61492919921875,325.59942626953125,21.01898193359375,5.60302734375,1,-1,-1,-1
1781,4,144.3193817138672,156.0731201171875,27.670913696289062,10.434600830078125,1,-1,-1,-1
1801,1,516.7025756835938,324.0985107421875,20.484619140625,6.0185546875,1,-1,-1,-1
1801,2,516.7025756835938,324.0985107421875,20.484619140625,6.0185546875,1,-1,-1,-1
1801,4,187.84410095214844,150.31729125976562,27.78045654296875,9.1378173828125,1,-1,-1,-1
1821,1,562.3230590820312,320.9486083984375,17.35247802734375,5.6754150390625,1,-1,-1,-1
1821,2,562.3230590820312,320.9486083984375,17.35247802734375,5.6754150390625,1,-1,-1,-1
1821,4,217.84971618652344,141.3347930908203,28.6912841796875,8.686676025390625,1,-1,-1,-1
1841,1,598.8396606445312,317.4062194824219,15.68170166015625,5.10614013671875,1,-1,-1,-1
1841,2,598.8396606445312,317.4062194824219,15.68170166015625,5.10614013671875,1,-1,-1,-1
1841,4,220.73472595214844,122.44287872314453,27.097015380859375,9.052192687988281,1,-1,-1,-1
1861,1,613.2150268554688,309.71527099609375,17.99859619140625,6.36004638671875,1,-1,-1,-1
1861,2,613.2150268554688,309.71527099609375,17.99859619140625,6.36004638671875,1,-1,-1,-1
1861,4,219.97337341308594,103.82035064697266,25.2813720703125,9.263717651367188,1,-1,-1,-1
1881,4,220.67169189453125,84.67298126220703,24.2652587890625,9.651626586914062,1,-1,-1,-1
1901,1,614.5835571289062,303.3309326171875,17.2772216796875,4.703857421875,1,-1,-1,-1
1901,2,614.5835571289062,303.3309326171875,17.2772216796875,4.703857421875,1,-1,-1,-1
1901,4,233.22999572753906,81.29276275634766,24.336318969726562,14.014022827148438,1,-1,-1,-1
1921,4,297.86712646484375,92.00263214111328,26.68975830078125,10.053375244140625,1,-1,-1,-1
1941,1,610.5013427734375,273.05108642578125,15.3184814453125,4.5302734375,1,-1,-1,-1
1941,2,610.5012817382812,273.05108642578125,15.318603515625,4.5302734375,1,-1,-1,-1
1941,4,365.3681945800781,105.11383819580078,25.244842529296875,9.968917846679688,1,-1,-1,-1
1961,1,608.3997192382812,271.59368896484375,13.83074951171875,3.8743896484375,1,-1,-1,-1
1961,2,608.3997192382812,271.59368896484375,13.83074951171875,3.8743896484375,1,-1,-1,-1
1961,4,381.38385009765625,127.41461944580078,25.03564453125,7.635215759277344,1,-1,-1,-1
1981,1,599.2583618164062,274.2425231933594,14.36566162109375,4.38494873046875,1,-1,-1,-1
1981,2,599.2583618164062,274.2425537109375,14.36566162109375,4.3848876953125,1,-1,-1,-1
1981,4,380.2348327636719,150.77392578125,25.248321533203125,7.555267333984375,1,-1,-1,-1
2001,1,593.32568359375,310.17431640625,17.06512451171875,6.19219970703125,1,-1,-1,-1
2001,2,593.32568359375,310.17431640625,17.06512451171875,6.19219970703125,1,-1,-1,-1
2001,4,382.52484130859375,156.50027465820312,25.0308837890625,8.4517822265625,1,-1,-1,-1
2021,1,593.0560913085938,312.07080078125,16.73779296875,5.99627685546875,1,-1,-1,-1
2021,2,593.0560913085938,312.07080078125,16.73779296875,5.99627685546875,1,-1,-1,-1
2021,4,400.2095031738281,157.65802001953125,25.998687744140625,8.331787109375,1,-1,-1,-1
2041,1,589.4645385742188,310.0699768066406,17.634521484375,5.73089599609375,1,-1,-1,-1
2041,2,589.4645385742188,310.0699768066406,17.634521484375,5.73089599609375,1,-1,-1,-1
2041,4,437.4617919921875,160.31817626953125,22.2183837890625,8.952301025390625,1,-1,-1,-1
2061,1,586.2196044921875,309.1902160644531,17.9974365234375,6.08575439453125,1,-1,-1,-1
2061,2,586.2196044921875,309.1902160644531,17.9974365234375,6.08575439453125,1,-1,-1,-1
2061,4,487.09100341796875,166.1742401123047,24.89105224609375,6.93695068359375,1,-1,-1,-1
2081,1,581.6939697265625,308.0505065917969,17.84747314453125,7.18896484375,1,-1,-1,-1
2081,2,581.6939697265625,308.0505065917969,17.84747314453125,7.18896484375,1,-1,-1,-1
2081,4,517.3006591796875,169.11578369140625,23.6226806640625,7.2406005859375,1,-1,-1,-1
2101,1,581.3626708984375,307.7719421386719,18.36846923828125,7.45452880859375,1,-1,-1,-1
2101,2,581.3626708984375,307.7719421386719,18.36846923828125,7.45452880859375,1,-1,-1,-1
2101,4,521.188720703125,166.65097045898438,22.262939453125,6.498199462890625,1,-1,-1,-1
2121,1,581.7861328125,307.0751953125,19.6328125,7.7486572265625,1,-1,-1,-1
2121,2,581.7861328125,307.0751953125,19.6328125,7.7486572265625,1,-1,-1,-1
2121,4,520.7381591796875,159.1114959716797,21.19903564453125,6.87640380859375,1,-1,-1,-1
2141,1,577.4821166992188,308.0345458984375,20.27886962890625,7.58355712890625,1,-1,-1,-1
2141,2,577.4821166992188,308.0345458984375,20.27886962890625,7.58355712890625,1,-1,-1,-1
2141,4,520.84765625,150.06365966796875,20.1832275390625,7.08221435546875,1,-1,-1,-1
2161,1,554.6538696289062,310.77294921875,21.44403076171875,6.07122802734375,1,-1,-1,-1
2161,2,554.6538696289062,310.77294921875,21.44403076171875,6.07122802734375,1,-1,-1,-1
2161,4,521.212646484375,147.07333374023438,20.3878173828125,7.581085205078125,1,-1,-1,-1
