1,1,193.36529541015625,243.3741455078125,11.256668090820312,6.631317138671875,1,-1,-1,-1
21,1,192.947265625,244.04489135742188,10.401885986328125,6.19305419921875,1,-1,-1,-1
41,1,192.9371795654297,243.75262451171875,10.641708374023438,6.311798095703125,1,-1,-1,-1
61,1,191.8961181640625,244.15777587890625,10.521469116210938,5.765289306640625,1,-1,-1,-1
81,1,190.9008026123047,244.05430603027344,10.875625610351562,6.1136474609375,1,-1,-1,-1
101,1,194.68411254882812,243.43927001953125,10.7498779296875,6.373809814453125,1,-1,-1,-1
121,1,202.48263549804688,242.77618408203125,11.022994995117188,5.636383056640625,1,-1,-1,-1
141,1,210.15853881835938,241.9984130859375,10.19183349609375,5.42901611328125,1,-1,-1,-1
161,1,218.45811462402344,242.4768524169922,10.45574951171875,5.706787109375,1,-1,-1,-1
181,1,226.23348999023438,243.50088500976562,10.08807373046875,5.862396240234375,1,-1,-1,-1
201,1,231.82421875,244.61032104492188,10.420120239257812,5.125152587890625,1,-1,-1,-1
221,1,236.89942932128906,244.21273803710938,10.157089233398438,5.564849853515625,1,-1,-1,-1
241,1,242.26547241210938,244.28160095214844,10.438995361328125,5.946533203125,1,-1,-1,-1
261,1,249.4254150390625,246.4318084716797,10.511077880859375,5.144500732421875,1,-1,-1,-1
281,1,257.4134521484375,247.18797302246094,10.406097412109375,5.664031982421875,1,-1,-1,-1
301,1,262.4665222167969,247.34996032714844,10.160064697265625,5.54119873046875,1,-1,-1,-1
341,1,473.74493408203125,176.05526733398438,8.166961669921875,5.331939697265625,1,-1,-1,-1
361,1,289.3287048339844,249.44801330566406,10.787322998046875,5.63739013671875,1,-1,-1,-1
381,1,306.06494140625,250.91253662109375,10.557159423828125,5.512451171875,1,-1,-1,-1
401,1,323.3749084472656,250.97203063964844,10.100311279296875,5.7078094482421875,1,-1,-1,-1
421,1,341.63616943359375,251.32644653320312,8.86688232421875,4.835052490234375,1,-1,-1,-1
421,2,271.0147399902344,293.0197448730469,11.068328857421875,4.534423828125,1,-1,-1,-1
441,1,359.4453125,250.9191436767578,10.5792236328125,5.7071380615234375,1,-1,-1,-1
441,2,359.4500427246094,250.9291534423828,10.582275390625,5.6907196044921875,1,-1,-1,-1
461,1,376.442138671875,251.0055389404297,10.4012451171875,5.0161895751953125,1,-1,-1,-1
461,2,376.4160461425781,251.00718688964844,10.407257080078125,5.0039825439453125,1,-1,-1,-1
481,1,389.56854248046875,251.41586303710938,10.64874267578125,5.212432861328125,1,-1,-1,-1
481,2,389.54840087890625,251.42576599121094,10.67193603515625,5.1916656494140625,1,-1,-1,-1
501,1,400.17730712890625,251.81011962890625,11.2735595703125,5.726776123046875,1,-1,-1,-1
501,2,400.17437744140625,251.81781005859375,11.272796630859375,5.71441650390625,1,-1,-1,-1
521,1,407.65692138671875,252.1426239013672,10.9822998046875,5.7237701416015625,1,-1,-1,-1
521,2,407.6328125,252.1528778076172,10.989776611328125,5.7135162353515625,1,-1,-1,-1
541,1,409.6965026855469,252.17420959472656,10.547088623046875,5.5344085693359375,1,-1,-1,-1
541,2,409.69305419921875,252.17478942871094,10.5450439453125,5.5289764404296875,1,-1,-1,-1
561,1,415.5663757324219,251.7518768310547,10.29571533203125,6.2785797119140625,1,-1,-1,-1
561,2,415.5719299316406,251.75619506835938,10.290618896484375,6.2764892578125,1,-1,-1,-1
581,1,435.4536437988281,252.33560180664062,10.750640869140625,5.966827392578125,1,-1,-1,-1
581,2,435.4623107910156,252.33726501464844,10.74530029296875,5.9628143310546875,1,-1,-1,-1
601,1,463.00115966796875,252.45166015625,11.068115234375,6.0518798828125,1,-1,-1,-1
601,2,462.9990234375,252.4536895751953,11.06744384765625,6.0493011474609375,1,-1,-1,-1
621,1,492.26397705078125,253.7510528564453,11.36627197265625,6.0505218505859375,1,-1,-1,-1
621,2,492.2607727050781,253.75253295898438,11.3668212890625,6.0494384765625,1,-1,-1,-1
641,1,523.536865234375,255.41017150878906,11.98382568359375,5.4647979736328125,1,-1,-1,-1
641,2,523.5361328125,255.4105987548828,11.9847412109375,5.4636077880859375,1,-1,-1,-1
661,1,555.9661254882812,258.0144958496094,10.8009033203125,5.51641845703125,1,-1,-1,-1
661,2,555.966796875,258.01434326171875,10.79931640625,5.51824951171875,1,-1,-1,-1
681,1,576.2671508789062,259.2334899902344,9.4853515625,5.4290771484375,1,-1,-1,-1
681,2,576.2670288085938,259.2335510253906,9.48602294921875,5.42822265625,1,-1,-1,-1
701,1,575.1829833984375,259.5807189941406,9.7890625,5.57635498046875,1,-1,-1,-1
701,2,575.1827392578125,259.5811462402344,9.78955078125,5.5758056640625,1,-1,-1,-1
721,1,563.160888671875,258.50018310546875,9.87078857421875,6.1507568359375,1,-1,-1,-1
721,2,563.1604614257812,258.5006408691406,9.87109375,6.15008544921875,1,-1,-1,-1
741,1,553.0040283203125,257.74676513671875,10.5655517578125,5.64483642578125,1,-1,-1,-1
741,2,553.0033569335938,257.7471008300781,10.56640625,5.6444091796875,1,-1,-1,-1
761,1,535.9205322265625,256.5528564453125,10.5870361328125,5.279541015625,1,-1,-1,-1
761,2,535.9208984375,256.5528259277344,10.586669921875,5.280029296875,1,-1,-1,-1
781,1,515.8806762695312,254.8864288330078,10.763916015625,5.9461212158203125,1,-1,-1,-1
781,2,515.880615234375,254.88653564453125,10.763916015625,5.94598388671875,1,-1,-1,-1
801,1,495.17913818359375,253.814208984375,10.161285400390625,6.3603515625,1,-1,-1,-1
801,2,495.17877197265625,253.81427001953125,10.16156005859375,6.36016845703125,1,-1,-1,-1
821,1,473.16796875,253.2694549560547,11.2415771484375,5.8252716064453125,1,-1,-1,-1
821,2,473.1678466796875,253.26953125,11.241668701171875,5.82537841796875,1,-1,-1,-1
841,1,452.5735168457031,252.1395263671875,11.04827880859375,6.03961181640625,1,-1,-1,-1
841,2,452.5732727050781,252.13970947265625,11.048828125,6.039337158203125,1,-1,-1,-1
861,1,432.92657470703125,252.04771423339844,10.716461181640625,6.0333709716796875,1,-1,-1,-1
861,2,432.92657470703125,252.0477294921875,10.716461181640625,6.033477783203125,1,-1,-1,-1
881,1,414.34930419921875,252.25283813476562,10.33245849609375,5.752716064453125,1,-1,-1,-1
881,2,414.3493957519531,252.2528839111328,10.332427978515625,5.7527313232421875,1,-1,-1,-1
901,1,395.34002685546875,252.81918334960938,10.71405029296875,5.53369140625,1,-1,-1,-1
901,2,395.3402099609375,252.81919860839844,10.71417236328125,5.5336761474609375,1,-1,-1,-1
921,1,379.2795104980469,252.90748596191406,10.3548583984375,5.4323883056640625,1,-1,-1,-1
921,2,379.2799072265625,252.907470703125,10.354766845703125,5.4324951171875,1,-1,-1,-1
941,1,364.1105651855469,253.3827362060547,10.667572021484375,5.1783905029296875,1,-1,-1,-1
941,2,364.1105651855469,253.38275146484375,10.667633056640625,5.1783447265625,1,-1,-1,-1
961,1,355.1221008300781,255.89634704589844,7.79815673828125,4.3134918212890625,1,-1,-1,-1
961,2,355.1220703125,255.89639282226562,7.7982177734375,4.3134765625,1,-1,-1,-1
981,1,298.90447998046875,349.5186767578125,9.021484375,4.63702392578125,1,-1,-1,-1
981,2,298.90435791015625,349.5187072753906,9.022003173828125,4.6370849609375,1,-1,-1,-1
1001,1,298.312255859375,346.8511047363281,10.540191650390625,4.08782958984375,1,-1,-1,-1
1001,2,298.3123779296875,346.8511962890625,10.5399169921875,4.087646484375,1,-1,-1,-1
1021,1,298.7499694824219,343.8283996582031,9.8814697265625,4.556640625,1,-1,-1,-1
1021,2,298.74981689453125,343.828369140625,9.881744384765625,4.55670166015625,1,-1,-1,-1
1041,1,297.9971923828125,340.40142822265625,10.234527587890625,6.2652587890625,1,-1,-1,-1
1041,2,297.99713134765625,340.4015197753906,10.234649658203125,6.26513671875,1,-1,-1,-1
1061,1,296.5307922363281,338.4016418457031,11.457427978515625,5.3604736328125,1,-1,-1,-1
1061,2,296.5307922363281,338.40167236328125,11.457427978515625,5.3604736328125,1,-1,-1,-1
1081,1,296.7878723144531,335.6842956542969,9.614898681640625,5.047607421875,1,-1,-1,-1
1081,2,296.7879638671875,335.684326171875,9.614990234375,5.047607421875,1,-1,-1,-1
1101,1,296.73760986328125,332.42327880859375,11.159454345703125,5.780517578125,1,-1,-1,-1
1101,2,296.7376708984375,332.4232482910156,11.1595458984375,5.78057861328125,1,-1,-1,-1
1121,1,297.8321533203125,329.6005859375,10.190826416015625,5.67449951171875,1,-1,-1,-1
1121,2,297.8323059082031,329.6006164550781,10.190826416015625,5.6744384765625,1,-1,-1,-1
1141,1,298.50115966796875,327.5882263183594,9.43035888671875,4.18243408203125,1,-1,-1,-1
1141,2,298.5012512207031,327.5882263183594,9.430389404296875,4.18243408203125,1,-1,-1,-1
1161,1,302.0118408203125,323.2060546875,7.641876220703125,3.589599609375,1,-1,-1,-1
1161,2,302.0118408203125,323.2060546875,7.64190673828125,3.589599609375,1,-1,-1,-1
1181,1,300.337158203125,321.147705078125,8.0023193359375,3.96270751953125,1,-1,-1,-1
1181,2,300.3370361328125,321.1476745605469,8.002532958984375,3.9627685546875,1,-1,-1,-1
1201,1,300.19598388671875,314.4346618652344,9.617279052734375,4.12689208984375,1,-1,-1,-1
1201,2,300.19598388671875,314.4346618652344,9.6173095703125,4.12689208984375,1,-1,-1,-1
1221,1,147.28013610839844,249.0897216796875,10.276824951171875,5.643280029296875,1,-1,-1,-1
1221,2,147.28013610839844,249.08973693847656,10.27685546875,5.64324951171875,1,-1,-1,-1
1241,1,127.7763442993164,248.5540008544922,10.720100402832031,5.583953857421875,1,-1,-1,-1
1241,2,127.7763442993164,248.55401611328125,10.720100402832031,5.58392333984375,1,-1,-1,-1
1261,1,108.71684265136719,246.33853149414062,10.191856384277344,6.445709228515625,1,-1,-1,-1
1261,2,108.71684265136719,246.33853149414062,10.191856384277344,6.445709228515625,1,-1,-1,-1
1281,1,97.9945068359375,237.0205841064453,10.250663757324219,7.35723876953125,1,-1,-1,-1
1281,2,97.99452209472656,237.02059936523438,10.250640869140625,7.357208251953125,1,-1,-1,-1
1301,1,97.7034683227539,224.7948760986328,10.156913757324219,6.615020751953125,1,-1,-1,-1
1301,2,97.7034683227539,224.7948760986328,10.156913757324219,6.615020751953125,1,-1,-1,-1
1321,1,98.64478302001953,222.28729248046875,10.727783203125,7.0469970703125,1,-1,-1,-1
1321,2,98.64479064941406,222.28729248046875,10.727767944335938,7.0469970703125,1,-1,-1,-1
1341,1,117.57198333740234,223.3851776123047,10.144554138183594,6.156646728515625,1,-1,-1,-1
1341,2,117.57199096679688,223.3851776123047,10.144538879394531,6.156646728515625,1,-1,-1,-1
1361,1,148.59564208984375,223.40492248535156,10.553909301757812,5.974639892578125,1,-1,-1,-1
1361,2,148.59564208984375,223.40492248535156,10.553909301757812,5.974639892578125,1,-1,-1,-1
1381,1,185.10955810546875,223.08306884765625,11.282424926757812,5.97015380859375,1,-1,-1,-1
1381,2,185.1095428466797,223.08306884765625,11.282424926757812,5.97015380859375,1,-1,-1,-1
1401,1,226.01119995117188,222.30311584472656,10.897857666015625,5.998291015625,1,-1,-1,-1
1401,2,226.01116943359375,222.30311584472656,10.897857666015625,5.998291015625,1,-1,-1,-1
1421,1,268.22772216796875,222.83602905273438,11.32275390625,5.599609375,1,-1,-1,-1
1421,2,268.22772216796875,222.83602905273438,11.32275390625,5.599609375,1,-1,-1,-1
1441,1,313.464599609375,222.8143310546875,11.69140625,5.87689208984375,1,-1,-1,-1
1441,2,313.464599609375,222.81434631347656,11.69140625,5.876861572265625,1,-1,-1,-1
1461,1,303.2956237792969,254.96884155273438,11.47930908203125,6.1065673828125,1,-1,-1,-1
1461,2,303.2956237792969,254.96884155273438,11.47930908203125,6.1065673828125,1,-1,-1,-1
1481,1,302.81744384765625,252.61825561523438,11.185791015625,6.28948974609375,1,-1,-1,-1
1481,2,302.81744384765625,252.61825561523438,11.185791015625,6.28948974609375,1,-1,-1,-1
1501,1,303.8741455078125,249.5362548828125,11.336761474609375,5.994873046875,1,-1,-1,-1
1501,2,303.8741455078125,249.5362548828125,11.336761474609375,5.994873046875,1,-1,-1,-1
1521,1,303.5668029785156,246.76837158203125,11.7020263671875,6.38043212890625,1,-1,-1,-1
1521,2,303.5668029785156,246.76837158203125,11.7020263671875,6.38043212890625,1,-1,-1,-1
1541,1,304.2921142578125,244.29061889648438,10.89605712890625,6.5703125,1,-1,-1,-1
1541,2,304.2921142578125,244.2906036376953,10.89605712890625,6.570343017578125,1,-1,-1,-1
1561,1,305.73785400390625,242.47886657714844,10.97119140625,6.049652099609375,1,-1,-1,-1
1561,2,305.73785400390625,242.47886657714844,10.97119140625,6.049652099609375,1,-1,-1,-1
1581,1,305.1971435546875,241.14706420898438,10.9368896484375,5.628509521484375,1,-1,-1,-1
1581,2,305.1971435546875,241.14706420898438,10.9368896484375,5.628509521484375,1,-1,-1,-1
1601,1,303.6893310546875,238.6709442138672,10.991729736328125,6.1937255859375,1,-1,-1,-1
1601,2,303.6893310546875,238.6709442138672,10.991729736328125,6.1937255859375,1,-1,-1,-1
1621,1,303.5128479003906,236.604736328125,11.455657958984375,6.61016845703125,1,-1,-1,-1
1621,2,303.5128479003906,236.604736328125,11.455657958984375,6.61016845703125,1,-1,-1,-1
1641,1,305.4971618652344,234.66476440429688,10.660919189453125,6.056976318359375,1,-1,-1,-1
1641,2,305.4971618652344,234.66476440429688,10.660919189453125,6.056976318359375,1,-1,-1,-1
1661,1,305.99700927734375,233.353759765625,11.519317626953125,6.05303955078125,1,-1,-1,-1
1661,2,305.9969787597656,233.35377502441406,11.519378662109375,6.053009033203125,1,-1,-1,-1
1681,1,306.134521484375,231.17037963867188,11.42999267578125,6.278350830078125,1,-1,-1,-1
1681,2,306.134521484375,231.17037963867188,11.42999267578125,6.278350830078125,1,-1,-1,-1
1701,1,306.6971130371094,227.8686981201172,11.174957275390625,6.74810791015625,1,-1,-1,-1
1701,2,306.6971130371094,227.8686981201172,11.174957275390625,6.74810791015625,1,-1,-1,-1
1721,1,305.843017578125,226.37205505371094,10.72039794921875,6.550994873046875,1,-1,-1,-1
1721,2,305.843017578125,226.37205505371094,10.72039794921875,6.550994873046875,1,-1,-1,-1
1741,1,304.51031494140625,224.74172973632812,10.9835205078125,6.247711181640625,1,-1,-1,-1
1741,2,304.51031494140625,224.7417449951172,10.9835205078125,6.2476806640625,1,-1,-1,-1
1761,1,304.3173828125,223.2349395751953,10.76361083984375,6.304718017578125,1,-1,-1,-1
1761,2,304.3173828125,223.2349395751953,10.76361083984375,6.304718017578125,1,-1,-1,-1
1781,1,305.374267578125,222.0322723388672,10.79766845703125,6.563720703125,1,-1,-1,-1
1781,2,305.374267578125,222.03225708007812,10.79766845703125,6.563751220703125,1,-1,-1,-1
1801,1,307.19775390625,221.37400817871094,10.7611083984375,6.222442626953125,1,-1,-1,-1
1801,2,307.19775390625,221.37400817871094,10.7611083984375,6.222442626953125,1,-1,-1,-1
1821,1,307.591064453125,220.72271728515625,11.199005126953125,6.73065185546875,1,-1,-1,-1
1821,2,307.591064453125,220.72271728515625,11.199005126953125,6.73065185546875,1,-1,-1,-1
1841,1,308.0130920410156,220.09896850585938,10.78045654296875,6.98468017578125,1,-1,-1,-1
1841,2,308.0130920410156,220.09896850585938,10.78045654296875,6.98468017578125,1,-1,-1,-1
1861,1,308.1305847167969,218.31045532226562,11.021209716796875,7.1072998046875,1,-1,-1,-1
1861,2,308.1305847167969,218.31045532226562,11.021209716796875,7.1072998046875,1,-1,-1,-1
1881,1,308.908447265625,217.97119140625,11.06024169921875,6.15875244140625,1,-1,-1,-1
1881,2,308.908447265625,217.97119140625,11.06024169921875,6.15875244140625,1,-1,-1,-1
1901,1,309.5800476074219,217.46092224121094,11.1417236328125,5.916015625,1,-1,-1,-1
1901,2,309.5800476074219,217.46092224121094,11.1417236328125,5.916015625,1,-1,-1,-1
1921,1,309.43896484375,216.1448974609375,11.979034423828125,5.99676513671875,1,-1,-1,-1
1921,2,309.43896484375,216.1448974609375,11.97900390625,5.99676513671875,1,-1,-1,-1
2061,1,310.4144287109375,205.65475463867188,10.876739501953125,6.48822021484375,1,-1,-1,-1
2061,2,310.4144287109375,205.65475463867188,10.876739501953125,6.48822021484375,1,-1,-1,-1
2081,1,310.1503601074219,204.26539611816406,10.610137939453125,6.235595703125,1,-1,-1,-1
2081,2,310.1503601074219,204.26539611816406,10.610137939453125,6.235595703125,1,-1,-1,-1
2101,1,311.1337890625,203.11502075195312,10.458984375,6.303741455078125,1,-1,-1,-1
2101,2,311.1337890625,203.11502075195312,10.458984375,6.303741455078125,1,-1,-1,-1
2121,1,311.0843811035156,201.48081970214844,10.27764892578125,5.76025390625,1,-1,-1,-1
2121,2,311.0843811035156,201.48081970214844,10.27764892578125,5.76025390625,1,-1,-1,-1
