1,1,205.06158447265625,294.28594970703125,14.350814819335938,9.17779541015625,1,-1,-1,-1
1,2,331.13494873046875,267.93408203125,26.42767333984375,11.9996337890625,1,-1,-1,-1
21,1,206.31716918945312,294.0703125,14.401031494140625,9.1796875,1,-1,-1,-1
21,2,343.2188415527344,268.8138732910156,26.291656494140625,12.7327880859375,1,-1,-1,-1
41,1,206.50291442871094,294.3641052246094,14.092971801757812,8.7685546875,1,-1,-1,-1
41,2,338.8277893066406,270.45623779296875,28.424896240234375,11.90155029296875,1,-1,-1,-1
61,1,206.13182067871094,294.38580322265625,14.511032104492188,8.7305908203125,1,-1,-1,-1
61,2,336.7489318847656,271.34503173828125,25.6646728515625,11.9716796875,1,-1,-1,-1
81,1,205.6419677734375,294.5126953125,14.536285400390625,8.85833740234375,1,-1,-1,-1
81,2,328.36981201171875,271.4280090332031,24.8912353515625,10.65826416015625,1,-1,-1,-1
101,1,211.4011993408203,294.8453369140625,17.113143920898438,9.00372314453125,1,-1,-1,-1
101,2,277.05645751953125,269.9678039550781,26.0386962890625,12.406494140625,1,-1,-1,-1
121,1,258.70361328125,296.17974853515625,17.970306396484375,8.76214599609375,1,-1,-1,-1
121,2,213.39938354492188,270.6927185058594,25.838668823242188,12.54638671875,1,-1,-1,-1
141,1,331.90283203125,296.45751953125,16.85137939453125,8.8209228515625,1,-1,-1,-1
141,2,144.40504455566406,271.39019775390625,26.51080322265625,11.88275146484375,1,-1,-1,-1
161,1,356.66973876953125,296.6422424316406,16.636505126953125,8.66552734375,1,-1,-1,-1
161,2,116.4857177734375,267.3326416015625,26.851959228515625,12.388916015625,1,-1,-1,-1
181,1,367.6798095703125,296.6791076660156,15.11553955078125,8.0535888671875,1,-1,-1,-1
181,2,122.23414611816406,259.02294921875,27.230072021484375,14.77423095703125,1,-1,-1,-1
201,1,397.1379089355469,297.3072814941406,12.682098388671875,8.2535400390625,1,-1,-1,-1
201,2,146.18997192382812,246.36654663085938,25.415878295898438,13.536956787109375,1,-1,-1,-1
221,1,421.03436279296875,306.6797180175781,17.23724365234375,8.7515869140625,1,-1,-1,-1
221,2,180.74684143066406,225.9050750732422,25.802078247070312,14.36517333984375,1,-1,-1,-1
241,1,428.1498718261719,343.7032165527344,16.293426513671875,8.80987548828125,1,-1,-1,-1
241,2,220.21267700195312,202.943359375,26.6400146484375,15.21319580078125,1,-1,-1,-1
261,1,431.34564208984375,385.2351989746094,15.105194091796875,8.8580322265625,1,-1,-1,-1
261,2,273.5190124511719,185.1499786376953,26.787567138671875,16.091552734375,1,-1,-1,-1
281,2,331.568603515625,183.86631774902344,27.088470458984375,14.63330078125,1,-1,-1,-1
301,2,387.21539306640625,185.8315887451172,27.2491455078125,16.74957275390625,1,-1,-1,-1
321,2,399.0355224609375,209.60166931152344,27.274932861328125,17.124908447265625,1,-1,-1,-1
341,2,385.98260498046875,237.12261962890625,28.51025390625,17.56158447265625,1,-1,-1,-1
361,2,353.61920166015625,273.90093994140625,26.82373046875,12.25048828125,1,-1,-1,-1
361,3,165.68142700195312,423.365234375,16.24847412109375,6.30609130859375,1,-1,-1,-1
381,2,329.4758605957031,299.7334899902344,26.835845947265625,11.579833984375,1,-1,-1,-1
381,3,113.85348510742188,362.83880615234375,15.677810668945312,9.37957763671875,1,-1,-1,-1
401,2,329.4892883300781,320.380615234375,27.259002685546875,11.84222412109375,1,-1,-1,-1
401,3,112.36236572265625,305.3042907714844,16.341766357421875,9.4910888671875,1,-1,-1,-1
421,2,331.4526062011719,320.3111572265625,27.73077392578125,13.84539794921875,1,-1,-1,-1
421,3,120.82465362548828,265.6806640625,14.339088439941406,9.1439208984375,1,-1,-1,-1
441,2,322.1085205078125,305.94329833984375,27.2100830078125,12.3714599609375,1,-1,-1,-1
441,3,143.15789794921875,262.6075134277344,14.127197265625,8.38330078125,1,-1,-1,-1
461,2,278.11187744140625,287.3564758300781,26.3809814453125,12.8209228515625,1,-1,-1,-1
461,3,194.5953369140625,263.5942077636719,14.988174438476562,8.7574462890625,1,-1,-1,-1
481,2,209.058349609375,271.8695068359375,26.564590454101562,13.443359375,1,-1,-1,-1
481,3,209.0570831298828,271.8760986328125,26.5643310546875,13.43927001953125,1,-1,-1,-1
501,2,159.54872131347656,267.33154296875,24.644546508789062,14.42376708984375,1,-1,-1,-1
501,3,159.546875,267.3333740234375,24.647445678710938,14.4227294921875,1,-1,-1,-1
521,2,126.67529296875,273.2362365722656,26.761688232421875,15.23638916015625,1,-1,-1,-1
521,3,126.66950988769531,273.2379455566406,26.76904296875,15.2371826171875,1,-1,-1,-1
541,2,109.47994232177734,287.7638854980469,24.69805145263672,11.84222412109375,1,-1,-1,-1
541,3,109.47824096679688,287.7662658691406,24.694976806640625,11.84014892578125,1,-1,-1,-1
561,2,88.93097686767578,298.5541687011719,24.395484924316406,12.4315185546875,1,-1,-1,-1
561,3,88.93266296386719,298.5532531738281,24.392974853515625,12.43023681640625,1,-1,-1,-1
581,2,75.33148193359375,316.7920837402344,22.341156005859375,11.705078125,1,-1,-1,-1
581,3,75.32103729248047,316.7942199707031,22.34656524658203,11.705322265625,1,-1,-1,-1
601,2,73.4726791381836,339.6292724609375,20.568809509277344,10.43994140625,1,-1,-1,-1
601,3,73.46993255615234,339.63153076171875,20.56580352783203,10.4373779296875,1,-1,-1,-1
621,2,91.58775329589844,351.3918762207031,20.017127990722656,10.3016357421875,1,-1,-1,-1
621,3,91.58554077148438,351.39361572265625,20.015243530273438,10.29876708984375,1,-1,-1,-1
641,2,123.98146057128906,359.277099609375,19.102020263671875,9.42205810546875,1,-1,-1,-1
641,3,123.98063659667969,359.2771911621094,19.100814819335938,9.42181396484375,1,-1,-1,-1
661,2,150.2090301513672,353.4994201660156,19.949295043945312,9.70965576171875,1,-1,-1,-1
661,3,150.20635986328125,353.50323486328125,19.95111083984375,9.70745849609375,1,-1,-1,-1
681,2,192.88536071777344,339.2355041503906,21.128692626953125,10.82806396484375,1,-1,-1,-1
681,3,192.88473510742188,339.2343444824219,21.129226684570312,10.8314208984375,1,-1,-1,-1
701,2,211.37423706054688,333.9891357421875,20.94921875,10.8177490234375,1,-1,-1,-1
701,3,211.37405395507812,333.9892578125,20.95001220703125,10.817626953125,1,-1,-1,-1
721,2,213.93417358398438,335.52435302734375,20.736572265625,10.58905029296875,1,-1,-1,-1
721,3,213.93463134765625,335.5243225097656,20.735748291015625,10.5888671875,1,-1,-1,-1
741,2,246.74063110351562,337.9788513183594,20.340850830078125,10.73870849609375,1,-1,-1,-1
741,3,246.74024963378906,337.97894287109375,20.341415405273438,10.7388916015625,1,-1,-1,-1
761,2,306.4904479980469,335.2469482421875,21.49005126953125,9.71832275390625,1,-1,-1,-1
761,3,306.4906005859375,335.24688720703125,21.49005126953125,9.71820068359375,1,-1,-1,-1
781,2,345.37139892578125,323.0592346191406,20.1864013671875,9.99658203125,1,-1,-1,-1
781,3,345.37152099609375,323.0591125488281,20.1865234375,9.99688720703125,1,-1,-1,-1
801,2,345.6640930175781,316.3292541503906,20.691680908203125,9.01361083984375,1,-1,-1,-1
801,3,345.6643371582031,316.32965087890625,20.69122314453125,9.01300048828125,1,-1,-1,-1
821,2,345.5322570800781,303.8472595214844,20.371551513671875,8.59124755859375,1,-1,-1,-1
821,3,345.5325012207031,303.8473205566406,20.37139892578125,8.59130859375,1,-1,-1,-1
841,2,342.0301818847656,287.66900634765625,20.3082275390625,10.99090576171875,1,-1,-1,-1
841,3,342.02996826171875,287.6692199707031,20.308441162109375,10.99066162109375,1,-1,-1,-1
861,2,319.2734375,284.735595703125,19.829376220703125,9.96478271484375,1,-1,-1,-1
861,3,319.2734680175781,284.7356872558594,19.82928466796875,9.9647216796875,1,-1,-1,-1
881,2,302.55487060546875,282.8453369140625,19.6575927734375,9.93316650390625,1,-1,-1,-1
881,3,302.5548400878906,282.84539794921875,19.657623291015625,9.93310546875,1,-1,-1,-1
901,2,290.9202880859375,255.6432342529297,22.25140380859375,11.995529174804688,1,-1,-1,-1
901,3,290.92034912109375,255.64324951171875,22.251312255859375,11.9954833984375,1,-1,-1,-1
921,2,282.15020751953125,218.87445068359375,24.889892578125,15.379241943359375,1,-1,-1,-1
921,3,282.150146484375,218.87445068359375,24.889892578125,15.379241943359375,1,-1,-1,-1
941,2,256.810791015625,213.0084228515625,24.928741455078125,14.57098388671875,1,-1,-1,-1
941,3,256.81085205078125,213.00845336914062,24.928680419921875,14.570953369140625,1,-1,-1,-1
961,2,221.75885009765625,210.51966857910156,24.552261352539062,14.012481689453125,1,-1,-1,-1
961,3,221.75889587402344,210.51966857910156,24.552230834960938,14.012481689453125,1,-1,-1,-1
981,2,187.50634765625,208.03671264648438,25.240371704101562,14.62176513671875,1,-1,-1,-1
981,3,187.50634765625,208.0366973876953,25.24029541015625,14.621795654296875,1,-1,-1,-1
1001,2,183.99050903320312,210.57992553710938,24.692474365234375,14.49029541015625,1,-1,-1,-1
1001,3,183.99049377441406,210.5799102783203,24.692459106445312,14.490325927734375,1,-1,-1,-1
1041,2,258.2969970703125,218.32542419433594,24.585418701171875,14.149993896484375,1,-1,-1,-1
1041,3,258.2970275878906,218.3255157470703,24.5853271484375,14.14996337890625,1,-1,-1,-1
1061,2,309.8841552734375,221.0335235595703,24.427398681640625,13.79974365234375,1,-1,-1,-1
1061,3,309.8841552734375,221.0335235595703,24.427398681640625,13.79974365234375,1,-1,-1,-1
1081,2,344.9095458984375,232.78439331054688,24.97528076171875,13.7142333984375,1,-1,-1,-1
1081,3,344.90960693359375,232.78439331054688,24.975189208984375,13.7142333984375,1,-1,-1,-1
1101,2,353.69696044921875,262.0557861328125,24.11376953125,13.477294921875,1,-1,-1,-1
1101,3,353.69696044921875,262.05572509765625,24.11376953125,13.477294921875,1,-1,-1,-1
1121,2,367.44287109375,292.5919189453125,23.68988037109375,12.4163818359375,1,-1,-1,-1
1121,3,367.44287109375,292.5919189453125,23.68988037109375,12.4163818359375,1,-1,-1,-1
1141,2,376.30560302734375,319.73394775390625,24.42474365234375,9.391845703125,1,-1,-1,-1
1141,3,376.30560302734375,319.73394775390625,24.42474365234375,9.391845703125,1,-1,-1,-1
1161,2,386.5609130859375,340.1163024902344,24.65484619140625,10.3194580078125,1,-1,-1,-1
1161,3,386.5609130859375,340.1163330078125,24.65484619140625,10.31939697265625,1,-1,-1,-1
1181,2,393.6346435546875,366.9251403808594,26.95465087890625,10.6943359375,1,-1,-1,-1
1181,3,393.6346740722656,366.9250793457031,26.95465087890625,10.6943359375,1,-1,-1,-1
1201,2,394.2813415527344,377.8472595214844,28.37554931640625,13.13299560546875,1,-1,-1,-1
1201,3,394.28131103515625,377.8472595214844,28.37554931640625,13.13299560546875,1,-1,-1,-1
1221,2,359.2218017578125,383.98583984375,30.72637939453125,12.53240966796875,1,-1,-1,-1
1221,3,359.2217712402344,383.98583984375,30.726470947265625,12.53240966796875,1,-1,-1,-1
1241,2,283.8667907714844,399.3399963378906,32.530517578125,12.3331298828125,1,-1,-1,-1
1241,3,283.8667907714844,399.3399963378906,32.530517578125,12.3331298828125,1,-1,-1,-1
1261,2,207.34117126464844,407.2506103515625,32.33929443359375,14.814208984375,1,-1,-1,-1
1261,3,207.34117126464844,407.2506103515625,32.33929443359375,14.814208984375,1,-1,-1,-1
1281,2,182.91195678710938,400.39752197265625,33.97868347167969,12.76190185546875,1,-1,-1,-1
1281,3,182.91192626953125,400.39752197265625,33.978729248046875,12.76190185546875,1,-1,-1,-1
1301,2,165.83985900878906,370.3773193359375,36.49017333984375,15.1348876953125,1,-1,-1,-1
1301,3,165.83985900878906,370.3772888183594,36.49017333984375,15.13494873046875,1,-1,-1,-1
1321,2,164.79129028320312,332.0269470214844,36.83735656738281,15.4005126953125,1,-1,-1,-1
1321,3,164.79129028320312,332.0269470214844,36.83735656738281,15.4005126953125,1,-1,-1,-1
1341,2,176.9115447998047,303.8244323730469,37.31013488769531,18.9693603515625,1,-1,-1,-1
1341,3,176.91152954101562,303.8244323730469,37.3101806640625,18.9693603515625,1,-1,-1,-1
1361,2,186.3616180419922,301.00213623046875,35.90122985839844,17.6522216796875,1,-1,-1,-1
1361,3,186.3616180419922,301.00213623046875,35.90122985839844,17.6522216796875,1,-1,-1,-1
1381,2,202.84483337402344,315.1131896972656,33.28498840332031,15.25439453125,1,-1,-1,-1
1381,3,202.8448486328125,315.1131896972656,33.284942626953125,15.25439453125,1,-1,-1,-1
1401,2,240.03968811035156,326.7591552734375,28.646865844726562,12.9476318359375,1,-1,-1,-1
1401,3,240.03968811035156,326.7591552734375,28.646865844726562,12.9476318359375,1,-1,-1,-1
1421,2,269.21478271484375,346.8236389160156,26.8419189453125,10.2745361328125,1,-1,-1,-1
1421,3,269.2147521972656,346.8236083984375,26.84197998046875,10.2745361328125,1,-1,-1,-1
1441,2,278.8441162109375,347.44842529296875,27.66998291015625,10.5146484375,1,-1,-1,-1
1441,3,278.8441162109375,347.4483947753906,27.66998291015625,10.5146484375,1,-1,-1,-1
1461,2,282.75537109375,320.6524353027344,27.624908447265625,12.56573486328125,1,-1,-1,-1
1461,3,282.75537109375,320.6524353027344,27.624908447265625,12.56573486328125,1,-1,-1,-1
1481,2,282.47265625,310.8393249511719,28.400726318359375,13.57342529296875,1,-1,-1,-1
1481,3,282.47265625,310.83935546875,28.400726318359375,13.5733642578125,1,-1,-1,-1
1501,2,284.5494079589844,308.7217712402344,27.295257568359375,12.962890625,1,-1,-1,-1
1501,3,284.5494079589844,308.7217712402344,27.295257568359375,12.962890625,1,-1,-1,-1
1521,2,290.73175048828125,308.0260925292969,24.3275146484375,12.372314453125,1,-1,-1,-1
1521,3,290.73175048828125,308.0260925292969,24.3275146484375,12.372314453125,1,-1,-1,-1
1541,2,296.83148193359375,302.5268859863281,22.01226806640625,11.48944091796875,1,-1,-1,-1
1541,3,296.83148193359375,302.5268859863281,22.01226806640625,11.48944091796875,1,-1,-1,-1
1561,2,298.6523132324219,286.4649353027344,22.46185302734375,12.47174072265625,1,-1,-1,-1
1561,3,298.6523132324219,286.4649353027344,22.46185302734375,12.47174072265625,1,-1,-1,-1
1581,2,305.78240966796875,265.49017333984375,22.82110595703125,13.1571044921875,1,-1,-1,-1
1581,3,305.78240966796875,265.49017333984375,22.82110595703125,13.1571044921875,1,-1,-1,-1
1601,2,322.81134033203125,265.5049743652344,22.8863525390625,12.56927490234375,1,-1,-1,-1
1601,3,322.81134033203125,265.5049743652344,22.8863525390625,12.56927490234375,1,-1,-1,-1
1621,2,313.15655517578125,265.6219177246094,23.46002197265625,12.90203857421875,1,-1,-1,-1
1621,3,313.15655517578125,265.6219177246094,23.4600830078125,12.90203857421875,1,-1,-1,-1
1641,2,282.2456970214844,265.89794921875,23.226531982421875,12.65887451171875,1,-1,-1,-1
1641,3,282.2457275390625,265.89794921875,23.22650146484375,12.65887451171875,1,-1,-1,-1
1661,2,251.04965209960938,265.7191162109375,21.605682373046875,12.62255859375,1,-1,-1,-1
1661,3,251.04965209960938,265.7191162109375,21.605682373046875,12.62255859375,1,-1,-1,-1
1681,2,242.2711944580078,267.42578125,23.530838012695312,12.73211669921875,1,-1,-1,-1
1681,3,242.2711944580078,267.42578125,23.530838012695312,12.73211669921875,1,-1,-1,-1
1701,2,245.72283935546875,273.20819091796875,21.48687744140625,11.37860107421875,1,-1,-1,-1
1701,3,245.72283935546875,273.2081298828125,21.48687744140625,11.378662109375,1,-1,-1,-1
1721,2,249.15342712402344,257.23406982421875,22.253036499023438,11.7330322265625,1,-1,-1,-1
1721,3,249.15342712402344,257.23406982421875,22.253036499023438,11.7330322265625,1,-1,-1,-1
1741,2,249.06890869140625,226.04315185546875,24.7021484375,15.84564208984375,1,-1,-1,-1
1741,3,249.06890869140625,226.04315185546875,24.7021484375,15.84564208984375,1,-1,-1,-1
1761,2,201.619873046875,201.79571533203125,27.5408935546875,15.294342041015625,1,-1,-1,-1
1761,3,201.619873046875,201.79571533203125,27.5408935546875,15.294342041015625,1,-1,-1,-1
1781,2,147.07212829589844,183.95596313476562,25.914566040039062,15.19427490234375,1,-1,-1,-1
1781,3,147.07212829589844,183.95596313476562,25.914566040039062,15.19427490234375,1,-1,-1,-1
1801,2,154.7324676513672,183.02883911132812,27.377975463867188,15.396087646484375,1,-1,-1,-1
1801,3,154.7324981689453,183.02883911132812,27.378005981445312,15.396087646484375,1,-1,-1,-1
1821,2,197.4710235595703,182.5653839111328,26.607177734375,15.798553466796875,1,-1,-1,-1
1821,3,197.4710235595703,182.5653839111328,26.607177734375,15.798553466796875,1,-1,-1,-1
1841,2,260.5394287109375,180.8748779296875,25.561248779296875,16.0611572265625,1,-1,-1,-1
1841,3,260.5394287109375,180.8748779296875,25.561248779296875,16.0611572265625,1,-1,-1,-1
1861,2,298.6856689453125,183.35977172851562,26.82281494140625,15.40240478515625,1,-1,-1,-1
1861,3,298.6856689453125,183.35977172851562,26.82281494140625,15.40240478515625,1,-1,-1,-1
1861,4,346.8748474121094,335.4270324707031,15.30303955078125,6.93658447265625,1,-1,-1,-1
1881,2,298.91497802734375,185.78964233398438,26.867767333984375,15.911590576171875,1,-1,-1,-1
1881,3,298.91497802734375,185.78964233398438,26.867767333984375,15.911590576171875,1,-1,-1,-1
1881,4,370.35015869140625,325.47247314453125,15.957244873046875,8.0025634765625,1,-1,-1,-1
1901,2,270.73736572265625,185.55377197265625,25.66986083984375,16.14349365234375,1,-1,-1,-1
1901,3,270.73736572265625,185.55377197265625,25.66986083984375,16.14349365234375,1,-1,-1,-1
1901,4,377.057861328125,323.73809814453125,15.9039306640625,8.74261474609375,1,-1,-1,-1
1921,2,222.00592041015625,183.908447265625,25.67291259765625,14.84228515625,1,-1,-1,-1
1921,3,222.00592041015625,183.908447265625,25.67291259765625,14.84228515625,1,-1,-1,-1
1921,4,388.5519714355469,324.8179016113281,16.59393310546875,7.87933349609375,1,-1,-1,-1
1941,2,175.34759521484375,183.16262817382812,25.575592041015625,15.09173583984375,1,-1,-1,-1
1941,3,175.34759521484375,183.16262817382812,25.575592041015625,15.09173583984375,1,-1,-1,-1
1941,4,398.2037048339844,323.7878723144531,16.845703125,9.27642822265625,1,-1,-1,-1
1961,2,198.07562255859375,186.1112518310547,25.9324951171875,15.225433349609375,1,-1,-1,-1
1961,3,198.07562255859375,186.11126708984375,25.9324951171875,15.22540283203125,1,-1,-1,-1
1961,4,417.5863037109375,323.2678527832031,17.261871337890625,8.960205078125,1,-1,-1,-1
1981,2,277.02099609375,186.75172424316406,25.736907958984375,15.4844970703125,1,-1,-1,-1
1981,3,277.02099609375,186.75172424316406,25.736907958984375,15.4844970703125,1,-1,-1,-1
1981,4,428.2982177734375,321.92559814453125,17.089630126953125,9.53936767578125,1,-1,-1,-1
