1,1,505.57110595703125,84.86262512207031,16.0205078125,11.995269775390625,1,-1,-1,-1
1,2,182.69776916503906,266.8001708984375,17.933807373046875,10.0382080078125,1,-1,-1,-1
21,1,505.49542236328125,84.66957092285156,15.93133544921875,12.527099609375,1,-1,-1,-1
21,2,182.01719665527344,265.7192077636719,19.273223876953125,10.5445556640625,1,-1,-1,-1
41,1,531.0753784179688,86.04178619384766,15.02880859375,12.416030883789062,1,-1,-1,-1
41,2,181.86563110351562,265.169921875,18.86566162109375,10.4200439453125,1,-1,-1,-1
61,1,582.6372680664062,87.97813415527344,15.32232666015625,11.795455932617188,1,-1,-1,-1
61,2,183.09564208984375,246.05917358398438,18.146102905273438,10.935272216796875,1,-1,-1,-1
81,2,192.15635681152344,227.51766967773438,17.27569580078125,10.652801513671875,1,-1,-1,-1
101,2,224.7041015625,223.416259765625,17.22540283203125,10.42791748046875,1,-1,-1,-1
121,2,265.17608642578125,223.5282745361328,18.48358154296875,11.084228515625,1,-1,-1,-1
121,3,622.4498901367188,88.46932220458984,19.64654541015625,12.13836669921875,1,-1,-1,-1
141,2,311.0145263671875,222.34384155273438,19.48028564453125,11.875274658203125,1,-1,-1,-1
141,3,620.1153564453125,88.79622650146484,15.38397216796875,12.356689453125,1,-1,-1,-1
161,2,357.71881103515625,222.37510681152344,20.33575439453125,11.980682373046875,1,-1,-1,-1
161,3,616.5051879882812,89.16508483886719,17.006591796875,12.641036987304688,1,-1,-1,-1
181,2,394.2769775390625,218.7804718017578,20.0958251953125,11.425048828125,1,-1,-1,-1
181,3,614.7578125,89.25357818603516,15.8135986328125,12.669082641601562,1,-1,-1,-1
201,2,421.819091796875,205.31761169433594,19.964111328125,12.60833740234375,1,-1,-1,-1
201,3,577.605712890625,88.36503601074219,15.87109375,12.390304565429688,1,-1,-1,-1
221,2,442.5003356933594,186.77651977539062,20.312957763671875,12.5692138671875,1,-1,-1,-1
221,3,496.45697021484375,95.96031188964844,15.45343017578125,12.238037109375,1,-1,-1,-1
241,2,452.6748046875,168.80422973632812,20.987762451171875,14.1104736328125,1,-1,-1,-1
241,3,413.422119140625,118.50764465332031,15.343017578125,12.109161376953125,1,-1,-1,-1
261,2,449.636474609375,157.56707763671875,20.841583251953125,13.27325439453125,1,-1,-1,-1
261,3,400.01849365234375,151.64077758789062,14.615936279296875,10.829803466796875,1,-1,-1,-1
281,2,427.71044921875,148.72491455078125,22.108612060546875,13.369415283203125,1,-1,-1,-1
281,3,400.8721618652344,187.3210906982422,16.98858642578125,11.3529052734375,1,-1,-1,-1
301,2,386.8862609863281,144.11630249023438,20.028289794921875,12.44384765625,1,-1,-1,-1
301,3,406.1300048828125,227.2351531982422,16.87908935546875,11.218841552734375,1,-1,-1,-1
321,2,332.2084045410156,140.666259765625,19.785858154296875,12.072967529296875,1,-1,-1,-1
321,3,410.9286193847656,260.0360412597656,17.229461669921875,10.92877197265625,1,-1,-1,-1
341,2,273.02655029296875,140.66566467285156,20.496673583984375,11.959564208984375,1,-1,-1,-1
341,3,384.94091796875,275.2471618652344,16.916259765625,10.83642578125,1,-1,-1,-1
361,2,214.93309020996094,140.62173461914062,19.693038940429688,11.893951416015625,1,-1,-1,-1
361,3,296.492919921875,277.4420166015625,17.16748046875,10.2835693359375,1,-1,-1,-1
381,2,161.12789916992188,141.71546936035156,20.2947998046875,12.830902099609375,1,-1,-1,-1
381,3,201.240234375,278.68829345703125,14.826629638671875,8.676025390625,1,-1,-1,-1
401,2,110.5978012084961,143.41038513183594,21.43067169189453,12.542083740234375,1,-1,-1,-1
401,3,145.37026977539062,279.6703186035156,14.381942749023438,9.8768310546875,1,-1,-1,-1
421,2,69.41233825683594,145.3614044189453,21.951499938964844,12.170623779296875,1,-1,-1,-1
421,3,147.3802490234375,281.9278564453125,14.81048583984375,9.91680908203125,1,-1,-1,-1
441,2,37.66197204589844,153.12478637695312,21.330421447753906,12.7186279296875,1,-1,-1,-1
441,3,163.43966674804688,298.96990966796875,16.322021484375,9.36285400390625,1,-1,-1,-1
461,2,22.919273376464844,167.72019958496094,20.610328674316406,11.243133544921875,1,-1,-1,-1
461,3,202.34518432617188,311.4421691894531,17.554275512695312,9.578125,1,-1,-1,-1
481,2,18.122650146484375,188.06703186035156,20.87720489501953,11.05718994140625,1,-1,-1,-1
481,3,274.59417724609375,329.3377990722656,17.332672119140625,9.24688720703125,1,-1,-1,-1
501,2,14.068303108215332,210.0896453857422,20.75968837738037,11.516448974609375,1,-1,-1,-1
501,3,382.439208984375,352.9435729980469,20.18597412109375,9.3341064453125,1,-1,-1,-1
521,2,10.52471923828125,234.3566131591797,19.70698356628418,10.89678955078125,1,-1,-1,-1
521,3,501.1117858886719,382.41766357421875,20.686859130859375,10.21185302734375,1,-1,-1,-1
541,2,1.9126081466674805,260.8914794921875,21.697400093078613,10.17822265625,1,-1,-1,-1
541,3,560.1112060546875,365.7099304199219,22.7020263671875,11.06695556640625,1,-1,-1,-1
561,2,-2.472886562347412,284.43048095703125,17.379218578338623,9.910888671875,1,-1,-1,-1
561,3,558.0910034179688,323.48138427734375,22.3265380859375,12.1275634765625,1,-1,-1,-1
581,3,551.3689575195312,310.06011962890625,21.590576171875,12.096923828125,1,-1,-1,-1
601,3,544.6980590820312,276.6033020019531,20.97503662109375,12.75634765625,1,-1,-1,-1
621,3,537.5044555664062,232.4402618408203,21.35406494140625,12.587738037109375,1,-1,-1,-1
641,3,530.3773193359375,178.68531799316406,21.1517333984375,12.87860107421875,1,-1,-1,-1
661,3,521.67822265625,133.135498046875,20.39813232421875,13.27862548828125,1,-1,-1,-1
681,3,508.8653259277344,130.23565673828125,20.246246337890625,12.901153564453125,1,-1,-1,-1
681,4,-9.102371215820312,171.97732543945312,20.84278392791748,15.21697998046875,1,-1,-1,-1
701,3,468.48797607421875,130.4993438720703,20.562957763671875,13.195159912109375,1,-1,-1,-1
701,4,25.136245727539062,151.8369903564453,37.23103713989258,19.604156494140625,1,-1,-1,-1
721,3,415.1587219238281,131.1901092529297,21.4276123046875,13.288604736328125,1,-1,-1,-1
721,4,98.08340454101562,139.03970336914062,37.48323059082031,21.341278076171875,1,-1,-1,-1
741,3,364.6171569824219,132.26348876953125,19.557342529296875,11.8138427734375,1,-1,-1,-1
741,4,147.0665740966797,138.0491943359375,36.54365539550781,21.167999267578125,1,-1,-1,-1
761,3,323.6483154296875,134.4313201904297,18.633941650390625,11.532379150390625,1,-1,-1,-1
761,4,167.3756561279297,144.70494079589844,36.38999938964844,21.2706298828125,1,-1,-1,-1
781,3,281.35400390625,136.94366455078125,18.572418212890625,12.219940185546875,1,-1,-1,-1
781,4,213.56976318359375,153.18601989746094,36.658355712890625,20.821929931640625,1,-1,-1,-1
801,3,273.8348693847656,162.65560913085938,37.46240234375,20.379791259765625,1,-1,-1,-1
801,4,273.8426208496094,162.68533325195312,37.451629638671875,20.326995849609375,1,-1,-1,-1
821,3,328.80596923828125,178.28196716308594,37.122650146484375,19.416900634765625,1,-1,-1,-1
821,4,328.8089599609375,178.28831481933594,37.120361328125,19.410064697265625,1,-1,-1,-1
841,3,343.9326477050781,185.49398803710938,37.396697998046875,20.0784912109375,1,-1,-1,-1
841,4,343.9374084472656,185.49990844726562,37.39471435546875,20.0701904296875,1,-1,-1,-1
861,3,340.2948303222656,189.4476776123047,36.6787109375,19.9478759765625,1,-1,-1,-1
861,4,340.296142578125,189.44949340820312,36.683502197265625,19.95062255859375,1,-1,-1,-1
881,3,333.0719299316406,203.2224884033203,35.2435302734375,19.0181884765625,1,-1,-1,-1
881,4,333.07318115234375,203.22515869140625,35.244537353515625,19.014129638671875,1,-1,-1,-1
901,3,326.04510498046875,225.3542938232422,35.087066650390625,18.021148681640625,1,-1,-1,-1
901,4,326.045654296875,225.35443115234375,35.086578369140625,18.02032470703125,1,-1,-1,-1
921,3,322.55694580078125,253.95375061035156,33.300018310546875,16.414962768554688,1,-1,-1,-1
921,4,322.55670166015625,253.9537353515625,33.30059814453125,16.41571044921875,1,-1,-1,-1
941,3,319.7809143066406,297.7390441894531,31.14349365234375,15.24273681640625,1,-1,-1,-1
941,4,319.78167724609375,297.73907470703125,31.1417236328125,15.24267578125,1,-1,-1,-1
961,3,312.69635009765625,332.5137023925781,29.252166748046875,13.9146728515625,1,-1,-1,-1
961,4,312.6976623535156,332.5138854980469,29.2508544921875,13.91363525390625,1,-1,-1,-1
981,3,269.4444580078125,351.29925537109375,27.929931640625,11.8822021484375,1,-1,-1,-1
981,4,269.4444885253906,351.2986755371094,27.93011474609375,11.88262939453125,1,-1,-1,-1
1001,3,184.98414611816406,359.15264892578125,28.428009033203125,11.97308349609375,1,-1,-1,-1
1001,4,184.98446655273438,359.15277099609375,28.427322387695312,11.97320556640625,1,-1,-1,-1
1021,3,140.86627197265625,360.40966796875,26.79669189453125,12.37640380859375,1,-1,-1,-1
1021,4,140.8660888671875,360.4096984863281,26.796798706054688,12.37652587890625,1,-1,-1,-1
1041,3,134.82192993164062,364.24627685546875,26.934371948242188,11.9144287109375,1,-1,-1,-1
1041,4,134.822265625,364.2462463378906,26.93389892578125,11.914306640625,1,-1,-1,-1
1061,3,132.12332153320312,361.659423828125,28.527252197265625,11.78619384765625,1,-1,-1,-1
1061,4,132.12347412109375,361.6598205566406,28.526535034179688,11.785888671875,1,-1,-1,-1
1081,3,125.88440704345703,353.0788879394531,28.519874572753906,12.6917724609375,1,-1,-1,-1
1081,4,125.8851547241211,353.0790100097656,28.51696014404297,12.69134521484375,1,-1,-1,-1
1101,3,124.49942016601562,343.9462585449219,29.077926635742188,12.58819580078125,1,-1,-1,-1
1101,4,124.49961853027344,343.9450378417969,29.078048706054688,12.59051513671875,1,-1,-1,-1
1121,3,130.5609130859375,313.8094787597656,30.677719116210938,14.03155517578125,1,-1,-1,-1
1121,4,130.5611572265625,313.80963134765625,30.67742919921875,14.0313720703125,1,-1,-1,-1
1141,3,137.990234375,290.47845458984375,29.683395385742188,14.38922119140625,1,-1,-1,-1
1141,4,137.99029541015625,290.4785461425781,29.683258056640625,14.38916015625,1,-1,-1,-1
1161,3,143.365478515625,261.4264221191406,29.189727783203125,15.72344970703125,1,-1,-1,-1
1161,4,143.3656005859375,261.4264831542969,29.189620971679688,15.72332763671875,1,-1,-1,-1
1181,3,152.8843536376953,233.36940002441406,28.949615478515625,16.02349853515625,1,-1,-1,-1
1181,4,152.88424682617188,233.36941528320312,28.949874877929688,16.023468017578125,1,-1,-1,-1
1201,3,179.04502868652344,210.6267852783203,28.739059448242188,16.207489013671875,1,-1,-1,-1
1201,4,179.04519653320312,210.6267547607422,28.738983154296875,16.20758056640625,1,-1,-1,-1
1221,3,219.65512084960938,187.3725128173828,28.337661743164062,16.09747314453125,1,-1,-1,-1
1221,4,219.65505981445312,187.37252807617188,28.337783813476562,16.097442626953125,1,-1,-1,-1
1241,3,264.48443603515625,162.40805053710938,27.785919189453125,16.868682861328125,1,-1,-1,-1
1241,4,264.48443603515625,162.4081268310547,27.785980224609375,16.868621826171875,1,-1,-1,-1
1241,5,549.439208984375,362.8576354980469,22.71478271484375,10.9151611328125,1,-1,-1,-1
1261,3,280.8644104003906,143.5502166748047,26.262939453125,15.729461669921875,1,-1,-1,-1
1261,4,280.86444091796875,143.55020141601562,26.26287841796875,15.7294921875,1,-1,-1,-1
1261,5,545.3565673828125,342.1158447265625,22.4290771484375,11.4664306640625,1,-1,-1,-1
1281,3,280.8769836425781,118.95791625976562,25.964569091796875,15.160720825195312,1,-1,-1,-1
1281,4,280.87701416015625,118.95789337158203,25.96453857421875,15.160713195800781,1,-1,-1,-1
1281,5,541.0596313476562,320.6346435546875,21.6295166015625,11.77276611328125,1,-1,-1,-1
1301,3,255.45379638671875,94.89776611328125,25.116607666015625,15.279922485351562,1,-1,-1,-1
1301,4,255.45372009277344,94.89775848388672,25.116653442382812,15.279937744140625,1,-1,-1,-1
1301,5,540.4479370117188,312.12347412109375,21.55670166015625,11.91522216796875,1,-1,-1,-1
1321,3,223.71070861816406,75.02922058105469,24.732208251953125,14.675155639648438,1,-1,-1,-1
1321,4,223.71070861816406,75.02925109863281,24.732208251953125,14.675140380859375,1,-1,-1,-1
1321,5,514.854248046875,312.7019958496094,21.45233154296875,12.2431640625,1,-1,-1,-1
1341,3,219.73367309570312,57.87682342529297,24.720962524414062,13.908432006835938,1,-1,-1,-1
1341,4,219.73373413085938,57.876827239990234,24.720947265625,13.908428192138672,1,-1,-1,-1
1341,5,458.799072265625,314.2512512207031,22.103179931640625,12.1805419921875,1,-1,-1,-1
1361,3,217.2470703125,49.236778259277344,24.201126098632812,15.439704895019531,1,-1,-1,-1
1361,4,217.2470703125,49.23677062988281,24.201126098632812,15.439720153808594,1,-1,-1,-1
1361,5,388.61749267578125,316.8232727050781,21.94921875,10.934814453125,1,-1,-1,-1
1381,3,229.166015625,50.55778503417969,23.447418212890625,14.570243835449219,1,-1,-1,-1
1381,4,229.166015625,50.557796478271484,23.447418212890625,14.570240020751953,1,-1,-1,-1
1381,5,313.3099060058594,317.78875732421875,23.247711181640625,11.46307373046875,1,-1,-1,-1
1401,3,259.2272644042969,49.20508575439453,24.2210693359375,14.643951416015625,1,-1,-1,-1
1401,4,259.2272644042969,49.2050895690918,24.2210693359375,14.643943786621094,1,-1,-1,-1
1401,5,255.376953125,320.3035583496094,20.596282958984375,11.79510498046875,1,-1,-1,-1
1421,3,264.9641418457031,63.777732849121094,25.023040771484375,14.55560302734375,1,-1,-1,-1
1421,4,264.96417236328125,63.7777099609375,25.022979736328125,14.55560302734375,1,-1,-1,-1
1421,5,235.0419921875,321.4522705078125,20.7125244140625,10.90533447265625,1,-1,-1,-1
1441,3,261.8914489746094,87.56710052490234,25.00628662109375,14.169479370117188,1,-1,-1,-1
1441,4,261.8915100097656,87.56710815429688,25.00628662109375,14.169464111328125,1,-1,-1,-1
1441,5,230.43023681640625,322.7102966308594,20.561798095703125,11.53912353515625,1,-1,-1,-1
1461,3,257.01239013671875,112.9178695678711,25.635894775390625,13.897537231445312,1,-1,-1,-1
1461,4,257.01239013671875,112.9178695678711,25.635894775390625,13.897537231445312,1,-1,-1,-1
1461,5,195.1087646484375,325.04046630859375,20.428878784179688,10.76922607421875,1,-1,-1,-1
1481,3,261.0065612792969,140.5167236328125,24.608184814453125,14.377716064453125,1,-1,-1,-1
1481,4,261.0065612792969,140.51673889160156,24.608184814453125,14.377685546875,1,-1,-1,-1
1481,5,135.2084503173828,325.3744812011719,20.536514282226562,10.3646240234375,1,-1,-1,-1
1501,3,287.857177734375,169.44012451171875,26.897613525390625,15.002197265625,1,-1,-1,-1
1501,4,287.857177734375,169.44012451171875,26.897613525390625,15.002197265625,1,-1,-1,-1
1501,5,66.8180923461914,324.79766845703125,19.708106994628906,10.62481689453125,1,-1,-1,-1
1521,3,328.69415283203125,192.55247497558594,28.352813720703125,16.013671875,1,-1,-1,-1
1521,4,328.69415283203125,192.55247497558594,28.352813720703125,16.013671875,1,-1,-1,-1
1521,5,40.64356231689453,352.2630920410156,19.366436004638672,8.86962890625,1,-1,-1,-1
1541,3,391.07342529296875,217.0808868408203,29.5584716796875,15.17938232421875,1,-1,-1,-1
1541,4,391.07342529296875,217.08087158203125,29.5584716796875,15.179412841796875,1,-1,-1,-1
1541,5,34.27906036376953,400.912353515625,17.58831787109375,8.64862060546875,1,-1,-1,-1
1561,3,459.8934631347656,231.1792755126953,30.299835205078125,15.407012939453125,1,-1,-1,-1
1561,4,459.89337158203125,231.1792755126953,30.299835205078125,15.407012939453125,1,-1,-1,-1
1581,3,515.22314453125,239.42807006835938,29.7164306640625,14.885345458984375,1,-1,-1,-1
1581,4,515.22314453125,239.42807006835938,29.71649169921875,14.885345458984375,1,-1,-1,-1
1581,5,91.99447631835938,437.1128845214844,17.67950439453125,8.3399658203125,1,-1,-1,-1
1601,3,526.966552734375,274.2779235839844,30.1422119140625,14.77069091796875,1,-1,-1,-1
1601,4,526.966552734375,274.2779235839844,30.1422119140625,14.77069091796875,1,-1,-1,-1
1621,3,531.917236328125,319.8132019042969,31.42132568359375,14.30322265625,1,-1,-1,-1
1621,4,531.917236328125,319.8132019042969,31.42132568359375,14.30322265625,1,-1,-1,-1
1641,3,533.29150390625,371.8670349121094,31.659912109375,14.19940185546875,1,-1,-1,-1
1641,4,533.29150390625,371.8670349121094,31.659912109375,14.19940185546875,1,-1,-1,-1
1661,3,516.4580078125,395.8898010253906,28.09893798828125,11.99365234375,1,-1,-1,-1
1661,4,516.4580078125,395.8898010253906,28.09893798828125,11.99365234375,1,-1,-1,-1
1681,3,463.393798828125,400.59039306640625,28.4095458984375,12.69989013671875,1,-1,-1,-1
1681,4,463.39373779296875,400.59039306640625,28.40966796875,12.69989013671875,1,-1,-1,-1
1701,3,372.2459411621094,405.12890625,30.042877197265625,14.369384765625,1,-1,-1,-1
1701,4,372.2459716796875,405.12890625,30.042816162109375,14.369384765625,1,-1,-1,-1
1721,3,241.87042236328125,408.58355712890625,29.255126953125,12.18634033203125,1,-1,-1,-1
1721,4,241.87033081054688,408.58355712890625,29.255126953125,12.18634033203125,1,-1,-1,-1
1741,3,174.64613342285156,402.87542724609375,27.208328247070312,10.42901611328125,1,-1,-1,-1
1741,4,174.6461181640625,402.87542724609375,27.208358764648438,10.42901611328125,1,-1,-1,-1
1761,3,170.957275390625,387.6827697753906,28.604400634765625,11.22998046875,1,-1,-1,-1
1761,4,170.957275390625,387.6827697753906,28.604400634765625,11.22998046875,1,-1,-1,-1
1781,3,170.45443725585938,367.2615051269531,28.771484375,11.24310302734375,1,-1,-1,-1
1781,4,170.45448303222656,367.2615051269531,28.771438598632812,11.24310302734375,1,-1,-1,-1
1801,3,161.59677124023438,336.3134765625,31.075332641601562,12.7083740234375,1,-1,-1,-1
1801,4,161.59677124023438,336.3134765625,31.075332641601562,12.7083740234375,1,-1,-1,-1
1821,3,144.08419799804688,287.7488708496094,36.14613342285156,14.54742431640625,1,-1,-1,-1
1821,4,144.08419799804688,287.7488708496094,36.14613342285156,14.54742431640625,1,-1,-1,-1
1841,3,129.09544372558594,236.74832153320312,38.27244567871094,19.35809326171875,1,-1,-1,-1
1841,4,129.095458984375,236.74830627441406,38.2724609375,19.358108520507812,1,-1,-1,-1
1861,3,174.6858367919922,221.02713012695312,40.16021728515625,20.53082275390625,1,-1,-1,-1
1861,4,174.6858367919922,221.02711486816406,40.16021728515625,20.530853271484375,1,-1,-1,-1
1881,3,243.29725646972656,207.66506958007812,41.80430603027344,21.35736083984375,1,-1,-1,-1
1881,4,243.29727172851562,207.66506958007812,41.804290771484375,21.35736083984375,1,-1,-1,-1
1901,3,312.0411071777344,201.32696533203125,40.50604248046875,21.297607421875,1,-1,-1,-1
1901,4,312.04107666015625,201.32696533203125,40.506072998046875,21.297607421875,1,-1,-1,-1
1901,6,422.7537536621094,142.63111877441406,19.934295654296875,13.252105712890625,1,-1,-1,-1
1921,3,376.3682861328125,209.24050903320312,42.123504638671875,21.99578857421875,1,-1,-1,-1
1921,4,376.3682861328125,209.2405242919922,42.123504638671875,21.995758056640625,1,-1,-1,-1
1921,6,294.8135681152344,144.78060913085938,16.701507568359375,11.731903076171875,1,-1,-1,-1
1941,3,427.4908752441406,236.9615936279297,39.08599853515625,20.414352416992188,1,-1,-1,-1
1941,4,427.4908752441406,236.9615936279297,39.08599853515625,20.414352416992188,1,-1,-1,-1
1941,6,145.4101104736328,150.9475860595703,19.353408813476562,11.724822998046875,1,-1,-1,-1
1961,3,454.55426025390625,277.6656494140625,35.4971923828125,17.78460693359375,1,-1,-1,-1
1961,4,454.55426025390625,277.6656494140625,35.4971923828125,17.78460693359375,1,-1,-1,-1
1961,6,74.13665771484375,135.66278076171875,17.91839599609375,10.867706298828125,1,-1,-1,-1
1981,3,459.3514404296875,322.35528564453125,31.17138671875,14.72216796875,1,-1,-1,-1
1981,4,459.35137939453125,322.35528564453125,31.1715087890625,14.72216796875,1,-1,-1,-1
1981,6,85.69837951660156,92.65750885009766,15.028511047363281,9.37921142578125,1,-1,-1,-1
