1,1,271.6325378417969,119.76485443115234,11.574676513671875,7.723388671875,1,-1,-1,-1
21,1,272.417724609375,119.33998107910156,12.009918212890625,7.6000823974609375,1,-1,-1,-1
41,1,271.7913818359375,120.92174530029297,11.87750244140625,8.614067077636719,1,-1,-1,-1
61,1,274.9225158691406,147.22113037109375,10.2376708984375,7.396514892578125,1,-1,-1,-1
81,1,276.1896667480469,180.6603240966797,10.54217529296875,7.757354736328125,1,-1,-1,-1
101,1,277.52642822265625,215.64248657226562,12.963043212890625,9.074981689453125,1,-1,-1,-1
101,2,399.1563720703125,397.01708984375,22.55059814453125,6.7716064453125,1,-1,-1,-1
121,1,280.0220031738281,243.04983520507812,12.33905029296875,9.626983642578125,1,-1,-1,-1
221,3,91.24049377441406,343.94677734375,16.207504272460938,10.05950927734375,1,-1,-1,-1
241,3,45.65771484375,307.438232421875,14.83795166015625,9.33477783203125,1,-1,-1,-1
261,3,49.98908233642578,256.1199645996094,15.223991394042969,9.34735107421875,1,-1,-1,-1
281,3,74.32339477539062,205.67123413085938,15.403152465820312,9.65509033203125,1,-1,-1,-1
301,3,118.6068115234375,156.07504272460938,15.238174438476562,11.354156494140625,1,-1,-1,-1
321,3,171.07379150390625,115.40997314453125,14.21685791015625,10.224105834960938,1,-1,-1,-1
341,3,224.48561096191406,80.47210693359375,13.535873413085938,9.768966674804688,1,-1,-1,-1
361,3,262.5361022949219,57.02178192138672,11.840911865234375,9.652542114257812,1,-1,-1,-1
381,3,278.6011962890625,76.72230529785156,12.714324951171875,9.80426025390625,1,-1,-1,-1
401,3,289.2919006347656,119.25147247314453,11.433258056640625,7.9963531494140625,1,-1,-1,-1
421,3,297.94268798828125,166.46180725097656,11.457061767578125,8.264923095703125,1,-1,-1,-1
441,3,308.2435302734375,215.8042449951172,13.18505859375,10.93389892578125,1,-1,-1,-1
501,3,326.8338623046875,338.7836608886719,7.775970458984375,3.34088134765625,1,-1,-1,-1
521,3,338.300537109375,261.10321044921875,11.53765869140625,4.98651123046875,1,-1,-1,-1
621,5,338.6349792480469,247.20260620117188,12.833709716796875,7.4903564453125,1,-1,-1,-1
641,5,336.8278503417969,188.1386260986328,12.893218994140625,9.706878662109375,1,-1,-1,-1
661,5,329.433349609375,146.64852905273438,13.14105224609375,9.78619384765625,1,-1,-1,-1
681,5,300.4380798339844,140.13751220703125,12.623291015625,10.232269287109375,1,-1,-1,-1
681,6,522.8567504882812,298.1091613769531,18.99078369140625,5.25250244140625,1,-1,-1,-1
701,5,257.5536804199219,158.6573028564453,12.718109130859375,9.595306396484375,1,-1,-1,-1
721,5,227.7615966796875,195.318603515625,12.768630981445312,10.683868408203125,1,-1,-1,-1
741,5,216.2472381591797,237.87741088867188,12.958023071289062,8.943084716796875,1,-1,-1,-1
761,5,218.11947631835938,241.9420623779297,12.87982177734375,10.37371826171875,1,-1,-1,-1
781,5,217.93630981445312,242.1204833984375,12.943679809570312,10.13323974609375,1,-1,-1,-1
801,5,218.75486755371094,242.27047729492188,13.427764892578125,10.3341064453125,1,-1,-1,-1
821,5,219.2111358642578,243.6230010986328,14.112289428710938,10.465240478515625,1,-1,-1,-1
821,7,338.15765380859375,261.3645935058594,13.02490234375,4.51361083984375,1,-1,-1,-1
841,5,219.98318481445312,245.944091796875,14.54132080078125,9.05120849609375,1,-1,-1,-1
861,5,219.21316528320312,244.49607849121094,11.888427734375,9.708221435546875,1,-1,-1,-1
861,7,338.2225341796875,261.10870361328125,10.545654296875,4.221923828125,1,-1,-1,-1
881,5,215.98158264160156,242.83773803710938,13.770401000976562,10.784912109375,1,-1,-1,-1
901,5,219.38555908203125,241.6919708251953,12.466705322265625,10.649017333984375,1,-1,-1,-1
901,7,339.0145263671875,261.3711853027344,12.38677978515625,5.5802001953125,1,-1,-1,-1
921,5,220.12648010253906,244.23605346679688,13.969192504882812,9.929901123046875,1,-1,-1,-1
941,5,274.415283203125,253.93048095703125,11.24664306640625,9.18719482421875,1,-1,-1,-1
941,7,339.2447204589844,262.0016174316406,11.590972900390625,4.9427490234375,1,-1,-1,-1
961,5,376.9130859375,230.40638732910156,11.29638671875,9.4786376953125,1,-1,-1,-1
961,7,376.89129638671875,230.4109649658203,11.320404052734375,9.46649169921875,1,-1,-1,-1
981,5,464.2054748535156,205.7672119140625,11.38214111328125,10.316558837890625,1,-1,-1,-1
981,7,464.1985778808594,205.77223205566406,11.3944091796875,10.30828857421875,1,-1,-1,-1
1001,5,517.6774291992188,205.76316833496094,10.87353515625,9.850128173828125,1,-1,-1,-1
1001,7,517.6574096679688,205.7684783935547,10.87896728515625,9.841400146484375,1,-1,-1,-1
1021,5,470.7775573730469,214.62722778320312,9.706787109375,6.138885498046875,1,-1,-1,-1
1041,5,336.5325927734375,237.8662567138672,9.24810791015625,7.681610107421875,1,-1,-1,-1
1041,7,336.5246887207031,237.86997985839844,9.26202392578125,7.67742919921875,1,-1,-1,-1
1061,5,302.9916076660156,242.2766876220703,9.52899169921875,8.71563720703125,1,-1,-1,-1
1061,7,302.98651123046875,242.27975463867188,9.54022216796875,8.712493896484375,1,-1,-1,-1
1081,5,304.3847351074219,242.13134765625,10.2178955078125,8.454376220703125,1,-1,-1,-1
1081,7,304.3857421875,242.134765625,10.2210693359375,8.44989013671875,1,-1,-1,-1
1121,5,339.749755859375,261.1797180175781,4.86151123046875,4.00140380859375,1,-1,-1,-1
1341,9,262.81268310546875,273.5298156738281,16.31866455078125,7.71875,1,-1,-1,-1
1381,9,273.04718017578125,265.6589660644531,14.4630126953125,9.73480224609375,1,-1,-1,-1
1401,9,269.41156005859375,223.9984130859375,15.49188232421875,10.522369384765625,1,-1,-1,-1
1421,9,270.05023193359375,223.9872283935547,16.187469482421875,10.308013916015625,1,-1,-1,-1
1441,9,259.8273620605469,200.98971557617188,16.6138916015625,12.805633544921875,1,-1,-1,-1
1461,9,255.42298889160156,190.7828369140625,16.872299194335938,12.370941162109375,1,-1,-1,-1
1481,9,256.01263427734375,236.57418823242188,17.758392333984375,12.432220458984375,1,-1,-1,-1
1601,10,269.07977294921875,324.9596252441406,12.229034423828125,4.3984375,1,-1,-1,-1
1661,10,267.29248046875,339.4933776855469,11.67437744140625,4.25732421875,1,-1,-1,-1
1821,12,270.2945556640625,257.1081848144531,15.272247314453125,10.65252685546875,1,-1,-1,-1
1841,12,266.83489990234375,193.6382293701172,14.4837646484375,11.78961181640625,1,-1,-1,-1
1861,12,268.3148498535156,191.24241638183594,14.382965087890625,11.1190185546875,1,-1,-1,-1
1881,12,268.19647216796875,192.76844787597656,15.364013671875,11.10174560546875,1,-1,-1,-1
1901,12,267.8566589355469,193.35511779785156,15.729705810546875,11.4561767578125,1,-1,-1,-1
1921,12,266.9953308105469,193.55694580078125,15.97918701171875,11.662017822265625,1,-1,-1,-1
1941,12,267.6113586425781,192.82742309570312,14.265655517578125,11.712982177734375,1,-1,-1,-1
1961,12,268.653076171875,192.2276153564453,15.4383544921875,11.436370849609375,1,-1,-1,-1
1981,12,269.5456237792969,192.96527099609375,14.05328369140625,10.886199951171875,1,-1,-1,-1
