1,1,323.17413330078125,144.7759552001953,21.1934814453125,10.601043701171875,1,-1,-1,-1
21,1,320.068359375,157.51060485839844,20.32373046875,9.175445556640625,1,-1,-1,-1
41,1,318.4295349121094,170.5767364501953,19.32220458984375,8.156890869140625,1,-1,-1,-1
61,1,315.7772216796875,181.72438049316406,19.01898193359375,7.66357421875,1,-1,-1,-1
81,1,288.0116882324219,185.85540771484375,18.38824462890625,8.6510009765625,1,-1,-1,-1
101,1,223.17745971679688,188.54580688476562,19.2540283203125,7.8980712890625,1,-1,-1,-1
121,1,156.2667694091797,189.82843017578125,16.827880859375,9.7803955078125,1,-1,-1,-1
141,1,131.74960327148438,190.68727111816406,17.408447265625,5.836273193359375,1,-1,-1,-1
161,1,118.06246948242188,177.28515625,18.574676513671875,10.451812744140625,1,-1,-1,-1
181,1,112.888916015625,172.09124755859375,19.163070678710938,9.851593017578125,1,-1,-1,-1
201,1,108.51496887207031,186.73757934570312,19.848403930664062,9.301483154296875,1,-1,-1,-1
221,1,106.28409576416016,207.5574951171875,20.052528381347656,9.360443115234375,1,-1,-1,-1
241,1,138.54098510742188,207.48878479003906,18.732406616210938,11.631072998046875,1,-1,-1,-1
261,1,224.92108154296875,209.5573272705078,21.047515869140625,7.490875244140625,1,-1,-1,-1
281,1,308.6269226074219,209.79318237304688,22.022674560546875,7.65826416015625,1,-1,-1,-1
301,1,350.132568359375,206.55319213867188,20.5777587890625,8.19476318359375,1,-1,-1,-1
321,1,350.41168212890625,204.69190979003906,21.06329345703125,9.771148681640625,1,-1,-1,-1
341,1,345.6126403808594,214.1669158935547,19.97100830078125,10.1693115234375,1,-1,-1,-1
361,1,338.9649658203125,233.12083435058594,18.73016357421875,6.598876953125,1,-1,-1,-1
381,1,303.672607421875,241.134521484375,16.5479736328125,7.740325927734375,1,-1,-1,-1
401,1,227.24998474121094,246.44354248046875,17.491806030273438,6.721221923828125,1,-1,-1,-1
421,1,154.37008666992188,249.29647827148438,15.950271606445312,9.125396728515625,1,-1,-1,-1
441,1,128.6759033203125,249.1511993408203,16.26513671875,6.148223876953125,1,-1,-1,-1
461,1,105.01441192626953,224.5227508544922,17.499771118164062,6.552734375,1,-1,-1,-1
481,1,81.46917724609375,189.0718231201172,15.815673828125,13.897613525390625,1,-1,-1,-1
501,1,136.08316040039062,170.23350524902344,22.010818481445312,10.927520751953125,1,-1,-1,-1
521,1,243.38311767578125,151.59353637695312,22.778594970703125,14.3990478515625,1,-1,-1,-1
541,1,291.9250183105469,147.2772216796875,22.619232177734375,10.14434814453125,1,-1,-1,-1
561,1,298.11114501953125,147.51373291015625,22.252593994140625,14.18939208984375,1,-1,-1,-1
581,1,299.2074890136719,174.23776245117188,20.163726806640625,10.348846435546875,1,-1,-1,-1
601,1,299.65802001953125,192.4755096435547,17.033355712890625,7.43524169921875,1,-1,-1,-1
621,1,299.59625244140625,202.36607360839844,15.84063720703125,6.957061767578125,1,-1,-1,-1
641,1,296.2099609375,224.0368194580078,13.817108154296875,6.0936279296875,1,-1,-1,-1
661,1,285.5855712890625,238.62893676757812,12.7724609375,4.635772705078125,1,-1,-1,-1
681,1,281.30706787109375,238.758544921875,12.722625732421875,5.165252685546875,1,-1,-1,-1
701,1,277.6788024902344,226.88739013671875,13.681365966796875,4.965484619140625,1,-1,-1,-1
721,1,274.04571533203125,206.78387451171875,15.04071044921875,7.891845703125,1,-1,-1,-1
741,1,245.8915557861328,195.0275421142578,15.674789428710938,8.34375,1,-1,-1,-1
761,1,176.7633056640625,187.3338623046875,16.809921264648438,8.073974609375,1,-1,-1,-1
781,1,90.52811431884766,180.87265014648438,15.249504089355469,11.913909912109375,1,-1,-1,-1
801,1,66.20036315917969,180.6948699951172,14.005081176757812,11.205718994140625,1,-1,-1,-1
821,1,125.47705078125,180.0365447998047,16.119552612304688,9.589599609375,1,-1,-1,-1
841,1,244.21096801757812,178.9764404296875,16.4771728515625,8.863922119140625,1,-1,-1,-1
861,1,314.87994384765625,181.35415649414062,16.2298583984375,8.341278076171875,1,-1,-1,-1
881,1,328.1774597167969,191.33094787597656,18.30450439453125,5.352783203125,1,-1,-1,-1
901,1,333.3897399902344,186.65847778320312,17.998199462890625,6.235321044921875,1,-1,-1,-1
921,1,335.1952819824219,182.73440551757812,18.58184814453125,10.175872802734375,1,-1,-1,-1
941,1,296.4669189453125,179.13552856445312,19.83233642578125,9.54132080078125,1,-1,-1,-1
961,1,221.3068389892578,172.06564331054688,21.863784790039062,10.24078369140625,1,-1,-1,-1
981,1,182.12066650390625,170.2165985107422,20.50823974609375,10.315338134765625,1,-1,-1,-1
1001,1,182.70021057128906,178.08985900878906,19.019622802734375,12.6505126953125,1,-1,-1,-1
1021,1,193.35214233398438,213.59524536132812,16.420867919921875,8.347503662109375,1,-1,-1,-1
1041,1,200.01248168945312,230.99374389648438,14.848785400390625,6.1396484375,1,-1,-1,-1
1061,1,178.7376708984375,229.90383911132812,14.60125732421875,6.648529052734375,1,-1,-1,-1
1081,1,143.43191528320312,225.5090789794922,14.343521118164062,6.770843505859375,1,-1,-1,-1
1101,1,128.92567443847656,224.8125457763672,13.77203369140625,9.27728271484375,1,-1,-1,-1
1121,1,129.4355926513672,242.19435119628906,13.469284057617188,7.89227294921875,1,-1,-1,-1
1141,1,139.51654052734375,259.1434020996094,12.2978515625,6.57171630859375,1,-1,-1,-1
1161,1,171.23052978515625,271.6025085449219,11.505081176757812,4.94903564453125,1,-1,-1,-1
1181,1,214.5054931640625,278.9327087402344,10.7843017578125,5.14111328125,1,-1,-1,-1
1201,1,267.4349670410156,284.2525634765625,11.63970947265625,4.83624267578125,1,-1,-1,-1
1221,1,316.83319091796875,287.6044616699219,10.66412353515625,3.74981689453125,1,-1,-1,-1
1241,1,353.99267578125,284.4734191894531,10.50042724609375,4.3311767578125,1,-1,-1,-1
1261,1,386.1624450683594,275.98321533203125,10.733184814453125,4.2550048828125,1,-1,-1,-1
1281,1,417.2036437988281,263.3214416503906,12.176116943359375,4.95867919921875,1,-1,-1,-1
1301,1,448.1697082519531,247.92886352539062,12.677001953125,5.6553955078125,1,-1,-1,-1
1321,1,469.08233642578125,237.43264770507812,12.942352294921875,7.193695068359375,1,-1,-1,-1
1341,1,466.97113037109375,233.2731475830078,13.04693603515625,6.4176025390625,1,-1,-1,-1
1361,1,447.71466064453125,230.7599639892578,13.724365234375,7.156707763671875,1,-1,-1,-1
1381,1,443.150634765625,231.97036743164062,13.084564208984375,5.33526611328125,1,-1,-1,-1
1401,1,443.36212158203125,231.80162048339844,12.0804443359375,6.721221923828125,1,-1,-1,-1
1421,1,415.3705139160156,231.96104431152344,12.938079833984375,6.5672607421875,1,-1,-1,-1
1441,1,363.2250671386719,232.73936462402344,13.733428955078125,4.74029541015625,1,-1,-1,-1
1461,1,336.58544921875,223.7260284423828,13.416229248046875,5.149444580078125,1,-1,-1,-1
1481,1,319.84527587890625,196.7732696533203,14.37103271484375,5.535430908203125,1,-1,-1,-1
1501,1,306.1703796386719,157.36170959472656,16.864349365234375,11.4229736328125,1,-1,-1,-1
1521,1,253.04364013671875,131.31007385253906,19.125274658203125,11.255645751953125,1,-1,-1,-1
1541,1,161.3793182373047,124.51573944091797,18.217697143554688,16.19396209716797,1,-1,-1,-1
1561,1,134.71742248535156,168.4248046875,20.711685180664062,10.46661376953125,1,-1,-1,-1
1581,1,139.1407928466797,186.66900634765625,19.46453857421875,11.63104248046875,1,-1,-1,-1
1601,1,151.9832000732422,208.2468719482422,18.667343139648438,11.545562744140625,1,-1,-1,-1
1621,1,169.2391357421875,242.38560485839844,16.824874877929688,7.469512939453125,1,-1,-1,-1
1641,1,170.64633178710938,266.4297180175781,14.188873291015625,5.49029541015625,1,-1,-1,-1
1661,1,164.0152587890625,262.8011779785156,13.6912841796875,5.7646484375,1,-1,-1,-1
1681,1,166.36480712890625,231.14700317382812,13.555633544921875,6.122100830078125,1,-1,-1,-1
1701,1,166.83921813964844,203.71974182128906,13.423416137695312,6.658233642578125,1,-1,-1,-1
1721,1,179.80224609375,201.80752563476562,13.320281982421875,7.214874267578125,1,-1,-1,-1
1741,1,223.85406494140625,200.8619384765625,13.521652221679688,6.021087646484375,1,-1,-1,-1
1761,1,279.4824523925781,200.5242462158203,13.6656494140625,5.663818359375,1,-1,-1,-1
1781,1,329.8547058105469,200.3379669189453,13.6148681640625,6.784912109375,1,-1,-1,-1
1801,1,360.3959655761719,200.27407836914062,13.3251953125,4.243804931640625,1,-1,-1,-1
1821,1,381.7428283691406,197.8875274658203,14.344329833984375,5.22882080078125,1,-1,-1,-1
1841,1,404.6926574707031,194.89817810058594,16.426544189453125,4.75970458984375,1,-1,-1,-1
1861,1,433.84698486328125,169.13641357421875,16.92059326171875,9.32110595703125,1,-1,-1,-1
1881,1,441.5982360839844,140.33106994628906,18.33984375,10.32952880859375,1,-1,-1,-1
1901,1,422.7543640136719,115.4000015258789,21.002410888671875,13.979484558105469,1,-1,-1,-1
1921,1,401.78900146484375,126.85487365722656,21.455322265625,13.412506103515625,1,-1,-1,-1
1941,1,378.4104919433594,164.4051055908203,17.43896484375,8.301849365234375,1,-1,-1,-1
1961,1,362.0498046875,192.45252990722656,17.054443359375,5.27105712890625,1,-1,-1,-1
1981,1,344.55523681640625,201.9297332763672,15.481109619140625,7.169708251953125,1,-1,-1,-1
2001,1,298.61846923828125,207.90943908691406,16.05828857421875,6.074066162109375,1,-1,-1,-1
2021,1,256.68115234375,211.9614715576172,13.8050537109375,7.01690673828125,1,-1,-1,-1
2041,1,248.4091339111328,223.7473602294922,15.097518920898438,5.87701416015625,1,-1,-1,-1
2061,1,247.99386596679688,221.93507385253906,15.436248779296875,6.159454345703125,1,-1,-1,-1
2081,1,246.46533203125,233.113037109375,15.583892822265625,5.9161376953125,1,-1,-1,-1
2101,1,242.99081420898438,222.02685546875,16.726531982421875,6.128631591796875,1,-1,-1,-1
2121,1,239.82632446289062,202.55914306640625,17.628448486328125,7.048004150390625,1,-1,-1,-1
2141,1,236.51791381835938,177.03750610351562,19.201919555664062,11.807159423828125,1,-1,-1,-1
