1,1,236.654296875,260.2637023925781,7.6732635498046875,4.713165283203125,1,-1,-1,-1
1,2,371.5032958984375,203.1767578125,8.271331787109375,5.306396484375,1,-1,-1,-1
1,3,188.5723114013672,112.5801010131836,9.215744018554688,5.302452087402344,1,-1,-1,-1
21,1,236.28598022460938,260.31878662109375,8.586578369140625,4.84368896484375,1,-1,-1,-1
21,2,376.3258056640625,207.87713623046875,10.2264404296875,5.259063720703125,1,-1,-1,-1
21,3,188.4950408935547,112.81440734863281,8.534133911132812,4.380523681640625,1,-1,-1,-1
41,1,235.27320861816406,260.3906555175781,9.138229370117188,4.778228759765625,1,-1,-1,-1
41,2,383.8771057128906,212.0688934326172,7.703155517578125,5.99017333984375,1,-1,-1,-1
41,3,188.77011108398438,111.93684387207031,8.572418212890625,5.0324859619140625,1,-1,-1,-1
61,1,234.86282348632812,260.24285888671875,9.575531005859375,4.37353515625,1,-1,-1,-1
61,2,389.2325439453125,217.44247436523438,8.661285400390625,5.2405242919921875,1,-1,-1,-1
61,3,190.3505096435547,111.22915649414062,7.364471435546875,4.242073059082031,1,-1,-1,-1
81,1,235.28250122070312,262.4960632324219,8.800537109375,4.3560791015625,1,-1,-1,-1
81,2,393.88861083984375,223.54551696777344,9.161865234375,4.9321746826171875,1,-1,-1,-1
81,3,189.4217529296875,110.548583984375,7.6146697998046875,5.168617248535156,1,-1,-1,-1
101,1,236.14474487304688,268.1629943847656,8.610076904296875,4.42431640625,1,-1,-1,-1
101,2,402.16937255859375,229.01043701171875,8.227630615234375,4.9381866455078125,1,-1,-1,-1
101,3,189.0396728515625,110.16451263427734,8.018142700195312,5.419349670410156,1,-1,-1,-1
121,1,235.3232421875,275.6387939453125,9.62371826171875,4.653411865234375,1,-1,-1,-1
121,3,188.478515625,110.29243469238281,7.7752227783203125,4.242546081542969,1,-1,-1,-1
141,1,236.2021484375,283.3009338378906,9.950592041015625,4.583221435546875,1,-1,-1,-1
141,2,415.42303466796875,241.71517944335938,9.5587158203125,4.5264129638671875,1,-1,-1,-1
141,3,188.39308166503906,109.35614776611328,9.169113159179688,5.22320556640625,1,-1,-1,-1
161,1,237.23947143554688,289.0355224609375,8.700607299804688,4.197601318359375,1,-1,-1,-1
161,2,421.9147033691406,247.29457092285156,8.85186767578125,5.596160888671875,1,-1,-1,-1
181,1,237.50311279296875,287.25225830078125,8.191024780273438,4.36834716796875,1,-1,-1,-1
201,1,236.86439514160156,282.0433044433594,9.025039672851562,4.08612060546875,1,-1,-1,-1
221,3,165.4147186279297,87.81877136230469,8.964462280273438,4.5464324951171875,1,-1,-1,-1
221,4,431.32366943359375,256.7924499511719,7.36083984375,4.6177978515625,1,-1,-1,-1
241,3,145.5771484375,66.5973892211914,8.832916259765625,5.579925537109375,1,-1,-1,-1
241,4,425.516845703125,235.8358612060547,7.8509521484375,4.501617431640625,1,-1,-1,-1
261,3,124.93655395507812,46.447845458984375,8.76971435546875,4.909149169921875,1,-1,-1,-1
261,4,422.4599914550781,224.32638549804688,7.18115234375,4.173858642578125,1,-1,-1,-1
281,3,107.80302429199219,30.7159366607666,10.544662475585938,7.019865036010742,1,-1,-1,-1
301,3,104.42645263671875,28.478713989257812,10.478530883789062,6.437549591064453,1,-1,-1,-1
301,5,236.98960876464844,253.35287475585938,8.161773681640625,4.60528564453125,1,-1,-1,-1
321,3,105.66667175292969,29.318279266357422,9.55535888671875,6.255561828613281,1,-1,-1,-1
321,5,235.57801818847656,246.9852752685547,8.7451171875,4.0846405029296875,1,-1,-1,-1
341,3,106.4533920288086,29.3966007232666,10.332450866699219,6.510080337524414,1,-1,-1,-1
341,5,236.8355712890625,245.1748504638672,7.6942138671875,4.88934326171875,1,-1,-1,-1
361,3,110.95356750488281,28.53955078125,9.688301086425781,6.613323211669922,1,-1,-1,-1
381,3,118.90666198730469,26.759214401245117,10.532012939453125,6.225706100463867,1,-1,-1,-1
401,3,130.1502227783203,23.0128231048584,10.307174682617188,6.094976425170898,1,-1,-1,-1
421,3,143.91952514648438,17.887014389038086,9.87213134765625,5.98261833190918,1,-1,-1,-1
421,6,235.0251922607422,222.26947021484375,8.400955200195312,4.8946685791015625,1,-1,-1,-1
421,7,143.7605438232422,17.90521812438965,9.90142822265625,6.083072662353516,1,-1,-1,-1
441,3,158.06112670898438,13.226097106933594,9.817276000976562,5.595869064331055,1,-1,-1,-1
441,6,233.75042724609375,216.31402587890625,9.05657958984375,4.9062957763671875,1,-1,-1,-1
441,7,158.14427185058594,13.244458198547363,9.778244018554688,5.585545539855957,1,-1,-1,-1
461,3,172.3661651611328,7.234199523925781,9.7216796875,6.537777900695801,1,-1,-1,-1
461,8,411.35498046875,211.23814392089844,7.921600341796875,4.09906005859375,1,-1,-1,-1
481,8,413.49005126953125,223.95640563964844,9.115692138671875,4.9828948974609375,1,-1,-1,-1
501,8,416.07269287109375,228.52581787109375,7.695770263671875,5.3110809326171875,1,-1,-1,-1
541,8,389.1534118652344,238.34396362304688,7.53515625,5.0229949951171875,1,-1,-1,-1
561,8,363.50750732421875,249.10179138183594,8.55438232421875,3.824066162109375,1,-1,-1,-1
581,8,356.1048889160156,251.9147491455078,8.67706298828125,4.2744598388671875,1,-1,-1,-1
581,9,218.46942138671875,24.455284118652344,9.176727294921875,6.149785995483398,1,-1,-1,-1
601,9,228.2895050048828,38.20573425292969,9.384048461914062,6.4419097900390625,1,-1,-1,-1
621,9,237.4779510498047,52.37950134277344,9.171401977539062,6.23590087890625,1,-1,-1,-1
641,9,246.7301788330078,66.23361206054688,8.361236572265625,5.339698791503906,1,-1,-1,-1
661,9,255.46617126464844,78.04424285888672,8.473617553710938,5.053497314453125,1,-1,-1,-1
701,8,318.1664123535156,221.75994873046875,10.072845458984375,5.0623016357421875,1,-1,-1,-1
701,9,268.7518005371094,97.58531951904297,8.135040283203125,5.10662841796875,1,-1,-1,-1
741,9,276.6263122558594,106.26507568359375,7.041961669921875,4.921165466308594,1,-1,-1,-1
741,10,286.3004150390625,198.73072814941406,10.4818115234375,5.603759765625,1,-1,-1,-1
761,9,276.8839111328125,107.81929779052734,7.915435791015625,5.8903656005859375,1,-1,-1,-1
781,9,275.5449523925781,108.96295928955078,7.665557861328125,5.013587951660156,1,-1,-1,-1
781,10,250.3199005126953,171.41433715820312,10.315902709960938,6.31475830078125,1,-1,-1,-1
801,10,228.70303344726562,157.13706970214844,11.016845703125,6.5343780517578125,1,-1,-1,-1
821,10,212.41976928710938,144.4722137451172,13.028411865234375,7.6113739013671875,1,-1,-1,-1
861,10,211.70562744140625,143.6578369140625,12.275009155273438,6.3228912353515625,1,-1,-1,-1
881,10,223.00094604492188,139.49436950683594,11.825790405273438,6.187103271484375,1,-1,-1,-1
901,9,210.19735717773438,128.39947509765625,6.132049560546875,4.0238189697265625,1,-1,-1,-1
901,11,236.58480834960938,202.53709411621094,9.46148681640625,3.698486328125,1,-1,-1,-1
921,9,201.718017578125,130.44342041015625,7.285614013671875,4.4258880615234375,1,-1,-1,-1
921,11,251.9981231689453,196.7843475341797,7.3504486083984375,4.7258758544921875,1,-1,-1,-1
941,9,201.27667236328125,129.8511199951172,6.40814208984375,4.7310791015625,1,-1,-1,-1
961,9,203.0545654296875,129.0301055908203,5.2626800537109375,4.6240692138671875,1,-1,-1,-1
981,12,385.6429443359375,69.24070739746094,13.51654052734375,8.933876037597656,1,-1,-1,-1
981,13,281.42779541015625,185.6658935546875,9.864044189453125,4.653533935546875,1,-1,-1,-1
1001,12,431.8749694824219,49.15565872192383,12.298431396484375,9.293811798095703,1,-1,-1,-1
1001,13,271.3955078125,187.7179412841797,8.63775634765625,6.4189300537109375,1,-1,-1,-1
1021,12,480.69232177734375,28.432147979736328,13.270050048828125,9.850025177001953,1,-1,-1,-1
1021,13,252.74293518066406,195.68624877929688,7.8818817138671875,5.075286865234375,1,-1,-1,-1
1041,12,508.2236022949219,15.890280723571777,14.207855224609375,9.971903800964355,1,-1,-1,-1
1041,13,228.56100463867188,203.39637756347656,7.9957122802734375,4.70257568359375,1,-1,-1,-1
1061,12,513.2208862304688,15.171993255615234,13.068359375,9.622934341430664,1,-1,-1,-1
1081,12,513.1469116210938,16.091001510620117,13.67919921875,11.797159194946289,1,-1,-1,-1
1081,13,208.6238250732422,209.8577117919922,8.8116455078125,5.4579620361328125,1,-1,-1,-1
1101,12,520.8843383789062,31.839746475219727,12.87554931640625,10.410737991333008,1,-1,-1,-1
1121,12,531.6775512695312,62.04616165161133,12.76116943359375,10.445758819580078,1,-1,-1,-1
1121,13,193.6827392578125,215.42759704589844,8.544509887695312,4.445098876953125,1,-1,-1,-1
1141,12,544.1875,97.82180786132812,11.72357177734375,8.620445251464844,1,-1,-1,-1
1161,12,556.37255859375,132.28744506835938,10.34710693359375,5.561004638671875,1,-1,-1,-1
1161,14,208.59454345703125,62.73768615722656,9.370315551757812,6.298942565917969,1,-1,-1,-1
1181,14,206.7899169921875,62.375301361083984,8.684799194335938,5.411075592041016,1,-1,-1,-1
1201,12,572.1280517578125,172.475341796875,7.90576171875,5.0292205810546875,1,-1,-1,-1
1201,14,203.95494079589844,61.936744689941406,8.795394897460938,4.935081481933594,1,-1,-1,-1
1221,14,199.68301391601562,56.41183853149414,8.640670776367188,6.128795623779297,1,-1,-1,-1
1241,14,197.3018798828125,53.17569351196289,9.206008911132812,6.790485382080078,1,-1,-1,-1
1261,14,196.80645751953125,53.27157211303711,8.884689331054688,6.371898651123047,1,-1,-1,-1
1261,15,269.698974609375,180.06637573242188,8.97418212890625,6.8181304931640625,1,-1,-1,-1
1281,14,196.7413330078125,53.47038269042969,9.086074829101562,6.462245941162109,1,-1,-1,-1
1281,15,257.993408203125,184.28286743164062,9.69390869140625,5.89056396484375,1,-1,-1,-1
1301,14,196.4372100830078,53.621253967285156,9.016830444335938,6.118824005126953,1,-1,-1,-1
1301,15,234.40518188476562,192.94320678710938,10.181915283203125,5.0482940673828125,1,-1,-1,-1
1321,14,193.798583984375,54.35623550415039,9.81231689453125,5.874340057373047,1,-1,-1,-1
1381,12,438.03790283203125,259.7787780761719,5.800262451171875,3.952911376953125,1,-1,-1,-1
1381,16,156.10365295410156,71.13446807861328,7.8963775634765625,6.022590637207031,1,-1,-1,-1
1401,12,408.5397033691406,269.9953918457031,6.5506591796875,4.744293212890625,1,-1,-1,-1
1401,16,137.048828125,79.42321014404297,9.47528076171875,5.796051025390625,1,-1,-1,-1
1421,16,120.23915100097656,87.6625747680664,8.208816528320312,4.618293762207031,1,-1,-1,-1
1441,12,346.31072998046875,291.3639221191406,7.5087890625,4.24114990234375,1,-1,-1,-1
1441,16,103.77690124511719,94.13661193847656,8.153518676757812,5.5520172119140625,1,-1,-1,-1
1461,16,94.29454803466797,98.37529754638672,8.958076477050781,5.115486145019531,1,-1,-1,-1
1481,17,93.52095794677734,100.0932388305664,8.081932067871094,4.377128601074219,1,-1,-1,-1
1521,12,300.5462646484375,306.9612731933594,7.605621337890625,3.4346923828125,1,-1,-1,-1
1521,17,94.55783081054688,100.2774429321289,8.634086608886719,4.712486267089844,1,-1,-1,-1
1541,12,295.9161071777344,304.3884582519531,7.6776123046875,4.05194091796875,1,-1,-1,-1
1541,17,95.78693389892578,99.75662994384766,7.351875305175781,4.47491455078125,1,-1,-1,-1
1561,12,284.8337707519531,299.04119873046875,6.75048828125,3.2825927734375,1,-1,-1,-1
1561,17,96.42948150634766,100.1387710571289,8.654747009277344,5.714179992675781,1,-1,-1,-1
1581,17,100.68009948730469,105.16473388671875,10.297134399414062,5.6092071533203125,1,-1,-1,-1
1601,12,244.26629638671875,277.75830078125,7.2463226318359375,4.100189208984375,1,-1,-1,-1
1621,12,215.1685791015625,262.9757385253906,7.71514892578125,4.482269287109375,1,-1,-1,-1
1621,17,121.68283081054688,120.21926879882812,7.311920166015625,5.399116516113281,1,-1,-1,-1
1641,17,132.36264038085938,129.11349487304688,7.3200225830078125,5.344146728515625,1,-1,-1,-1
1661,18,160.6007537841797,236.2289276123047,8.632583618164062,6.5414581298828125,1,-1,-1,-1
1681,17,151.6387176513672,145.71817016601562,7.2548370361328125,3.8833465576171875,1,-1,-1,-1
1681,18,153.30979919433594,234.3348846435547,9.134475708007812,4.90234375,1,-1,-1,-1
1701,17,157.67149353027344,150.26683044433594,6.5847930908203125,4.3838043212890625,1,-1,-1,-1
1701,18,153.1366424560547,234.6399383544922,8.019058227539062,4.80352783203125,1,-1,-1,-1
1721,18,154.64898681640625,233.98634338378906,9.991119384765625,4.685882568359375,1,-1,-1,-1
1741,18,160.7989501953125,232.10227966308594,8.985870361328125,4.7832183837890625,1,-1,-1,-1
1781,18,177.68670654296875,223.81304931640625,9.980621337890625,5.0441436767578125,1,-1,-1,-1
1781,19,225.17662048339844,229.39361572265625,9.182662963867188,5.3881378173828125,1,-1,-1,-1
1841,20,177.28570556640625,244.94769287109375,9.68780517578125,4.7634735107421875,1,-1,-1,-1
1861,18,239.28419494628906,199.13433837890625,10.955917358398438,5.9282073974609375,1,-1,-1,-1
1861,20,155.780029296875,252.6637420654297,8.751983642578125,4.6713104248046875,1,-1,-1,-1
1881,20,151.16712951660156,253.99449157714844,8.45233154296875,4.7655792236328125,1,-1,-1,-1
1901,20,153.2305908203125,253.7921905517578,8.506317138671875,4.5339508056640625,1,-1,-1,-1
1921,20,168.4523162841797,249.2179718017578,9.169387817382812,4.0942535400390625,1,-1,-1,-1
1941,20,197.6259765625,238.53384399414062,8.931655883789062,4.8686676025390625,1,-1,-1,-1
1941,21,201.07826232910156,171.9591064453125,6.85882568359375,3.404998779296875,1,-1,-1,-1
1961,21,212.74688720703125,168.3125762939453,6.1488037109375,4.2735443115234375,1,-1,-1,-1
2021,21,244.91920471191406,156.84176635742188,7.1110076904296875,5.0396270751953125,1,-1,-1,-1
2021,22,244.92919921875,156.83535766601562,7.158172607421875,5.052001953125,1,-1,-1,-1
2041,22,254.19915771484375,154.42332458496094,7.51116943359375,4.600738525390625,1,-1,-1,-1
2081,22,256.58428955078125,153.43698120117188,7.10882568359375,4.336395263671875,1,-1,-1,-1
2101,22,255.9000244140625,153.09373474121094,6.1417236328125,4.511138916015625,1,-1,-1,-1
2121,22,252.40982055664062,151.70314025878906,7.083221435546875,4.08306884765625,1,-1,-1,-1
2141,22,250.3590087890625,147.95425415039062,4.46722412109375,3.9249114990234375,1,-1,-1,-1
2141,23,377.12060546875,156.14901733398438,11.33404541015625,6.2204742431640625,1,-1,-1,-1
2161,22,244.4400177001953,144.51443481445312,7.0564727783203125,5.1711273193359375,1,-1,-1,-1
2161,23,384.77423095703125,162.16073608398438,9.84710693359375,7.0558624267578125,1,-1,-1,-1
2181,22,239.59161376953125,140.8079833984375,7.9253387451171875,5.1796875,1,-1,-1,-1
2181,23,390.5249328613281,169.34593200683594,9.738861083984375,5.8405914306640625,1,-1,-1,-1
2201,22,235.21240234375,137.03736877441406,7.8680419921875,4.555419921875,1,-1,-1,-1
2201,23,393.3769226074219,175.927490234375,10.56640625,5.5113983154296875,1,-1,-1,-1
2221,23,397.2283935546875,179.93411254882812,10.16387939453125,5.9314727783203125,1,-1,-1,-1
2261,22,226.18185424804688,127.72879028320312,6.5422821044921875,4.546539306640625,1,-1,-1,-1
2281,24,186.4500732421875,245.68966674804688,9.3544921875,4.7571563720703125,1,-1,-1,-1
2301,24,210.08253479003906,236.73468017578125,9.590911865234375,5.523895263671875,1,-1,-1,-1
2381,23,459.3501281738281,249.88572692871094,7.051605224609375,3.6947174072265625,1,-1,-1,-1
2381,25,221.80926513671875,136.7635040283203,9.080169677734375,4.4381866455078125,1,-1,-1,-1
2401,25,222.45225524902344,136.3679656982422,8.2696533203125,5.5153045654296875,1,-1,-1,-1
2421,23,435.261962890625,257.2013854980469,7.80462646484375,4.9068603515625,1,-1,-1,-1
2421,25,222.2730712890625,137.06399536132812,8.904876708984375,4.3444061279296875,1,-1,-1,-1
2441,25,224.40818786621094,136.75103759765625,6.300506591796875,4.518798828125,1,-1,-1,-1
2461,25,224.2832794189453,136.689208984375,6.8965911865234375,4.2606201171875,1,-1,-1,-1
