1,1,263.52008056640625,312.47857666015625,12.67974853515625,6.95379638671875,1,-1,-1,-1
1,2,313.2352294921875,231.77236938476562,6.7718505859375,4.4021148681640625,1,-1,-1,-1
1,3,492.7945556640625,246.34732055664062,8.572784423828125,5.00048828125,1,-1,-1,-1
21,1,268.7388000488281,344.2597961425781,11.85906982421875,6.210174560546875,1,-1,-1,-1
21,2,313.30999755859375,232.8527069091797,6.12457275390625,3.8733367919921875,1,-1,-1,-1
21,3,490.89404296875,238.4580841064453,8.441009521484375,5.324462890625,1,-1,-1,-1
41,1,313.1180419921875,232.83604431152344,6.095306396484375,4.8516998291015625,1,-1,-1,-1
41,2,313.0933837890625,232.82928466796875,6.123809814453125,4.853515625,1,-1,-1,-1
61,1,313.1772155761719,232.9479217529297,6.5496826171875,4.6173553466796875,1,-1,-1,-1
61,2,313.1796875,232.97251892089844,6.546966552734375,4.6099090576171875,1,-1,-1,-1
61,4,254.17166137695312,330.7410583496094,13.047393798828125,4.57843017578125,1,-1,-1,-1
81,3,392.56231689453125,240.5224151611328,6.58319091796875,6.3964080810546875,1,-1,-1,-1
81,4,244.02767944335938,284.8722229003906,16.910003662109375,10.073394775390625,1,-1,-1,-1
101,3,365.0130615234375,243.04583740234375,9.77734375,4.898101806640625,1,-1,-1,-1
101,4,243.21290588378906,276.8271789550781,15.442153930664062,7.343048095703125,1,-1,-1,-1
121,4,243.6744384765625,277.76165771484375,16.00457763671875,7.123443603515625,1,-1,-1,-1
161,4,241.59896850585938,276.4924011230469,16.759429931640625,7.148681640625,1,-1,-1,-1
181,1,311.06878662109375,219.26397705078125,6.28143310546875,3.9671783447265625,1,-1,-1,-1
201,5,309.5784912109375,207.23240661621094,6.20574951171875,3.712738037109375,1,-1,-1,-1
221,5,311.72943115234375,206.41455078125,6.669921875,4.08978271484375,1,-1,-1,-1
241,4,246.25302124023438,275.8372802734375,16.254638671875,6.86077880859375,1,-1,-1,-1
241,5,310.6354675292969,205.3352508544922,6.73919677734375,5.0144805908203125,1,-1,-1,-1
281,6,450.15313720703125,259.3752136230469,8.682861328125,4.60052490234375,1,-1,-1,-1
281,7,252.16693115234375,270.2272644042969,13.80560302734375,7.63140869140625,1,-1,-1,-1
301,6,450.82196044921875,266.83441162109375,9.364532470703125,5.105712890625,1,-1,-1,-1
301,7,250.73291015625,269.8428955078125,16.30670166015625,7.49371337890625,1,-1,-1,-1
321,6,450.9759521484375,267.3939208984375,8.39111328125,4.95745849609375,1,-1,-1,-1
321,7,251.65428161621094,268.8032531738281,14.217636108398438,7.834259033203125,1,-1,-1,-1
341,6,450.38189697265625,264.31854248046875,8.3768310546875,4.808837890625,1,-1,-1,-1
341,7,250.42906188964844,269.0280456542969,15.068496704101562,7.20220947265625,1,-1,-1,-1
361,6,449.20977783203125,256.6221618652344,7.95556640625,4.643310546875,1,-1,-1,-1
361,7,249.7248992919922,267.53271484375,16.110733032226562,7.106903076171875,1,-1,-1,-1
381,7,249.10025024414062,266.8694763183594,16.1795654296875,6.728363037109375,1,-1,-1,-1
401,7,248.90142822265625,267.9920349121094,15.765106201171875,6.695831298828125,1,-1,-1,-1
401,8,248.97579956054688,267.9908447265625,15.7572021484375,6.70465087890625,1,-1,-1,-1
421,7,249.17959594726562,267.3843078613281,15.311309814453125,7.134735107421875,1,-1,-1,-1
421,8,249.1673583984375,267.3856506347656,15.378875732421875,7.13702392578125,1,-1,-1,-1
441,7,249.5060577392578,267.76910400390625,17.339004516601562,6.564666748046875,1,-1,-1,-1
441,8,249.48867797851562,267.7431335449219,17.28955078125,6.569671630859375,1,-1,-1,-1
461,8,251.25674438476562,266.4615783691406,16.43841552734375,6.718048095703125,1,-1,-1,-1
481,8,249.90403747558594,266.8727722167969,16.434585571289062,7.123504638671875,1,-1,-1,-1
481,9,451.02581787109375,265.9404296875,9.78302001953125,4.326141357421875,1,-1,-1,-1
501,8,248.7960968017578,267.3818359375,17.726669311523438,7.04229736328125,1,-1,-1,-1
501,9,450.9805908203125,264.0879821777344,9.03399658203125,5.05572509765625,1,-1,-1,-1
521,9,450.6834411621094,264.2870788574219,8.067840576171875,4.962249755859375,1,-1,-1,-1
541,9,450.3926086425781,264.2309875488281,8.01361083984375,4.920562744140625,1,-1,-1,-1
561,9,450.42535400390625,264.2412414550781,9.23248291015625,4.985931396484375,1,-1,-1,-1
581,8,250.90057373046875,266.60400390625,14.23468017578125,7.45147705078125,1,-1,-1,-1
581,9,450.2020263671875,264.3343505859375,7.953948974609375,4.814605712890625,1,-1,-1,-1
601,9,445.7608642578125,264.025390625,8.326416015625,5.19354248046875,1,-1,-1,-1
621,9,423.5343933105469,264.2969055175781,7.402862548828125,5.60430908203125,1,-1,-1,-1
621,10,252.255859375,262.17071533203125,14.473602294921875,7.238006591796875,1,-1,-1,-1
641,9,381.39251708984375,264.6532287597656,9.0115966796875,5.981475830078125,1,-1,-1,-1
641,10,253.92652893066406,258.5121765136719,13.154739379882812,6.9771728515625,1,-1,-1,-1
661,10,255.59951782226562,258.3205261230469,13.860260009765625,7.928436279296875,1,-1,-1,-1
681,10,256.5149230957031,259.8398742675781,16.24761962890625,7.461212158203125,1,-1,-1,-1
701,10,260.53240966796875,260.605712890625,15.130767822265625,7.089447021484375,1,-1,-1,-1
721,10,263.365234375,260.5698547363281,13.80255126953125,7.320648193359375,1,-1,-1,-1
721,11,418.84844970703125,263.1773376464844,8.875213623046875,5.337890625,1,-1,-1,-1
741,10,265.80609130859375,261.2281188964844,15.10498046875,6.677459716796875,1,-1,-1,-1
741,11,472.38983154296875,260.45074462890625,8.55523681640625,5.629547119140625,1,-1,-1,-1
761,10,266.0216369628906,258.7365417480469,14.51483154296875,7.188018798828125,1,-1,-1,-1
761,11,510.3753356933594,260.1979064941406,7.692779541015625,4.934326171875,1,-1,-1,-1
781,11,526.216064453125,260.14385986328125,6.9708251953125,4.780242919921875,1,-1,-1,-1
801,11,522.072265625,259.4998474121094,8.38189697265625,5.736053466796875,1,-1,-1,-1
821,11,502.79461669921875,260.5541687011719,7.6676025390625,5.610260009765625,1,-1,-1,-1
821,12,168.8706817626953,167.3914794921875,6.25244140625,4.18646240234375,1,-1,-1,-1
841,11,470.193359375,262.1895751953125,8.306732177734375,4.957977294921875,1,-1,-1,-1
841,12,168.59063720703125,167.4002227783203,6.17279052734375,4.129364013671875,1,-1,-1,-1
861,11,428.7627868652344,264.343017578125,7.493133544921875,4.24981689453125,1,-1,-1,-1
881,12,169.21893310546875,167.40286254882812,6.098114013671875,4.830078125,1,-1,-1,-1
901,12,161.2911834716797,167.4122314453125,6.2432861328125,4.5168609619140625,1,-1,-1,-1
921,13,272.85711669921875,240.59768676757812,15.36956787109375,6.8819427490234375,1,-1,-1,-1
941,12,46.94343566894531,151.46449279785156,7.095367431640625,4.2706146240234375,1,-1,-1,-1
941,13,272.1014404296875,253.4023895263672,15.0546875,8.420639038085938,1,-1,-1,-1
961,12,273.34442138671875,268.46923828125,14.8922119140625,8.744781494140625,1,-1,-1,-1
961,13,273.285888671875,268.45159912109375,14.968017578125,8.853302001953125,1,-1,-1,-1
981,12,280.6544189453125,293.4549865722656,13.504058837890625,8.97259521484375,1,-1,-1,-1
981,13,280.55780029296875,293.46112060546875,13.591552734375,8.88201904296875,1,-1,-1,-1
1001,12,287.5775451660156,333.7027587890625,11.579742431640625,7.902008056640625,1,-1,-1,-1
1001,13,287.5738830566406,333.7163391113281,11.590179443359375,7.9107666015625,1,-1,-1,-1
1061,14,380.48590087890625,272.98870849609375,9.4188232421875,4.763519287109375,1,-1,-1,-1
1081,14,380.4334716796875,271.26416015625,7.965850830078125,5.25604248046875,1,-1,-1,-1
1101,14,383.38275146484375,288.9085998535156,8.325439453125,5.4608154296875,1,-1,-1,-1
1121,14,387.2314147949219,312.77581787109375,8.679962158203125,5.532470703125,1,-1,-1,-1
1141,14,387.4184875488281,308.7655029296875,7.754425048828125,5.6409912109375,1,-1,-1,-1
1141,15,174.66102600097656,314.4766540527344,13.729904174804688,8.711761474609375,1,-1,-1,-1
1161,14,384.4005126953125,295.4255065917969,8.66326904296875,4.7926025390625,1,-1,-1,-1
1161,15,177.70346069335938,289.3332214355469,12.546493530273438,8.133697509765625,1,-1,-1,-1
1181,14,384.58099365234375,295.13726806640625,8.696441650390625,4.385162353515625,1,-1,-1,-1
1181,15,243.3110809326172,275.20556640625,11.458694458007812,8.781036376953125,1,-1,-1,-1
1201,14,384.77679443359375,293.93304443359375,8.887725830078125,5.175048828125,1,-1,-1,-1
1201,15,261.8603515625,273.4587097167969,13.2235107421875,8.224517822265625,1,-1,-1,-1
1221,15,212.93093872070312,276.53167724609375,13.251434326171875,7.0538330078125,1,-1,-1,-1
1241,15,168.13839721679688,279.39422607421875,14.35076904296875,5.850494384765625,1,-1,-1,-1
1261,15,169.11317443847656,280.4233093261719,13.841217041015625,5.608245849609375,1,-1,-1,-1
1281,14,385.29217529296875,293.6320495605469,8.302459716796875,5.361572265625,1,-1,-1,-1
1281,15,176.69309997558594,282.2341003417969,13.441650390625,9.493133544921875,1,-1,-1,-1
1301,15,192.25439453125,312.98309326171875,13.5076904296875,8.43902587890625,1,-1,-1,-1
1301,16,192.31207275390625,312.9696350097656,13.519744873046875,8.476776123046875,1,-1,-1,-1
1321,15,208.93051147460938,353.1673583984375,10.77362060546875,4.33734130859375,1,-1,-1,-1
1321,16,208.55410766601562,353.29547119140625,10.76519775390625,4.18450927734375,1,-1,-1,-1
1361,17,385.3152770996094,294.10882568359375,8.27606201171875,5.086700439453125,1,-1,-1,-1
1381,17,385.2159118652344,293.824462890625,8.345123291015625,5.625,1,-1,-1,-1
1401,17,385.6993103027344,304.3707580566406,8.936065673828125,5.184967041015625,1,-1,-1,-1
1421,17,388.17578125,311.7591552734375,8.54742431640625,5.191253662109375,1,-1,-1,-1
1441,17,384.7923278808594,291.1053466796875,8.877716064453125,5.4315185546875,1,-1,-1,-1
1461,18,125.92858123779297,351.5813903808594,9.504035949707031,4.6209716796875,1,-1,-1,-1
1481,18,106.27171325683594,330.1243896484375,12.864913940429688,7.2698974609375,1,-1,-1,-1
1501,18,115.70443725585938,320.54742431640625,10.451934814453125,6.158050537109375,1,-1,-1,-1
1521,18,176.16458129882812,307.8000183105469,11.021087646484375,9.1221923828125,1,-1,-1,-1
1541,18,202.63002014160156,305.3650817871094,13.138702392578125,7.737548828125,1,-1,-1,-1
1561,18,217.2877197265625,320.0761413574219,12.83343505859375,6.5711669921875,1,-1,-1,-1
1581,19,244.8826446533203,350.51739501953125,9.602508544921875,3.676513671875,1,-1,-1,-1
1621,20,404.69525146484375,247.5309600830078,7.29644775390625,6.4204864501953125,1,-1,-1,-1
1641,20,424.937744140625,248.70480346679688,7.38165283203125,5.0195159912109375,1,-1,-1,-1
1661,20,424.94403076171875,248.24560546875,9.70672607421875,5.38677978515625,1,-1,-1,-1
1681,20,414.61572265625,248.72366333007812,8.2923583984375,5.2734375,1,-1,-1,-1
1701,20,396.2470703125,249.3765106201172,8.926300048828125,4.81781005859375,1,-1,-1,-1
1721,20,392.2381896972656,248.95628356933594,8.346649169921875,4.521484375,1,-1,-1,-1
1741,21,312.6042175292969,353.5830383300781,8.44677734375,9.46136474609375,1,-1,-1,-1
1761,21,295.0442199707031,354.2762145996094,8.7725830078125,10.557525634765625,1,-1,-1,-1
1821,22,547.1917724609375,242.07427978515625,9.11163330078125,5.642974853515625,1,-1,-1,-1
1841,22,572.2379150390625,241.84906005859375,8.09124755859375,5.2733001708984375,1,-1,-1,-1
1861,22,579.7992553710938,241.603759765625,8.07354736328125,5.0075225830078125,1,-1,-1,-1
1881,22,576.049560546875,241.7922821044922,7.079345703125,4.433624267578125,1,-1,-1,-1
1901,22,568.3385009765625,241.69577026367188,7.8385009765625,4.76513671875,1,-1,-1,-1
1901,23,142.31932067871094,337.51690673828125,8.999221801757812,5.000244140625,1,-1,-1,-1
1921,22,565.7327270507812,241.32125854492188,8.49969482421875,4.724853515625,1,-1,-1,-1
1921,23,133.23802185058594,324.643310546875,12.187637329101562,6.218597412109375,1,-1,-1,-1
1941,23,155.59083557128906,323.2711181640625,9.728546142578125,6.95611572265625,1,-1,-1,-1
1981,22,517.9483642578125,240.94186401367188,8.72412109375,6.325042724609375,1,-1,-1,-1
1981,23,280.3876647949219,315.9874267578125,11.251007080078125,7.736602783203125,1,-1,-1,-1
2061,24,509.97125244140625,243.4828643798828,8.57550048828125,4.6318511962890625,1,-1,-1,-1
2081,24,510.0409240722656,243.38848876953125,8.031707763671875,4.7552490234375,1,-1,-1,-1
2101,24,510.1343078613281,243.28341674804688,7.919158935546875,4.58709716796875,1,-1,-1,-1
2121,24,510.2895812988281,242.42327880859375,7.748626708984375,4.786834716796875,1,-1,-1,-1
2141,24,509.26007080078125,242.4254150390625,8.51544189453125,4.8036346435546875,1,-1,-1,-1
2161,24,509.0450744628906,242.81170654296875,8.154754638671875,4.533111572265625,1,-1,-1,-1
2361,25,395.7659912109375,249.3040771484375,8.221282958984375,4.438690185546875,1,-1,-1,-1
2381,25,383.79144287109375,250.04403686523438,8.03570556640625,4.6052093505859375,1,-1,-1,-1
2401,25,376.67315673828125,250.11874389648438,6.712188720703125,5.2938232421875,1,-1,-1,-1
2421,25,358.27850341796875,250.0741424560547,8.774871826171875,5.3381195068359375,1,-1,-1,-1
2441,25,351.48486328125,251.3018341064453,7.584930419921875,4.6682891845703125,1,-1,-1,-1
2561,26,204.47096252441406,345.51544189453125,6.1638946533203125,2.90130615234375,1,-1,-1,-1
2581,26,197.56436157226562,328.91827392578125,6.966461181640625,3.785980224609375,1,-1,-1,-1
2641,27,299.4039001464844,252.52108764648438,8.306121826171875,5.14361572265625,1,-1,-1,-1
2641,28,175.17469787597656,264.7178649902344,7.7611083984375,5.295623779296875,1,-1,-1,-1
2661,27,328.1904296875,251.56690979003906,7.15460205078125,5.1507415771484375,1,-1,-1,-1
2661,28,188.0048370361328,265.1591796875,8.408706665039062,5.21063232421875,1,-1,-1,-1
2681,27,346.1102294921875,251.44113159179688,7.33917236328125,4.7923583984375,1,-1,-1,-1
2681,28,199.72703552246094,264.3346252441406,7.7142333984375,3.6568603515625,1,-1,-1,-1
2701,27,382.15899658203125,249.6520538330078,8.695220947265625,4.8600311279296875,1,-1,-1,-1
2701,28,201.53848266601562,250.11036682128906,10.356216430664062,5.567108154296875,1,-1,-1,-1
2721,28,203.75929260253906,243.7445068359375,7.10101318359375,3.6547088623046875,1,-1,-1,-1
2741,27,416.2382507324219,248.45558166503906,7.670806884765625,5.42449951171875,1,-1,-1,-1
2761,28,204.4453582763672,288.1523132324219,6.4484405517578125,4.9742431640625,1,-1,-1,-1
2781,28,199.03805541992188,327.84088134765625,8.669342041015625,6.199981689453125,1,-1,-1,-1
