1,1,92.7128677368164,163.7388458251953,22.747329711914062,10.029571533203125,1,-1,-1,-1
21,1,130.2198028564453,176.49913024902344,24.867462158203125,7.42633056640625,1,-1,-1,-1
41,1,126.51856231689453,205.44680786132812,27.121177673339844,9.677490234375,1,-1,-1,-1
61,1,129.73605346679688,225.5878143310547,22.807861328125,10.435470581054688,1,-1,-1,-1
81,1,186.66778564453125,226.56407165527344,22.5242919921875,11.710311889648438,1,-1,-1,-1
101,1,255.04025268554688,228.9420928955078,25.12640380859375,10.929901123046875,1,-1,-1,-1
181,1,286.04815673828125,290.0645446777344,18.553253173828125,9.716766357421875,1,-1,-1,-1
201,1,267.8033142089844,299.9015197753906,22.547698974609375,11.36175537109375,1,-1,-1,-1
241,2,261.4413757324219,301.4605407714844,21.94671630859375,10.62603759765625,1,-1,-1,-1
261,2,263.9755554199219,303.4602355957031,19.20635986328125,8.710906982421875,1,-1,-1,-1
281,2,262.00701904296875,302.9306945800781,21.577301025390625,9.215118408203125,1,-1,-1,-1
301,2,250.39024353027344,301.1101989746094,20.091201782226562,9.1295166015625,1,-1,-1,-1
321,2,241.7517852783203,298.1637878417969,19.859603881835938,10.022064208984375,1,-1,-1,-1
381,3,158.63973999023438,272.440673828125,24.354827880859375,11.965911865234375,1,-1,-1,-1
401,3,150.063232421875,271.8773193359375,24.796066284179688,11.1488037109375,1,-1,-1,-1
421,3,145.22412109375,265.7954406738281,23.69476318359375,10.733856201171875,1,-1,-1,-1
441,3,139.20819091796875,253.06369018554688,24.532180786132812,11.193023681640625,1,-1,-1,-1
481,4,120.63223266601562,222.359619140625,29.228302001953125,12.641830444335938,1,-1,-1,-1
501,4,105.82650756835938,202.41770935058594,38.1859130859375,11.787948608398438,1,-1,-1,-1
521,4,90.7218017578125,177.78302001953125,42.28480529785156,9.671417236328125,1,-1,-1,-1
541,4,74.07025909423828,147.19725036621094,55.79950714111328,13.489151000976562,1,-1,-1,-1
561,4,54.64081573486328,121.5804443359375,53.85608673095703,20.743392944335938,1,-1,-1,-1
621,5,61.268951416015625,248.09063720703125,47.71215057373047,16.719879150390625,1,-1,-1,-1
641,5,88.60317993164062,268.2153625488281,39.75578308105469,15.03411865234375,1,-1,-1,-1
661,5,111.05441284179688,284.5776062011719,36.366607666015625,14.501983642578125,1,-1,-1,-1
681,5,138.89395141601562,295.0377197265625,29.146987915039062,12.26348876953125,1,-1,-1,-1
701,5,159.4815673828125,291.6213073730469,26.511947631835938,12.029144287109375,1,-1,-1,-1
761,6,188.1227264404297,278.7716369628906,23.430374145507812,10.613067626953125,1,-1,-1,-1
781,6,190.33416748046875,278.2509765625,23.2672119140625,10.340545654296875,1,-1,-1,-1
801,6,190.78274536132812,268.5496826171875,22.756912231445312,11.52911376953125,1,-1,-1,-1
821,6,187.42864990234375,254.9611053466797,22.684783935546875,10.713577270507812,1,-1,-1,-1
881,7,142.71096801757812,203.57498168945312,39.26605224609375,17.728973388671875,1,-1,-1,-1
901,7,140.2623291015625,254.5046844482422,36.24638366699219,13.600784301757812,1,-1,-1,-1
921,7,171.25892639160156,270.21136474609375,31.746170043945312,14.1600341796875,1,-1,-1,-1
941,7,245.57025146484375,268.9029235839844,27.0826416015625,13.89703369140625,1,-1,-1,-1
1001,8,351.1040954589844,194.05447387695312,60.315093994140625,24.587310791015625,1,-1,-1,-1
1021,8,364.1708679199219,251.81488037109375,56.5069580078125,16.242218017578125,1,-1,-1,-1
1041,8,282.7860412597656,270.96038818359375,50.6307373046875,20.427520751953125,1,-1,-1,-1
1061,8,61.13163757324219,274.79217529296875,65.4583969116211,22.98614501953125,1,-1,-1,-1
1141,10,62.74867630004883,224.6243896484375,88.5174674987793,22.703109741210938,1,-1,-1,-1
1161,10,155.98336791992188,256.2081604003906,63.28306579589844,23.164215087890625,1,-1,-1,-1
1181,10,205.9721221923828,290.7373046875,44.160308837890625,18.546356201171875,1,-1,-1,-1
1201,10,207.77432250976562,258.71246337890625,40.69880676269531,19.474365234375,1,-1,-1,-1
1321,11,364.8045349121094,279.22406005859375,22.589569091796875,10.45458984375,1,-1,-1,-1
1341,11,309.0894775390625,278.0760498046875,30.587066650390625,12.011444091796875,1,-1,-1,-1
1361,11,264.8049011230469,270.5285339355469,26.03271484375,12.590789794921875,1,-1,-1,-1
1381,11,246.51681518554688,265.7057800292969,29.147796630859375,13.112457275390625,1,-1,-1,-1
1401,11,244.08203125,262.3382263183594,28.297393798828125,11.90972900390625,1,-1,-1,-1
1421,11,244.6595916748047,252.9639892578125,33.27632141113281,14.550994873046875,1,-1,-1,-1
1461,12,240.34835815429688,193.47621154785156,42.563934326171875,14.346817016601562,1,-1,-1,-1
1481,12,231.1943359375,243.31427001953125,34.05487060546875,13.340972900390625,1,-1,-1,-1
1501,12,220.8992919921875,278.5788269042969,37.755767822265625,15.65277099609375,1,-1,-1,-1
1521,12,140.73590087890625,279.54248046875,51.572723388671875,16.392974853515625,1,-1,-1,-1
1541,12,133.73333740234375,235.93447875976562,44.15959167480469,15.33807373046875,1,-1,-1,-1
1561,12,142.33721923828125,245.8218231201172,34.97467041015625,13.746627807617188,1,-1,-1,-1
1561,13,502.3952941894531,158.16107177734375,22.999786376953125,10.427383422851562,1,-1,-1,-1
1581,12,151.46951293945312,263.3692626953125,31.298141479492188,13.758148193359375,1,-1,-1,-1
1581,13,448.587890625,169.21542358398438,22.06573486328125,10.510162353515625,1,-1,-1,-1
1601,12,155.30612182617188,265.22564697265625,32.33204650878906,13.276336669921875,1,-1,-1,-1
1601,13,393.6623840332031,200.16636657714844,17.849029541015625,5.6061248779296875,1,-1,-1,-1
1621,12,161.5284881591797,274.6119384765625,27.098312377929688,11.42681884765625,1,-1,-1,-1
1621,13,379.04327392578125,205.1707763671875,18.855133056640625,4.9485626220703125,1,-1,-1,-1
1641,12,170.50405883789062,285.48345947265625,23.909561157226562,11.815155029296875,1,-1,-1,-1
1661,12,147.66036987304688,286.80743408203125,29.8564453125,12.97125244140625,1,-1,-1,-1
1681,12,138.92526245117188,277.6797790527344,25.3836669921875,11.9249267578125,1,-1,-1,-1
1701,12,143.40936279296875,281.132080078125,24.229415893554688,11.099151611328125,1,-1,-1,-1
1701,14,143.4927520751953,281.0831298828125,24.175521850585938,11.054046630859375,1,-1,-1,-1
1761,14,142.373779296875,184.89906311035156,22.969223022460938,7.538818359375,1,-1,-1,-1
1781,14,118.00011444091797,137.5396270751953,37.61579132080078,16.422027587890625,1,-1,-1,-1
1801,14,102.46147155761719,188.68898010253906,36.63819885253906,14.09228515625,1,-1,-1,-1
1821,14,98.1803970336914,233.71322631835938,41.549171447753906,17.003799438476562,1,-1,-1,-1
1841,14,70.5030746459961,198.5922088623047,47.15936279296875,17.761932373046875,1,-1,-1,-1
1861,14,98.02490234375,167.828125,59.57771301269531,22.220443725585938,1,-1,-1,-1
1881,15,550.1431884765625,203.26889038085938,17.583740234375,7.073394775390625,1,-1,-1,-1
1901,15,447.4746398925781,202.49771118164062,15.909423828125,4.94427490234375,1,-1,-1,-1
1921,14,152.9195556640625,273.0393371582031,52.782135009765625,20.066436767578125,1,-1,-1,-1
1921,15,353.97076416015625,195.85687255859375,17.1634521484375,8.93389892578125,1,-1,-1,-1
1941,14,67.6828842163086,273.1623229980469,56.997947692871094,22.360565185546875,1,-1,-1,-1
1981,14,105.89859771728516,285.1120300292969,45.310752868652344,15.644134521484375,1,-1,-1,-1
2001,17,357.03302001953125,254.7624969482422,20.96478271484375,10.781967163085938,1,-1,-1,-1
2021,16,144.37269592285156,272.75787353515625,35.12449645996094,14.539031982421875,1,-1,-1,-1
2021,17,418.7222900390625,254.64686584472656,21.6234130859375,9.783248901367188,1,-1,-1,-1
2041,16,152.3160400390625,235.31553649902344,33.69804382324219,13.973922729492188,1,-1,-1,-1
2041,17,483.31439208984375,248.4541015625,24.216156005859375,11.30780029296875,1,-1,-1,-1
2061,16,161.2037811279297,249.69891357421875,24.209869384765625,11.043548583984375,1,-1,-1,-1
2081,16,166.65728759765625,244.96697998046875,30.969970703125,12.363006591796875,1,-1,-1,-1
2081,18,584.7117919921875,125.42095947265625,20.0123291015625,11.797866821289062,1,-1,-1,-1
2101,16,175.72866821289062,237.6459503173828,24.279434204101562,12.162033081054688,1,-1,-1,-1
2101,18,555.8501586914062,144.0421600341797,22.04449462890625,10.476287841796875,1,-1,-1,-1
2121,16,198.05252075195312,244.66700744628906,21.95147705078125,10.272308349609375,1,-1,-1,-1
2121,18,498.7725524902344,185.2647705078125,16.849639892578125,5.8326263427734375,1,-1,-1,-1
2141,16,207.73312377929688,246.44642639160156,25.8739013671875,10.737777709960938,1,-1,-1,-1
2141,18,457.1276550292969,212.7703857421875,13.287200927734375,4.3881378173828125,1,-1,-1,-1
