1,1,279.7997741699219,185.45999145507812,4.633636474609375,3.8427276611328125,1,-1,-1,-1
1,2,394.5479736328125,239.9416046142578,21.68914794921875,8.370849609375,1,-1,-1,-1
21,2,380.7403564453125,195.1753387451172,18.54547119140625,5.63641357421875,1,-1,-1,-1
41,2,380.41595458984375,191.80950927734375,20.089263916015625,5.144134521484375,1,-1,-1,-1
61,2,382.84808349609375,198.841064453125,19.546295166015625,4.8879241943359375,1,-1,-1,-1
61,3,283.815185546875,185.46131896972656,6.631805419921875,3.77294921875,1,-1,-1,-1
81,2,385.052001953125,208.27310180664062,15.119171142578125,4.449798583984375,1,-1,-1,-1
81,3,284.184814453125,185.57037353515625,6.52655029296875,3.4835662841796875,1,-1,-1,-1
101,2,384.8165588378906,229.56497192382812,18.211822509765625,7.469451904296875,1,-1,-1,-1
121,2,394.0571594238281,244.09707641601562,19.760833740234375,7.2075347900390625,1,-1,-1,-1
181,5,465.74505615234375,207.30404663085938,30.574951171875,9.65771484375,1,-1,-1,-1
201,4,296.3880615234375,199.70721435546875,6.42498779296875,3.954437255859375,1,-1,-1,-1
201,5,363.0697326660156,201.63536071777344,29.26153564453125,9.851913452148438,1,-1,-1,-1
261,6,302.9769592285156,194.36416625976562,32.177032470703125,11.513504028320312,1,-1,-1,-1
281,4,287.588134765625,194.42745971679688,6.646728515625,3.550079345703125,1,-1,-1,-1
281,6,494.053466796875,198.6680450439453,32.857666015625,10.989974975585938,1,-1,-1,-1
301,6,557.4730834960938,199.73214721679688,36.91961669921875,10.883636474609375,1,-1,-1,-1
341,6,399.95208740234375,199.4471893310547,33.3822021484375,10.508255004882812,1,-1,-1,-1
361,6,387.6068420410156,196.7565155029297,32.109771728515625,10.839553833007812,1,-1,-1,-1
381,6,477.58624267578125,195.96932983398438,31.096343994140625,10.825225830078125,1,-1,-1,-1
381,7,372.3139953613281,145.27639770507812,10.209869384765625,5.483123779296875,1,-1,-1,-1
401,6,578.8644409179688,196.47926330566406,34.00067138671875,10.673721313476562,1,-1,-1,-1
401,7,386.85693359375,143.9051513671875,8.788818359375,3.468902587890625,1,-1,-1,-1
421,6,565.02783203125,197.129638671875,34.9268798828125,10.485198974609375,1,-1,-1,-1
421,7,365.211669921875,140.14871215820312,9.286590576171875,3.8397216796875,1,-1,-1,-1
441,6,464.2039489746094,195.74679565429688,30.087432861328125,9.414077758789062,1,-1,-1,-1
481,6,400.2542724609375,190.9629669189453,36.57275390625,8.578598022460938,1,-1,-1,-1
481,7,308.90899658203125,98.00284576416016,13.668243408203125,7.387443542480469,1,-1,-1,-1
501,7,298.37896728515625,116.00641632080078,12.2880859375,6.508544921875,1,-1,-1,-1
521,7,281.0309143066406,180.07644653320312,10.799560546875,5.962066650390625,1,-1,-1,-1
521,8,469.22821044921875,117.0301513671875,30.8221435546875,9.013107299804688,1,-1,-1,-1
541,8,457.95770263671875,99.2368392944336,32.731842041015625,12.496009826660156,1,-1,-1,-1
561,8,405.4277038574219,136.81793212890625,30.369873046875,9.397048950195312,1,-1,-1,-1
581,8,391.38482666015625,138.53375244140625,33.130706787109375,8.323806762695312,1,-1,-1,-1
601,8,395.1124267578125,138.7523956298828,31.161102294921875,8.019973754882812,1,-1,-1,-1
621,8,397.4853515625,136.81825256347656,28.53265380859375,8.601882934570312,1,-1,-1,-1
641,8,396.80670166015625,135.93858337402344,29.8046875,8.129623413085938,1,-1,-1,-1
661,8,396.25848388671875,135.0878143310547,27.7716064453125,9.508255004882812,1,-1,-1,-1
661,10,288.23291015625,176.50880432128906,6.259002685546875,4.12786865234375,1,-1,-1,-1
681,8,358.7081604003906,132.7725372314453,29.677642822265625,9.470870971679688,1,-1,-1,-1
681,10,319.6292724609375,178.1151123046875,6.376922607421875,3.6930999755859375,1,-1,-1,-1
701,10,348.80712890625,179.27548217773438,6.804901123046875,3.4678955078125,1,-1,-1,-1
721,8,421.885498046875,133.183837890625,32.39990234375,12.965545654296875,1,-1,-1,-1
721,10,368.9077453613281,176.5061492919922,6.759033203125,3.924530029296875,1,-1,-1,-1
821,13,243.37173461914062,192.139892578125,7.518310546875,4.60443115234375,1,-1,-1,-1
841,14,381.87481689453125,185.94398498535156,47.5736083984375,12.30731201171875,1,-1,-1,-1
861,14,434.6130065917969,171.8704376220703,64.7763671875,18.544967651367188,1,-1,-1,-1
1001,16,249.61749267578125,171.05206298828125,5.30548095703125,3.435882568359375,1,-1,-1,-1
1141,20,261.84979248046875,137.69210815429688,6.996978759765625,3.950775146484375,1,-1,-1,-1
1401,27,273.28204345703125,222.6116485595703,8.39703369140625,3.56494140625,1,-1,-1,-1
1461,29,224.03659057617188,84.96517181396484,14.524658203125,5.840240478515625,1,-1,-1,-1
1501,29,227.6614227294922,180.718505859375,12.107620239257812,3.9288177490234375,1,-1,-1,-1
1561,29,298.0740051269531,180.5055389404297,12.66546630859375,4.934661865234375,1,-1,-1,-1
1601,33,308.2641906738281,182.4132080078125,12.805206298828125,4.611083984375,1,-1,-1,-1
1621,33,306.3913269042969,201.82191467285156,14.552215576171875,5.2279510498046875,1,-1,-1,-1
1641,33,311.869873046875,191.56716918945312,13.7825927734375,3.8066253662109375,1,-1,-1,-1
1661,33,316.0319519042969,132.71340942382812,15.608428955078125,6.189361572265625,1,-1,-1,-1
1681,33,318.41650390625,124.07980346679688,15.29681396484375,5.8341522216796875,1,-1,-1,-1
1701,33,318.9825744628906,150.01980590820312,14.674835205078125,5.040924072265625,1,-1,-1,-1
1721,33,320.1331787109375,191.17857360839844,13.942779541015625,4.301177978515625,1,-1,-1,-1
1741,33,317.6629943847656,159.60531616210938,14.91973876953125,4.7886505126953125,1,-1,-1,-1
1741,34,255.04238891601562,230.54190063476562,12.96160888671875,6.051910400390625,1,-1,-1,-1
1761,33,320.3387145996094,115.2555923461914,13.500885009765625,5.856834411621094,1,-1,-1,-1
1801,33,319.6421813964844,83.55775451660156,13.62518310546875,5.832710266113281,1,-1,-1,-1
1801,35,264.9118347167969,224.02073669433594,13.4686279296875,5.6389923095703125,1,-1,-1,-1
1821,33,319.3044128417969,55.283809661865234,13.607330322265625,5.641994476318359,1,-1,-1,-1
1821,35,285.79705810546875,208.14401245117188,20.434600830078125,6.691741943359375,1,-1,-1,-1
1841,33,320.5557861328125,101.76136779785156,13.2528076171875,5.55950927734375,1,-1,-1,-1
1841,35,311.451904296875,184.27276611328125,33.226470947265625,16.341812133789062,1,-1,-1,-1
1861,35,321.7999572753906,169.53836059570312,14.408050537109375,6.046600341796875,1,-1,-1,-1
1881,36,305.48577880859375,161.6790771484375,51.08587646484375,21.805816650390625,1,-1,-1,-1
1901,35,326.7835693359375,167.17758178710938,16.3443603515625,7.571868896484375,1,-1,-1,-1
1901,36,326.792724609375,167.19387817382812,16.3336181640625,7.5387725830078125,1,-1,-1,-1
1921,35,329.6463317871094,163.3787841796875,19.470977783203125,7.3162994384765625,1,-1,-1,-1
1921,36,329.6463317871094,163.377197265625,19.456573486328125,7.318817138671875,1,-1,-1,-1
1941,35,339.51422119140625,154.88587951660156,19.73565673828125,6.0527496337890625,1,-1,-1,-1
1941,36,339.52227783203125,154.89151000976562,19.730926513671875,6.040374755859375,1,-1,-1,-1
1961,35,340.67474365234375,154.86865234375,17.6285400390625,5.4121551513671875,1,-1,-1,-1
1961,36,340.673583984375,154.8695526123047,17.62841796875,5.4107818603515625,1,-1,-1,-1
2001,37,354.2047119140625,140.96517944335938,18.59100341796875,5.7315521240234375,1,-1,-1,-1
2021,37,368.174072265625,123.61029815673828,24.44134521484375,7.749488830566406,1,-1,-1,-1
2041,37,369.63848876953125,119.78260803222656,23.65911865234375,6.9611053466796875,1,-1,-1,-1
2061,37,369.16064453125,120.00318145751953,24.596099853515625,6.694343566894531,1,-1,-1,-1
2081,37,336.4593505859375,119.92781829833984,22.10150146484375,6.607208251953125,1,-1,-1,-1
2101,37,301.7265930175781,123.57701873779297,21.001251220703125,7.352302551269531,1,-1,-1,-1
2101,38,121.2027587890625,95.98421478271484,20.524978637695312,6.300102233886719,1,-1,-1,-1
2121,37,294.1151123046875,178.46929931640625,23.726715087890625,6.1190338134765625,1,-1,-1,-1
2121,38,148.86923217773438,136.4702606201172,13.692245483398438,7.5677032470703125,1,-1,-1,-1
2141,37,304.7669677734375,191.96759033203125,22.3790283203125,7.3333282470703125,1,-1,-1,-1
2141,38,193.0734405517578,166.36045837402344,12.62786865234375,5.5889892578125,1,-1,-1,-1
