1,1,251.2527313232422,150.4932403564453,17.988265991210938,10.45452880859375,1,-1,-1,-1
21,1,239.55242919921875,189.149658203125,17.005035400390625,5.8299713134765625,1,-1,-1,-1
41,1,218.90380859375,187.39993286132812,19.500091552734375,6.3969573974609375,1,-1,-1,-1
61,1,210.11827087402344,149.55694580078125,18.552474975585938,7.332275390625,1,-1,-1,-1
81,1,190.7431182861328,147.35186767578125,16.29071044921875,6.9111175537109375,1,-1,-1,-1
101,1,184.60861206054688,145.884521484375,21.278152465820312,5.9228363037109375,1,-1,-1,-1
121,1,186.49583435058594,136.08126831054688,22.1588134765625,12.014678955078125,1,-1,-1,-1
201,6,157.8302001953125,146.9082794189453,22.08331298828125,11.025192260742188,1,-1,-1,-1
221,6,100.74052429199219,158.4638214111328,23.365768432617188,10.441452026367188,1,-1,-1,-1
341,10,137.05044555664062,159.8260498046875,21.425796508789062,6.548492431640625,1,-1,-1,-1
361,10,140.43319702148438,155.9595489501953,18.730621337890625,6.509002685546875,1,-1,-1,-1
381,10,140.46568298339844,123.49224853515625,19.2242431640625,10.885772705078125,1,-1,-1,-1
421,12,168.19146728515625,271.3940124511719,13.39874267578125,5.53887939453125,1,-1,-1,-1
521,15,217.02760314941406,166.67201232910156,20.587921142578125,8.126388549804688,1,-1,-1,-1
541,15,248.38197326660156,188.9220733642578,17.333084106445312,5.83477783203125,1,-1,-1,-1
621,18,278.05230712890625,209.92515563964844,19.705596923828125,5.4722137451171875,1,-1,-1,-1
641,18,285.17724609375,197.2716522216797,19.9642333984375,7.239990234375,1,-1,-1,-1
661,18,250.3197021484375,188.997802734375,8.322265625,3.108489990234375,1,-1,-1,-1
681,18,255.6236114501953,178.8323211669922,8.910598754882812,3.6850433349609375,1,-1,-1,-1
701,18,265.21875,170.55783081054688,9.127288818359375,3.124908447265625,1,-1,-1,-1
721,18,275.3943176269531,158.57505798339844,11.570648193359375,5.687255859375,1,-1,-1,-1
721,19,342.35650634765625,174.66732788085938,21.115631103515625,6.1689910888671875,1,-1,-1,-1
741,18,277.3190612792969,194.23074340820312,10.85321044921875,3.8692169189453125,1,-1,-1,-1
741,19,357.13946533203125,168.16842651367188,22.101287841796875,5.3713531494140625,1,-1,-1,-1
841,21,369.1807861328125,276.4962158203125,7.568450927734375,4.278961181640625,1,-1,-1,-1
861,22,394.18603515625,108.7215805053711,18.862213134765625,9.142364501953125,1,-1,-1,-1
881,22,371.7877197265625,103.80509185791016,19.03558349609375,9.801307678222656,1,-1,-1,-1
1041,27,417.0440979003906,198.03562927246094,9.27301025390625,2.665679931640625,1,-1,-1,-1
1061,28,282.3890075683594,160.33253479003906,18.890106201171875,6.469512939453125,1,-1,-1,-1
1121,28,359.5703430175781,269.4228515625,11.160369873046875,4.4840087890625,1,-1,-1,-1
1161,28,383.7933654785156,270.7261047363281,8.38372802734375,3.5621337890625,1,-1,-1,-1
1161,29,224.51882934570312,109.9137191772461,19.720458984375,8.116424560546875,1,-1,-1,-1
1181,28,388.75958251953125,278.8570251464844,9.306182861328125,4.254608154296875,1,-1,-1,-1
1181,29,191.2620391845703,100.91220092773438,22.725021362304688,10.728324890136719,1,-1,-1,-1
1201,28,370.3593444824219,279.4680480957031,9.33685302734375,4.757049560546875,1,-1,-1,-1
1221,29,164.32498168945312,193.7910614013672,20.318344116210938,7.2188262939453125,1,-1,-1,-1
1301,30,135.88092041015625,161.61740112304688,19.384979248046875,6.93548583984375,1,-1,-1,-1
1321,30,131.3528594970703,152.57742309570312,22.712875366210938,8.140548706054688,1,-1,-1,-1
1341,31,255.12753295898438,269.49664306640625,8.43414306640625,4.277587890625,1,-1,-1,-1
1621,39,92.20211029052734,86.15072631835938,20.22602081298828,8.648025512695312,1,-1,-1,-1
1641,39,92.28288269042969,85.58673858642578,22.960647583007812,8.439704895019531,1,-1,-1,-1
1661,39,97.09297180175781,82.77149963378906,20.721702575683594,12.636627197265625,1,-1,-1,-1
1681,39,124.33570861816406,106.9486312866211,20.141830444335938,7.559539794921875,1,-1,-1,-1
1701,39,127.09748840332031,155.34893798828125,20.146774291992188,6.7102203369140625,1,-1,-1,-1
1781,43,149.40481567382812,120.22344207763672,22.690231323242188,7.327644348144531,1,-1,-1,-1
1801,43,158.76512145996094,95.4150161743164,19.146270751953125,10.057937622070312,1,-1,-1,-1
1901,45,238.71044921875,169.68296813964844,22.9676513671875,7.20574951171875,1,-1,-1,-1
1921,45,244.59771728515625,216.3817138671875,21.893768310546875,5.7161102294921875,1,-1,-1,-1
1941,45,242.19943237304688,199.88873291015625,8.65997314453125,2.61962890625,1,-1,-1,-1
1961,45,275.59259033203125,200.8435821533203,8.711029052734375,3.1150054931640625,1,-1,-1,-1
1981,45,276.76190185546875,179.17735290527344,20.254241943359375,6.70050048828125,1,-1,-1,-1
2001,45,283.213623046875,124.35187530517578,17.869903564453125,8.991310119628906,1,-1,-1,-1
2021,45,301.3366394042969,141.44573974609375,17.927459716796875,7.076568603515625,1,-1,-1,-1
2021,46,301.3421936035156,141.4434356689453,17.907379150390625,7.0810546875,1,-1,-1,-1
2041,45,306.0356750488281,190.9572296142578,19.260406494140625,5.9620513916015625,1,-1,-1,-1
2041,46,306.0281066894531,190.95828247070312,19.278717041015625,5.9625701904296875,1,-1,-1,-1
2081,47,450.11297607421875,186.44119262695312,12.3985595703125,4.1162109375,1,-1,-1,-1
2101,47,493.9924621582031,170.187744140625,12.672943115234375,3.4149932861328125,1,-1,-1,-1
2121,47,532.3917236328125,153.99713134765625,14.2811279296875,5.4068145751953125,1,-1,-1,-1
2141,47,539.0968627929688,150.00462341308594,17.28692626953125,4.5271759033203125,1,-1,-1,-1
2161,47,541.953857421875,148.8390350341797,16.5174560546875,4.174774169921875,1,-1,-1,-1
2161,48,339.6968078613281,65.46409606933594,20.63446044921875,8.628303527832031,1,-1,-1,-1
2181,47,543.5175170898438,148.37322998046875,16.59490966796875,3.7612457275390625,1,-1,-1,-1
2181,48,339.69384765625,65.07633209228516,18.621337890625,8.173255920410156,1,-1,-1,-1
2201,47,543.7247924804688,147.9104766845703,17.43133544921875,4.028167724609375,1,-1,-1,-1
2201,48,338.27484130859375,64.7749252319336,18.10369873046875,8.8675537109375,1,-1,-1,-1
2221,48,318.4471130371094,62.235687255859375,17.581573486328125,9.862106323242188,1,-1,-1,-1
2261,47,550.806396484375,137.19712829589844,15.4056396484375,4.9313812255859375,1,-1,-1,-1
2261,48,276.70062255859375,132.8376007080078,18.77838134765625,7.1808319091796875,1,-1,-1,-1
