1,1,334.2441101074219,142.48794555664062,11.9769287109375,4.116851806640625,1,-1,-1,-1
1,2,456.2216796875,152.20172119140625,15.549560546875,5.541290283203125,1,-1,-1,-1
21,1,334.1509704589844,143.55337524414062,12.061920166015625,4.1132354736328125,1,-1,-1,-1
21,2,453.6903381347656,145.56871032714844,14.341583251953125,5.288604736328125,1,-1,-1,-1
41,1,332.2890625,144.9298553466797,13.4893798828125,4.6206817626953125,1,-1,-1,-1
41,2,450.29071044921875,137.3642578125,16.2115478515625,5.416351318359375,1,-1,-1,-1
61,1,333.74835205078125,146.92901611328125,11.89605712890625,4.4554901123046875,1,-1,-1,-1
61,2,448.73931884765625,126.16438293457031,15.552215576171875,5.67327880859375,1,-1,-1,-1
81,1,334.5472412109375,149.29124450683594,10.97137451171875,4.38885498046875,1,-1,-1,-1
81,2,446.7550354003906,115.5316162109375,15.9915771484375,5.751792907714844,1,-1,-1,-1
101,1,335.22344970703125,152.9098358154297,11.331573486328125,4.737762451171875,1,-1,-1,-1
101,2,445.62091064453125,106.84383392333984,14.261871337890625,6.5345458984375,1,-1,-1,-1
121,1,334.9749450683594,157.0171661376953,12.083953857421875,4.5455322265625,1,-1,-1,-1
121,2,443.5672607421875,99.33880615234375,16.775604248046875,6.6285552978515625,1,-1,-1,-1
141,1,334.8824768066406,161.57525634765625,11.732025146484375,3.6893463134765625,1,-1,-1,-1
141,2,442.240966796875,90.63176727294922,15.86236572265625,6.6175689697265625,1,-1,-1,-1
161,1,332.6166076660156,163.58676147460938,12.52099609375,4.3525848388671875,1,-1,-1,-1
161,2,441.65277099609375,82.53024291992188,14.447235107421875,6.208763122558594,1,-1,-1,-1
181,1,333.2991943359375,166.74671936035156,12.032379150390625,3.5392913818359375,1,-1,-1,-1
181,2,440.5768127441406,75.17286682128906,16.3765869140625,6.422355651855469,1,-1,-1,-1
201,2,440.01690673828125,67.29159545898438,14.638214111328125,6.8099365234375,1,-1,-1,-1
221,2,438.2824401855469,65.33505249023438,16.318115234375,6.366546630859375,1,-1,-1,-1
241,2,436.34918212890625,64.23338317871094,16.894378662109375,6.616912841796875,1,-1,-1,-1
261,2,435.735107421875,64.18375396728516,15.176513671875,6.37811279296875,1,-1,-1,-1
281,2,433.3325500488281,63.872901916503906,14.1943359375,6.869255065917969,1,-1,-1,-1
301,2,426.39959716796875,64.53299713134766,15.58441162109375,7.115081787109375,1,-1,-1,-1
321,2,417.6550598144531,64.85248565673828,15.749298095703125,8.200340270996094,1,-1,-1,-1
341,2,408.0263977050781,67.09028625488281,14.872589111328125,6.673423767089844,1,-1,-1,-1
361,2,399.0013122558594,68.00538635253906,15.711151123046875,6.802268981933594,1,-1,-1,-1
381,2,391.5428161621094,68.56629943847656,14.86572265625,7.015419006347656,1,-1,-1,-1
441,3,355.9286804199219,215.93692016601562,12.98248291015625,4.4836273193359375,1,-1,-1,-1
441,4,370.6712341308594,74.18353271484375,15.994781494140625,6.451103210449219,1,-1,-1,-1
461,3,363.214599609375,216.767333984375,13.114105224609375,4.879425048828125,1,-1,-1,-1
461,4,364.9381103515625,83.02346801757812,14.4200439453125,6.8289794921875,1,-1,-1,-1
481,4,359.1817932128906,92.45174407958984,14.274749755859375,6.418609619140625,1,-1,-1,-1
501,4,351.9512939453125,102.64693450927734,16.4749755859375,6.74163818359375,1,-1,-1,-1
501,5,376.9388427734375,211.9220428466797,13.410125732421875,4.7836456298828125,1,-1,-1,-1
521,4,349.6916198730469,112.96441650390625,14.973846435546875,5.276741027832031,1,-1,-1,-1
521,5,383.5202331542969,212.51878356933594,13.69561767578125,5.667144775390625,1,-1,-1,-1
541,4,344.6395263671875,122.26768493652344,14.320587158203125,5.7840423583984375,1,-1,-1,-1
541,5,388.9486389160156,212.2832794189453,14.0286865234375,5.1847381591796875,1,-1,-1,-1
561,4,340.6678771972656,131.8483123779297,16.331329345703125,5.6231842041015625,1,-1,-1,-1
561,5,396.00677490234375,211.04098510742188,14.6451416015625,4.490020751953125,1,-1,-1,-1
581,4,338.3856506347656,141.1439208984375,13.740631103515625,5.6606597900390625,1,-1,-1,-1
601,4,334.01751708984375,142.21142578125,15.171905517578125,5.7102203369140625,1,-1,-1,-1
641,4,324.4080810546875,147.0592041015625,15.67572021484375,5.2169189453125,1,-1,-1,-1
661,6,319.0468444824219,147.79055786132812,13.977294921875,5.644317626953125,1,-1,-1,-1
681,6,310.6686096191406,149.05453491210938,15.244293212890625,5.452789306640625,1,-1,-1,-1
701,6,304.11016845703125,149.42608642578125,13.713165283203125,5.441375732421875,1,-1,-1,-1
741,7,460.4632873535156,206.44540405273438,15.734039306640625,6.5411529541015625,1,-1,-1,-1
761,7,467.8946533203125,202.54953002929688,13.52752685546875,4.4394989013671875,1,-1,-1,-1
761,8,281.3058776855469,148.83047485351562,15.11004638671875,5.6560211181640625,1,-1,-1,-1
781,7,475.466064453125,196.40756225585938,13.724853515625,3.8862457275390625,1,-1,-1,-1
781,8,273.8554992675781,144.8580780029297,16.028778076171875,5.5670318603515625,1,-1,-1,-1
801,8,268.0068359375,140.73854064941406,14.39373779296875,5.1536407470703125,1,-1,-1,-1
841,8,252.75714111328125,132.02210998535156,15.28466796875,5.4981689453125,1,-1,-1,-1
861,8,245.4954376220703,128.23614501953125,14.978927612304688,5.4598846435546875,1,-1,-1,-1
921,9,243.3594512939453,120.35620880126953,14.237899780273438,5.893135070800781,1,-1,-1,-1
1021,9,268.397216796875,120.74647521972656,16.16424560546875,5.992118835449219,1,-1,-1,-1
1041,9,275.898681640625,120.74293518066406,14.733551025390625,5.902442932128906,1,-1,-1,-1
1061,9,282.6475830078125,120.7107162475586,13.73956298828125,5.913108825683594,1,-1,-1,-1
1121,9,304.5538330078125,119.71206665039062,14.158172607421875,5.867057800292969,1,-1,-1,-1
1141,9,312.4169006347656,116.84923553466797,13.596435546875,5.6100006103515625,1,-1,-1,-1
1141,11,395.50885009765625,216.22894287109375,14.408935546875,5.88507080078125,1,-1,-1,-1
1161,9,318.4887390136719,106.95024108886719,14.789794921875,6.14453125,1,-1,-1,-1
1161,11,395.3448181152344,207.83787536621094,14.14495849609375,4.4334564208984375,1,-1,-1,-1
1201,11,389.0967102050781,192.72972106933594,14.920196533203125,4.733642578125,1,-1,-1,-1
1261,12,320.7958984375,87.91365814208984,16.454315185546875,5.80352783203125,1,-1,-1,-1
1281,12,332.78216552734375,87.57588195800781,17.295928955078125,5.656524658203125,1,-1,-1,-1
1281,13,363.3189392089844,189.5872802734375,15.94268798828125,5.8535308837890625,1,-1,-1,-1
1301,12,345.67626953125,85.77455139160156,13.39630126953125,7.0746002197265625,1,-1,-1,-1
1321,12,357.5118408203125,85.54317474365234,14.352630615234375,6.385963439941406,1,-1,-1,-1
1341,12,368.2793884277344,86.0362548828125,14.770965576171875,5.643165588378906,1,-1,-1,-1
1361,12,377.62225341796875,85.4381332397461,14.297943115234375,6.3200225830078125,1,-1,-1,-1
1361,14,372.1371154785156,194.63824462890625,13.609466552734375,5.0132904052734375,1,-1,-1,-1
1381,12,386.7130126953125,85.32080841064453,14.19580078125,6.4241943359375,1,-1,-1,-1
1401,12,396.4891357421875,85.66964721679688,14.857177734375,5.3895263671875,1,-1,-1,-1
1421,12,405.6751708984375,85.36399841308594,13.393157958984375,5.910888671875,1,-1,-1,-1
1441,12,415.20941162109375,85.15155792236328,14.57275390625,6.205230712890625,1,-1,-1,-1
1461,12,424.39080810546875,85.67654418945312,15.40411376953125,5.678489685058594,1,-1,-1,-1
1481,15,433.0440979003906,85.62821960449219,15.9989013671875,6.0139923095703125,1,-1,-1,-1
1481,16,373.7231140136719,192.92727661132812,12.502288818359375,4.6378173828125,1,-1,-1,-1
1501,15,442.2774658203125,85.58921813964844,14.267578125,6.447052001953125,1,-1,-1,-1
1501,16,373.9431457519531,189.93450927734375,14.041900634765625,5.9930877685546875,1,-1,-1,-1
1521,15,453.015625,86.29234313964844,16.3812255859375,5.82366943359375,1,-1,-1,-1
1521,16,375.14971923828125,190.05654907226562,13.891448974609375,6.03521728515625,1,-1,-1,-1
1541,12,457.4226379394531,86.02998352050781,14.837554931640625,6.680412292480469,1,-1,-1,-1
1541,15,457.402587890625,86.04898834228516,14.80511474609375,6.659248352050781,1,-1,-1,-1
1561,15,457.38006591796875,87.73086547851562,14.02313232421875,6.050437927246094,1,-1,-1,-1
1581,15,457.0249938964844,90.45033264160156,14.359954833984375,6.189979553222656,1,-1,-1,-1
1581,16,372.7943115234375,194.66896057128906,13.208526611328125,5.35711669921875,1,-1,-1,-1
1601,15,457.13848876953125,94.71055603027344,16.484130859375,5.570564270019531,1,-1,-1,-1
1601,16,368.607421875,196.98419189453125,13.172607421875,4.7271728515625,1,-1,-1,-1
1621,15,456.6537780761719,98.06333923339844,14.284820556640625,6.37322998046875,1,-1,-1,-1
1641,15,457.3733215332031,102.33209991455078,15.3289794921875,6.259613037109375,1,-1,-1,-1
1661,15,458.35308837890625,106.42581939697266,14.973907470703125,5.6558074951171875,1,-1,-1,-1
1681,15,459.7372131347656,110.58331298828125,14.95941162109375,5.5466156005859375,1,-1,-1,-1
1721,15,461.52459716796875,119.69187927246094,15.03662109375,6.1449432373046875,1,-1,-1,-1
1741,15,462.49530029296875,124.64411926269531,14.632965087890625,6.102203369140625,1,-1,-1,-1
1761,15,464.3349609375,131.00721740722656,15.30035400390625,5.6623992919921875,1,-1,-1,-1
1801,15,465.417724609375,144.2231903076172,16.3101806640625,5.8271026611328125,1,-1,-1,-1
1841,20,469.4754638671875,156.57809448242188,18.10748291015625,5.7837677001953125,1,-1,-1,-1
1861,20,471.77734375,164.57119750976562,17.770538330078125,5.3505706787109375,1,-1,-1,-1
1881,20,473.2459716796875,172.3565673828125,17.55126953125,5.0088348388671875,1,-1,-1,-1
1901,20,473.37646484375,179.87457275390625,18.83544921875,5.060699462890625,1,-1,-1,-1
1921,20,476.03326416015625,187.68841552734375,15.51177978515625,5.043487548828125,1,-1,-1,-1
1941,20,476.3262939453125,196.06857299804688,17.0556640625,4.8534698486328125,1,-1,-1,-1
1961,20,478.0281982421875,204.78033447265625,15.45086669921875,4.4170074462890625,1,-1,-1,-1
2021,22,359.43743896484375,177.98629760742188,11.9439697265625,5.453094482421875,1,-1,-1,-1
2041,22,358.69427490234375,175.17141723632812,11.05596923828125,4.222320556640625,1,-1,-1,-1
2061,22,358.5110778808594,171.4232177734375,10.752197265625,4.489166259765625,1,-1,-1,-1
2101,22,360.1513671875,163.55128479003906,9.6707763671875,3.5640411376953125,1,-1,-1,-1
2121,22,359.43939208984375,160.67796325683594,9.76776123046875,3.587860107421875,1,-1,-1,-1
