1,1,407.1285400390625,40.97643280029297,22.21197509765625,8.14138412475586,1,-1,-1,-1
21,1,406.2799377441406,29.195587158203125,24.31268310546875,9.598709106445312,1,-1,-1,-1
41,1,405.34912109375,21.890296936035156,22.9739990234375,10.224102020263672,1,-1,-1,-1
61,1,423.469970703125,26.4869327545166,23.30023193359375,8.94700813293457,1,-1,-1,-1
81,1,457.36822509765625,31.608182907104492,20.084930419921875,8.009988784790039,1,-1,-1,-1
101,1,488.9552001953125,38.13847351074219,22.19732666015625,7.862735748291016,1,-1,-1,-1
121,1,509.2010192871094,44.216285705566406,20.087493896484375,8.333763122558594,1,-1,-1,-1
141,1,513.267333984375,63.61787796020508,21.61749267578125,7.135707855224609,1,-1,-1,-1
161,1,513.459228515625,92.60989379882812,22.1435546875,7.3403472900390625,1,-1,-1,-1
181,1,518.2333374023438,105.07970428466797,20.66552734375,6.350547790527344,1,-1,-1,-1
201,1,515.3906860351562,106.46243286132812,22.05224609375,6.303794860839844,1,-1,-1,-1
221,1,493.193115234375,106.3074951171875,27.35986328125,13.020027160644531,1,-1,-1,-1
221,2,390.57611083984375,189.3531494140625,12.3135986328125,3.4693603515625,1,-1,-1,-1
241,2,385.9797668457031,188.6935272216797,12.05352783203125,3.2568511962890625,1,-1,-1,-1
261,2,378.1370544433594,188.0576171875,13.173370361328125,3.4882354736328125,1,-1,-1,-1
281,1,442.10455322265625,118.90316009521484,21.2691650390625,6.217384338378906,1,-1,-1,-1
281,2,367.8421630859375,188.18951416015625,12.12646484375,3.3703155517578125,1,-1,-1,-1
301,1,442.596435546875,142.92080688476562,21.109375,5.5062255859375,1,-1,-1,-1
301,2,364.13323974609375,190.14608764648438,12.115234375,3.6539459228515625,1,-1,-1,-1
321,3,442.9156494140625,153.39242553710938,22.29364013671875,6.1978912353515625,1,-1,-1,-1
361,2,353.4503479003906,190.13462829589844,13.409515380859375,3.7767181396484375,1,-1,-1,-1
361,3,422.11541748046875,156.9588165283203,22.05120849609375,6.4676055908203125,1,-1,-1,-1
381,3,418.32281494140625,168.95401000976562,17.3448486328125,5.46295166015625,1,-1,-1,-1
401,3,414.44500732421875,174.69338989257812,20.077667236328125,6.1235504150390625,1,-1,-1,-1
421,3,399.6685791015625,176.1391143798828,23.306121826171875,5.654876708984375,1,-1,-1,-1
441,3,376.9573974609375,176.93150329589844,21.1849365234375,5.7637481689453125,1,-1,-1,-1
461,3,351.20361328125,173.8943634033203,23.68951416015625,5.8930511474609375,1,-1,-1,-1
501,4,313.4354248046875,169.36380004882812,27.401519775390625,5.693206787109375,1,-1,-1,-1
521,4,299.00933837890625,164.48373413085938,24.434844970703125,5.9538116455078125,1,-1,-1,-1
541,4,282.935546875,155.6768341064453,24.220794677734375,6.21612548828125,1,-1,-1,-1
561,4,267.4150085449219,142.8141632080078,23.214569091796875,7.1249542236328125,1,-1,-1,-1
581,4,254.4162139892578,127.09872436523438,23.819931030273438,6.4609222412109375,1,-1,-1,-1
601,4,241.68836975097656,104.58073425292969,26.504104614257812,6.9752044677734375,1,-1,-1,-1
621,4,233.07839965820312,80.04354858398438,23.7847900390625,8.287994384765625,1,-1,-1,-1
641,4,225.0375213623047,53.92919158935547,24.807388305664062,9.579822540283203,1,-1,-1,-1
661,4,225.05233764648438,25.73066520690918,24.534683227539062,10.299531936645508,1,-1,-1,-1
661,5,225.07647705078125,25.713882446289062,24.476058959960938,10.304546356201172,1,-1,-1,-1
681,4,228.3521728515625,22.302478790283203,25.098785400390625,9.73617935180664,1,-1,-1,-1
681,5,228.32772827148438,22.298982620239258,25.068283081054688,9.706880569458008,1,-1,-1,-1
701,4,251.02464294433594,25.266342163085938,21.108261108398438,10.415752410888672,1,-1,-1,-1
701,5,251.02902221679688,25.267581939697266,21.034423828125,10.421024322509766,1,-1,-1,-1
721,4,278.152587890625,29.623624801635742,22.74395751953125,9.48194694519043,1,-1,-1,-1
721,5,278.1410827636719,29.644798278808594,22.7552490234375,9.46035385131836,1,-1,-1,-1
741,4,284.0076904296875,32.723384857177734,20.3841552734375,10.023490905761719,1,-1,-1,-1
741,5,283.9928283691406,32.716949462890625,20.366546630859375,9.95907974243164,1,-1,-1,-1
761,4,279.4040222167969,41.58604431152344,21.8050537109375,7.976078033447266,1,-1,-1,-1
761,5,279.4165344238281,41.572208404541016,21.859832763671875,7.93487548828125,1,-1,-1,-1
781,4,277.3427734375,43.827537536621094,21.348663330078125,10.932662963867188,1,-1,-1,-1
781,5,277.3411865234375,43.818214416503906,21.301055908203125,11.007152557373047,1,-1,-1,-1
801,7,331.779296875,170.04156494140625,13.681854248046875,4.0226593017578125,1,-1,-1,-1
861,8,341.0533142089844,79.9465103149414,19.639190673828125,7.8772735595703125,1,-1,-1,-1
881,7,339.4637451171875,186.94944763183594,13.6683349609375,3.8969268798828125,1,-1,-1,-1
881,8,349.77264404296875,80.8279037475586,21.708526611328125,8.419197082519531,1,-1,-1,-1
901,7,352.23516845703125,182.71197509765625,13.42706298828125,4.00335693359375,1,-1,-1,-1
901,8,374.516845703125,83.56784057617188,22.21783447265625,6.92559814453125,1,-1,-1,-1
921,7,361.16058349609375,178.9935760498047,12.875518798828125,3.638916015625,1,-1,-1,-1
921,8,387.2335510253906,81.60073852539062,21.842041015625,6.843376159667969,1,-1,-1,-1
941,8,387.8388977050781,77.00784301757812,19.421173095703125,7.369865417480469,1,-1,-1,-1
961,7,370.88323974609375,173.75418090820312,13.36785888671875,3.75653076171875,1,-1,-1,-1
1001,7,375.9698486328125,171.90304565429688,15.06781005859375,3.864990234375,1,-1,-1,-1
1021,7,377.94647216796875,172.19076538085938,13.554534912109375,4.35638427734375,1,-1,-1,-1
1021,8,414.0880126953125,92.58334350585938,23.418121337890625,6.307891845703125,1,-1,-1,-1
1041,7,365.90313720703125,174.1952667236328,14.347137451171875,4.3486480712890625,1,-1,-1,-1
1041,8,414.5622253417969,110.88434600830078,21.733184814453125,6.058891296386719,1,-1,-1,-1
1061,7,350.820068359375,176.17518615722656,13.911834716796875,4.006683349609375,1,-1,-1,-1
1061,8,414.46942138671875,136.06912231445312,20.34210205078125,5.8892364501953125,1,-1,-1,-1
1081,7,342.388427734375,176.75485229492188,15.667724609375,3.8740234375,1,-1,-1,-1
1081,8,414.8560791015625,155.00193786621094,22.403717041015625,5.0684356689453125,1,-1,-1,-1
1081,9,342.37213134765625,176.75384521484375,15.64398193359375,3.9003143310546875,1,-1,-1,-1
1101,8,417.829833984375,154.95391845703125,22.151092529296875,5.0116729736328125,1,-1,-1,-1
1101,9,332.7674865722656,176.1618194580078,17.790924072265625,4.9519195556640625,1,-1,-1,-1
1141,9,302.69415283203125,172.95455932617188,15.161224365234375,3.7442474365234375,1,-1,-1,-1
1161,9,284.0827941894531,170.8462677001953,14.7633056640625,3.7675628662109375,1,-1,-1,-1
1161,10,433.4495849609375,143.8627471923828,22.969970703125,5.7963409423828125,1,-1,-1,-1
1181,9,278.0606689453125,170.96075439453125,13.452850341796875,3.4723052978515625,1,-1,-1,-1
1181,10,432.9736328125,129.3325653076172,20.18585205078125,6.1995086669921875,1,-1,-1,-1
1201,9,277.1770935058594,170.8726806640625,13.21240234375,3.6481170654296875,1,-1,-1,-1
1201,10,433.4499816894531,119.44747161865234,21.88812255859375,6.134635925292969,1,-1,-1,-1
1221,9,268.66790771484375,170.17822265625,14.81890869140625,4.027435302734375,1,-1,-1,-1
1221,10,428.1676940917969,119.74739074707031,21.802276611328125,6.219291687011719,1,-1,-1,-1
1241,9,251.7544403076172,170.0066680908203,14.805130004882812,3.9526824951171875,1,-1,-1,-1
1241,10,413.3088684082031,118.7479248046875,21.448150634765625,6.326728820800781,1,-1,-1,-1
1261,10,389.5682373046875,117.19710540771484,23.3197021484375,6.33050537109375,1,-1,-1,-1
1281,10,367.52593994140625,115.79827880859375,19.58868408203125,6.454193115234375,1,-1,-1,-1
1321,10,329.6900939941406,116.305419921875,22.055450439453125,6.641731262207031,1,-1,-1,-1
1341,10,326.5718994140625,127.64305114746094,23.26763916015625,6.0061187744140625,1,-1,-1,-1
1361,10,327.719970703125,141.72935485839844,19.85809326171875,5.9460601806640625,1,-1,-1,-1
1381,10,327.04638671875,149.6513671875,22.12249755859375,6.24310302734375,1,-1,-1,-1
1421,12,292.7518310546875,148.9337158203125,23.130615234375,6.7953643798828125,1,-1,-1,-1
1441,12,286.8627014160156,149.82025146484375,21.40789794921875,6.0993499755859375,1,-1,-1,-1
1461,12,284.72088623046875,150.0206298828125,20.03912353515625,6.089599609375,1,-1,-1,-1
1481,12,277.7154235839844,150.1490020751953,20.4876708984375,5.95697021484375,1,-1,-1,-1
1501,12,257.9425354003906,149.7022247314453,20.15411376953125,5.866363525390625,1,-1,-1,-1
1521,12,229.459716796875,148.29519653320312,21.763809204101562,6.05023193359375,1,-1,-1,-1
1541,12,201.2128448486328,146.59445190429688,19.359695434570312,7.4539794921875,1,-1,-1,-1
1561,12,191.85015869140625,163.64097595214844,22.136734008789062,6.01983642578125,1,-1,-1,-1
1581,12,190.7025909423828,190.76116943359375,20.707595825195312,7.5116424560546875,1,-1,-1,-1
1661,16,307.74786376953125,249.0405731201172,14.936920166015625,6.2741851806640625,1,-1,-1,-1
1681,15,166.47718811035156,169.38621520996094,18.384628295898438,5.7803955078125,1,-1,-1,-1
1681,16,326.7200012207031,248.08656311035156,19.025665283203125,5.89910888671875,1,-1,-1,-1
1701,16,347.9159240722656,246.47425842285156,18.711456298828125,6.715087890625,1,-1,-1,-1
1721,16,372.6845703125,245.97274780273438,16.8377685546875,5.9393157958984375,1,-1,-1,-1
1781,17,483.7569885253906,243.6230926513672,16.1466064453125,5.00701904296875,1,-1,-1,-1
1821,15,259.47650146484375,89.52534484863281,22.2186279296875,7.797035217285156,1,-1,-1,-1
1821,17,560.9263916015625,237.59071350097656,17.24847412109375,6.3071441650390625,1,-1,-1,-1
1841,17,585.697509765625,234.31687927246094,18.13909912109375,6.636077880859375,1,-1,-1,-1
1861,15,257.1990966796875,59.24427795410156,19.780242919921875,8.527153015136719,1,-1,-1,-1
1881,15,257.7487487792969,47.03950500488281,21.615386962890625,10.454208374023438,1,-1,-1,-1
1881,17,592.0618286132812,225.2420196533203,16.75738525390625,5.6840972900390625,1,-1,-1,-1
1901,15,287.994140625,49.72323226928711,20.4842529296875,12.967632293701172,1,-1,-1,-1
1921,15,350.82666015625,60.45794677734375,20.6695556640625,8.085784912109375,1,-1,-1,-1
1941,18,385.35760498046875,74.79338073730469,20.696624755859375,7.163169860839844,1,-1,-1,-1
1961,15,386.7484130859375,93.80180358886719,21.153961181640625,6.3095703125,1,-1,-1,-1
1961,18,386.7126770019531,93.81282806396484,21.145416259765625,6.314842224121094,1,-1,-1,-1
1981,18,386.61395263671875,108.72471618652344,20.08636474609375,6.299110412597656,1,-1,-1,-1
2001,19,570.0578002929688,233.05599975585938,17.486083984375,5.9875030517578125,1,-1,-1,-1
2021,18,416.00201416015625,108.98822784423828,21.258758544921875,7.678131103515625,1,-1,-1,-1
2021,19,568.9842529296875,231.73451232910156,17.3521728515625,5.703582763671875,1,-1,-1,-1
2041,18,453.2087707519531,112.57650756835938,19.154510498046875,6.528327941894531,1,-1,-1,-1
2041,19,564.5808715820312,230.14889526367188,18.723388671875,6.4373931884765625,1,-1,-1,-1
2061,18,493.3207702636719,112.58155822753906,20.507232666015625,9.599052429199219,1,-1,-1,-1
2081,19,559.273193359375,229.7492218017578,18.93017578125,6.4259796142578125,1,-1,-1,-1
2101,18,491.7628173828125,110.01524353027344,33.26409912109375,12.107879638671875,1,-1,-1,-1
2101,19,560.015625,229.66195678710938,18.03045654296875,6.041412353515625,1,-1,-1,-1
2141,20,504.9172668457031,97.33367156982422,18.812713623046875,5.587257385253906,1,-1,-1,-1
2161,20,505.7580871582031,97.45548248291016,19.918365478515625,5.623664855957031,1,-1,-1,-1
