1,1,328.82275390625,141.38084411621094,9.571441650390625,5.52813720703125,1,-1,-1,-1
21,1,330.1288146972656,142.1130828857422,8.195281982421875,4.8867340087890625,1,-1,-1,-1
41,1,330.70526123046875,142.00392150878906,9.224395751953125,5.3338623046875,1,-1,-1,-1
61,1,333.22265625,142.72201538085938,8.2979736328125,4.7831268310546875,1,-1,-1,-1
81,1,336.68060302734375,142.5193634033203,8.20001220703125,4.5566558837890625,1,-1,-1,-1
101,1,340.54742431640625,143.41705322265625,8.32281494140625,4.37274169921875,1,-1,-1,-1
101,2,223.64907836914062,194.2412567138672,7.317962646484375,3.6827392578125,1,-1,-1,-1
121,2,223.94155883789062,190.26937866210938,7.1245574951171875,3.9216461181640625,1,-1,-1,-1
141,1,349.4105224609375,144.029052734375,9.379791259765625,4.1084442138671875,1,-1,-1,-1
161,1,354.11529541015625,144.1214141845703,8.2177734375,5.003692626953125,1,-1,-1,-1
201,3,275.70111083984375,179.00523376464844,8.46923828125,3.993438720703125,1,-1,-1,-1
221,3,291.666748046875,177.62936401367188,8.145233154296875,4.3343353271484375,1,-1,-1,-1
241,3,305.6214294433594,177.0873260498047,7.479583740234375,4.5733184814453125,1,-1,-1,-1
261,3,317.8592529296875,176.5519561767578,7.5850830078125,3.7240753173828125,1,-1,-1,-1
281,3,329.06524658203125,175.5784912109375,8.51708984375,4.6243743896484375,1,-1,-1,-1
301,3,339.91839599609375,176.10780334472656,8.88482666015625,4.007293701171875,1,-1,-1,-1
321,3,347.8042907714844,175.92379760742188,8.8739013671875,4.09869384765625,1,-1,-1,-1
321,4,347.8346252441406,175.92318725585938,8.916015625,4.1026458740234375,1,-1,-1,-1
381,5,394.0583801269531,142.678955078125,9.054107666015625,4.7342987060546875,1,-1,-1,-1
401,5,396.0732727050781,142.72811889648438,8.541107177734375,4.445556640625,1,-1,-1,-1
421,5,397.83746337890625,142.30126953125,7.8275146484375,4.72772216796875,1,-1,-1,-1
441,5,399.59637451171875,141.36558532714844,8.5589599609375,4.776947021484375,1,-1,-1,-1
461,5,401.92352294921875,141.4605255126953,9.064697265625,4.9223175048828125,1,-1,-1,-1
481,5,405.8053894042969,141.510986328125,9.0814208984375,4.710540771484375,1,-1,-1,-1
501,5,408.15252685546875,141.2011260986328,8.4532470703125,5.10821533203125,1,-1,-1,-1
521,5,409.64007568359375,140.65060424804688,8.862762451171875,5.593841552734375,1,-1,-1,-1
541,5,409.76531982421875,140.21502685546875,9.305877685546875,5.4795379638671875,1,-1,-1,-1
541,6,397.4415588378906,180.8765411376953,7.05291748046875,3.1993408203125,1,-1,-1,-1
581,5,413.33709716796875,141.124755859375,8.38629150390625,4.9483184814453125,1,-1,-1,-1
581,6,417.5688171386719,179.49803161621094,7.916656494140625,3.7967987060546875,1,-1,-1,-1
621,5,416.5556335449219,142.14585876464844,7.993560791015625,4.3452606201171875,1,-1,-1,-1
641,5,418.73126220703125,142.06906127929688,8.543701171875,5.109283447265625,1,-1,-1,-1
641,6,451.98089599609375,177.01255798339844,9.4259033203125,4.85809326171875,1,-1,-1,-1
661,5,420.8097839355469,142.69345092773438,9.060577392578125,4.8612060546875,1,-1,-1,-1
701,5,425.62921142578125,143.9838409423828,8.52972412109375,4.2502899169921875,1,-1,-1,-1
701,7,512.51171875,175.2443389892578,9.751953125,4.42193603515625,1,-1,-1,-1
721,5,428.0517578125,144.10739135742188,9.06866455078125,4.2571258544921875,1,-1,-1,-1
821,5,433.9613342285156,143.3643341064453,8.4478759765625,4.60009765625,1,-1,-1,-1
821,8,599.6519775390625,153.03805541992188,8.148193359375,4.4496002197265625,1,-1,-1,-1
841,8,592.2704467773438,152.66888427734375,8.88134765625,4.0546112060546875,1,-1,-1,-1
861,5,436.14947509765625,143.7245330810547,8.6712646484375,4.4553985595703125,1,-1,-1,-1
861,8,578.6781005859375,152.8951873779297,7.76715087890625,3.97772216796875,1,-1,-1,-1
881,5,436.654052734375,143.60169982910156,9.3924560546875,4.621185302734375,1,-1,-1,-1
881,8,564.1622314453125,151.5288848876953,8.84912109375,3.8889312744140625,1,-1,-1,-1
901,5,439.7349853515625,143.19088745117188,7.9254150390625,4.64837646484375,1,-1,-1,-1
901,8,548.9885864257812,148.93092346191406,9.59222412109375,4.6337127685546875,1,-1,-1,-1
921,5,444.40130615234375,143.18646240234375,8.3507080078125,4.93011474609375,1,-1,-1,-1
941,9,523.1427612304688,149.4758758544922,7.97760009765625,4.66131591796875,1,-1,-1,-1
941,10,448.77679443359375,143.9479217529297,8.73052978515625,4.080474853515625,1,-1,-1,-1
961,9,512.1261596679688,179.16554260253906,7.64630126953125,3.75244140625,1,-1,-1,-1
961,10,452.8645324707031,143.61431884765625,9.461273193359375,4.49981689453125,1,-1,-1,-1
981,9,499.41253662109375,197.3128204345703,9.81195068359375,4.29510498046875,1,-1,-1,-1
981,10,457.475341796875,143.01766967773438,8.69403076171875,4.938995361328125,1,-1,-1,-1
1001,9,485.8035888671875,196.56077575683594,9.291015625,4.5197601318359375,1,-1,-1,-1
1001,10,462.0055847167969,142.03512573242188,8.240814208984375,5.0713958740234375,1,-1,-1,-1
1021,9,469.8385925292969,195.49232482910156,9.792266845703125,4.434356689453125,1,-1,-1,-1
1021,10,466.57550048828125,141.99288940429688,8.58331298828125,5.1576995849609375,1,-1,-1,-1
1041,9,455.745849609375,197.7079620361328,7.246246337890625,4.7433929443359375,1,-1,-1,-1
1041,10,470.9169921875,141.8009490966797,9.26739501953125,5.162078857421875,1,-1,-1,-1
1061,9,440.5830383300781,201.6988067626953,7.42034912109375,4.3772430419921875,1,-1,-1,-1
1061,10,475.48077392578125,141.10089111328125,9.5389404296875,5.197265625,1,-1,-1,-1
1081,9,423.9227294921875,204.55752563476562,6.5413818359375,3.5028076171875,1,-1,-1,-1
1101,9,405.94915771484375,205.4816131591797,7.540771484375,4.2587432861328125,1,-1,-1,-1
1101,10,485.1997375488281,141.85887145996094,8.736419677734375,5.0439453125,1,-1,-1,-1
1181,10,497.4112243652344,144.91285705566406,9.7503662109375,4.6787567138671875,1,-1,-1,-1
1201,10,496.2978820800781,145.37435913085938,8.795928955078125,5.702301025390625,1,-1,-1,-1
1201,11,313.7806396484375,205.3348388671875,8.37518310546875,3.632049560546875,1,-1,-1,-1
1281,11,241.4815673828125,189.69732666015625,8.09735107421875,4.6350250244140625,1,-1,-1,-1
1321,12,500.20428466796875,157.56781005859375,9.10125732421875,4.7869110107421875,1,-1,-1,-1
1321,13,203.8516845703125,188.64102172851562,9.258377075195312,4.700775146484375,1,-1,-1,-1
1341,12,499.7870178222656,159.8540496826172,9.36553955078125,4.6905975341796875,1,-1,-1,-1
1341,13,185.5715789794922,188.34432983398438,9.80194091796875,3.903961181640625,1,-1,-1,-1
1361,12,499.2944030761719,161.70628356933594,9.105682373046875,5.376129150390625,1,-1,-1,-1
1361,13,168.71762084960938,188.63308715820312,9.189910888671875,4.3615264892578125,1,-1,-1,-1
1381,12,500.0674743652344,164.24978637695312,9.529571533203125,5.102142333984375,1,-1,-1,-1
1381,13,152.1782989501953,189.01158142089844,9.6912841796875,4.345001220703125,1,-1,-1,-1
1401,12,501.1221618652344,167.37594604492188,9.241790771484375,4.9725799560546875,1,-1,-1,-1
1401,13,136.0999755859375,190.42593383789062,6.981201171875,3.66815185546875,1,-1,-1,-1
1421,12,501.47576904296875,169.67822265625,9.259246826171875,5.5540618896484375,1,-1,-1,-1
1441,12,501.2928771972656,172.7595672607422,9.194183349609375,4.72796630859375,1,-1,-1,-1
1481,14,501.28558349609375,178.14341735839844,9.615936279296875,4.9688262939453125,1,-1,-1,-1
1501,14,500.9559326171875,181.7534942626953,9.773162841796875,4.579498291015625,1,-1,-1,-1
1521,14,499.0616149902344,184.9536895751953,9.804168701171875,4.58233642578125,1,-1,-1,-1
1541,14,499.1849060058594,187.95730590820312,8.761993408203125,5.0754241943359375,1,-1,-1,-1
1581,14,501.53955078125,194.33544921875,9.5123291015625,5.18927001953125,1,-1,-1,-1
1601,14,502.0260925292969,198.64035034179688,8.85003662109375,5.1022796630859375,1,-1,-1,-1
1621,14,502.1280212402344,202.0105743408203,9.03350830078125,4.9482269287109375,1,-1,-1,-1
1641,15,388.47381591796875,202.67376708984375,8.83477783203125,4.1096954345703125,1,-1,-1,-1
1661,15,382.4720458984375,192.96424865722656,7.277587890625,4.169525146484375,1,-1,-1,-1
1741,17,331.50274658203125,187.8843231201172,7.8997802734375,3.843841552734375,1,-1,-1,-1
1741,18,541.34619140625,205.59829711914062,8.85113525390625,4.5394134521484375,1,-1,-1,-1
1761,17,311.7845458984375,187.80625915527344,7.821533203125,3.8642730712890625,1,-1,-1,-1
1761,18,554.3624267578125,205.01571655273438,9.44793701171875,5.007232666015625,1,-1,-1,-1
1781,17,289.33917236328125,187.79531860351562,8.486907958984375,3.963653564453125,1,-1,-1,-1
1781,18,570.6135864257812,204.6189422607422,8.641845703125,4.8917999267578125,1,-1,-1,-1
1801,17,268.4356384277344,187.82823181152344,7.581329345703125,3.4827880859375,1,-1,-1,-1
1801,18,587.156982421875,204.61289978027344,9.0667724609375,4.5474700927734375,1,-1,-1,-1
1821,17,247.25439453125,188.16639709472656,7.888336181640625,4.098846435546875,1,-1,-1,-1
1821,18,603.718994140625,204.85430908203125,9.0045166015625,4.5178680419921875,1,-1,-1,-1
1841,17,226.1693572998047,188.83494567871094,8.120529174804688,3.2361907958984375,1,-1,-1,-1
1881,19,180.3225860595703,188.7068328857422,8.398101806640625,3.44207763671875,1,-1,-1,-1
1901,19,157.39352416992188,189.1090545654297,8.044876098632812,3.9837493896484375,1,-1,-1,-1
1921,19,133.9495849609375,188.5643768310547,9.767822265625,4.7107696533203125,1,-1,-1,-1
1981,20,93.57166290283203,177.4186248779297,9.072723388671875,4.1021881103515625,1,-1,-1,-1
2001,20,108.82528686523438,170.13906860351562,6.90948486328125,4.063018798828125,1,-1,-1,-1
2021,20,139.74505615234375,169.753173828125,7.89129638671875,4.9905242919921875,1,-1,-1,-1
2061,20,235.55372619628906,170.99526977539062,8.134078979492188,4.2559814453125,1,-1,-1,-1
2081,20,292.1488037109375,171.37139892578125,7.814666748046875,4.2791595458984375,1,-1,-1,-1
2201,21,468.8770751953125,155.9395294189453,9.415802001953125,4.1053314208984375,1,-1,-1,-1
2221,21,481.63250732421875,157.11322021484375,9.2490234375,4.5017852783203125,1,-1,-1,-1
2261,21,475.860107421875,176.67332458496094,8.7249755859375,4.467041015625,1,-1,-1,-1
2321,22,541.2642211914062,181.42648315429688,7.78619384765625,4.518218994140625,1,-1,-1,-1
2381,22,581.032958984375,171.57229614257812,8.57861328125,5.4361114501953125,1,-1,-1,-1
2461,23,216.5157928466797,34.53163146972656,6.277191162109375,4.940441131591797,1,-1,-1,-1
2481,24,547.46435546875,206.6432342529297,9.94110107421875,3.864013671875,1,-1,-1,-1
2501,24,523.4335327148438,206.2307586669922,8.78314208984375,3.95086669921875,1,-1,-1,-1
2521,24,499.7781066894531,206.83770751953125,9.722198486328125,3.8827667236328125,1,-1,-1,-1
2541,24,481.3852233886719,207.2270965576172,9.62274169921875,4.1558380126953125,1,-1,-1,-1
2601,24,432.6346435546875,205.92315673828125,8.84210205078125,4.3438568115234375,1,-1,-1,-1
2641,24,405.83746337890625,205.11599731445312,8.7520751953125,4.13372802734375,1,-1,-1,-1
2661,24,394.5257568359375,204.8170166015625,8.415771484375,3.352294921875,1,-1,-1,-1
2661,25,552.3716430664062,116.49369812011719,9.7415771484375,5.086997985839844,1,-1,-1,-1
2681,25,552.828857421875,115.50619506835938,9.3890380859375,4.6456146240234375,1,-1,-1,-1
