1,1,214.3680419921875,216.185302734375,13.417892456054688,5.952178955078125,1,-1,-1,-1
1,2,331.4152526855469,190.65057373046875,24.248870849609375,10.069412231445312,1,-1,-1,-1
21,1,215.12916564941406,216.7001953125,12.888442993164062,5.1886749267578125,1,-1,-1,-1
21,2,335.82452392578125,191.93763732910156,27.944091796875,10.173294067382812,1,-1,-1,-1
41,1,214.83316040039062,216.01576232910156,14.045303344726562,5.850128173828125,1,-1,-1,-1
41,2,335.0262451171875,192.275634765625,21.94677734375,10.528457641601562,1,-1,-1,-1
61,1,215.42823791503906,216.33657836914062,12.827041625976562,5.3340301513671875,1,-1,-1,-1
61,2,331.134521484375,193.9702911376953,25.921722412109375,9.0150146484375,1,-1,-1,-1
81,1,214.01930236816406,216.65953063964844,15.060379028320312,5.6021728515625,1,-1,-1,-1
81,2,327.0271301269531,192.56515502929688,24.261474609375,9.533905029296875,1,-1,-1,-1
101,1,217.99029541015625,216.4665985107422,13.6256103515625,6.0527801513671875,1,-1,-1,-1
101,2,287.66046142578125,191.71253967285156,23.70751953125,10.7579345703125,1,-1,-1,-1
121,1,233.11912536621094,192.38363647460938,27.646682739257812,10.034591674804688,1,-1,-1,-1
121,2,233.11483764648438,192.3592071533203,27.569244384765625,9.944137573242188,1,-1,-1,-1
201,3,373.5393981933594,219.9788360595703,13.5623779296875,4.777679443359375,1,-1,-1,-1
201,4,153.1697998046875,175.9817352294922,26.23260498046875,11.07904052734375,1,-1,-1,-1
221,3,396.53497314453125,220.84854125976562,12.3284912109375,5.17108154296875,1,-1,-1,-1
221,4,181.5683135986328,161.94622802734375,24.586380004882812,10.914794921875,1,-1,-1,-1
241,3,408.81854248046875,241.88026428222656,14.294830322265625,5.47576904296875,1,-1,-1,-1
241,4,214.47796630859375,143.5578155517578,24.8944091796875,11.200973510742188,1,-1,-1,-1
261,3,411.07342529296875,285.0060729980469,13.2733154296875,5.037872314453125,1,-1,-1,-1
261,4,253.92294311523438,125.4228515625,25.436859130859375,10.392440795898438,1,-1,-1,-1
281,3,413.7381286621094,320.33135986328125,14.647918701171875,4.818603515625,1,-1,-1,-1
281,4,302.2693786621094,119.79554748535156,24.235809326171875,11.388916015625,1,-1,-1,-1
301,3,409.5088195800781,334.22796630859375,13.865264892578125,5.531707763671875,1,-1,-1,-1
301,4,352.0434265136719,118.795166015625,25.4447021484375,11.689926147460938,1,-1,-1,-1
321,3,365.9241943359375,334.04931640625,14.1943359375,5.679412841796875,1,-1,-1,-1
321,4,384.7320556640625,128.61251831054688,24.037322998046875,11.927536010742188,1,-1,-1,-1
341,3,299.9149169921875,335.09478759765625,12.763275146484375,4.83685302734375,1,-1,-1,-1
361,3,226.50186157226562,334.2352294921875,13.341751098632812,5.336456298828125,1,-1,-1,-1
361,5,226.4844512939453,334.2723693847656,13.352584838867188,5.324249267578125,1,-1,-1,-1
381,3,156.09368896484375,319.9532470703125,14.870498657226562,4.623138427734375,1,-1,-1,-1
381,5,156.1018524169922,319.9813537597656,14.803115844726562,4.608551025390625,1,-1,-1,-1
401,5,128.0276641845703,266.4959716796875,13.915771484375,5.22265625,1,-1,-1,-1
421,6,326.96539306640625,238.81488037109375,24.966064453125,10.357696533203125,1,-1,-1,-1
441,6,328.1002502441406,237.50682067871094,25.83380126953125,8.053970336914062,1,-1,-1,-1
461,5,160.84222412109375,187.4069061279297,14.647445678710938,6.6541595458984375,1,-1,-1,-1
461,6,315.4906005859375,222.00390625,27.118316650390625,10.295700073242188,1,-1,-1,-1
481,6,276.7995910644531,207.76930236816406,27.511199951171875,9.732589721679688,1,-1,-1,-1
501,6,222.34390258789062,189.142333984375,56.2080078125,12.392288208007812,1,-1,-1,-1
541,5,381.72271728515625,187.13877868652344,13.57183837890625,6.24224853515625,1,-1,-1,-1
541,6,183.11080932617188,192.42884826660156,191.3170166015625,7.8989105224609375,1,-1,-1,-1
561,6,147.93536376953125,211.65304565429688,239.2159423828125,8.381362915039062,1,-1,-1,-1
581,6,149.8519744873047,224.5886993408203,239.2630157470703,25.671951293945312,1,-1,-1,-1
601,7,411.74627685546875,304.4331970214844,15.078521728515625,5.3997802734375,1,-1,-1,-1
621,7,412.00848388671875,326.798828125,12.91900634765625,5.37286376953125,1,-1,-1,-1
641,7,387.3980712890625,325.4532470703125,14.72723388671875,6.468963623046875,1,-1,-1,-1
661,7,341.6407470703125,328.07403564453125,12.763214111328125,4.929290771484375,1,-1,-1,-1
661,8,130.82806396484375,272.4336853027344,16.595138549804688,6.003997802734375,1,-1,-1,-1
681,7,293.1614074707031,328.8585510253906,14.040863037109375,5.06451416015625,1,-1,-1,-1
681,8,156.24496459960938,273.5555725097656,17.207489013671875,5.5589599609375,1,-1,-1,-1
701,7,243.97140502929688,329.0012512207031,13.25531005859375,5.60369873046875,1,-1,-1,-1
701,8,183.49655151367188,259.92138671875,18.280914306640625,7.336639404296875,1,-1,-1,-1
721,7,193.17523193359375,329.0522766113281,16.172119140625,5.724884033203125,1,-1,-1,-1
741,7,149.8208465576172,329.4929504394531,13.971054077148438,5.65234375,1,-1,-1,-1
741,9,149.80406188964844,329.51263427734375,13.99041748046875,5.637420654296875,1,-1,-1,-1
741,10,220.90155029296875,250.0509796142578,19.566116333007812,8.387283325195312,1,-1,-1,-1
781,7,124.79808807373047,330.5011901855469,14.286842346191406,4.6881103515625,1,-1,-1,-1
781,9,124.81451416015625,330.4975891113281,14.276657104492188,4.705413818359375,1,-1,-1,-1
801,7,125.44097900390625,330.3751220703125,15.052398681640625,5.0145263671875,1,-1,-1,-1
801,9,125.4007568359375,330.3057861328125,15.132049560546875,5.089996337890625,1,-1,-1,-1
801,10,323.98529052734375,245.8380126953125,19.03936767578125,7.5047760009765625,1,-1,-1,-1
821,7,160.52780151367188,329.3241271972656,15.10498046875,6.095794677734375,1,-1,-1,-1
821,9,160.53271484375,329.3104553222656,15.113983154296875,6.09588623046875,1,-1,-1,-1
821,10,338.7986755371094,238.71734619140625,17.766876220703125,6.9808807373046875,1,-1,-1,-1
861,9,266.0721130371094,331.42291259765625,13.0919189453125,5.3734130859375,1,-1,-1,-1
901,9,369.57135009765625,329.6144714355469,13.502197265625,5.733612060546875,1,-1,-1,-1
941,7,450.1837463378906,328.62286376953125,14.238983154296875,5.38433837890625,1,-1,-1,-1
941,9,450.175048828125,328.62237548828125,14.277191162109375,5.37554931640625,1,-1,-1,-1
961,12,284.8512878417969,149.5662841796875,22.0628662109375,11.297378540039062,1,-1,-1,-1
981,11,403.4375,328.98712158203125,16.0452880859375,5.34149169921875,1,-1,-1,-1
981,12,265.0998229980469,143.93527221679688,22.171478271484375,11.044692993164062,1,-1,-1,-1
1001,12,233.94366455078125,141.33486938476562,21.351287841796875,10.659149169921875,1,-1,-1,-1
1041,12,197.16104125976562,140.4190216064453,22.725296020507812,10.563568115234375,1,-1,-1,-1
1061,12,217.4637451171875,144.55191040039062,21.504776000976562,10.5379638671875,1,-1,-1,-1
1081,12,253.3497772216797,147.59039306640625,22.179946899414062,11.114013671875,1,-1,-1,-1
1101,12,297.2821960449219,150.68301391601562,19.911346435546875,9.07928466796875,1,-1,-1,-1
1121,13,120.97736358642578,333.06402587890625,13.688377380371094,4.8782958984375,1,-1,-1,-1
1141,12,343.4739990234375,176.8140869140625,21.26458740234375,10.37774658203125,1,-1,-1,-1
1141,13,141.26638793945312,318.1476745605469,14.620880126953125,5.007476806640625,1,-1,-1,-1
1161,12,353.51348876953125,203.5694580078125,21.440673828125,9.18902587890625,1,-1,-1,-1
1161,13,184.14352416992188,315.5830383300781,13.446014404296875,4.220367431640625,1,-1,-1,-1
1181,13,235.0657958984375,313.9883728027344,14.763336181640625,6.0777587890625,1,-1,-1,-1
1201,13,256.73486328125,313.7591552734375,14.696746826171875,5.55145263671875,1,-1,-1,-1
1221,12,378.61016845703125,264.9393005371094,23.44342041015625,8.932830810546875,1,-1,-1,-1
1221,13,272.4630432128906,313.5858459472656,14.061492919921875,5.421661376953125,1,-1,-1,-1
1241,13,306.7313537597656,314.27777099609375,12.327606201171875,4.744659423828125,1,-1,-1,-1
1241,14,384.1921691894531,286.5465087890625,23.706573486328125,9.46124267578125,1,-1,-1,-1
1261,13,358.05230712890625,313.27520751953125,15.291656494140625,5.1531982421875,1,-1,-1,-1
1261,14,377.2945556640625,288.9416198730469,27.3675537109375,9.55535888671875,1,-1,-1,-1
1281,13,335.3418273925781,296.8321228027344,28.5015869140625,9.56927490234375,1,-1,-1,-1
1281,14,335.404541015625,296.8514709472656,28.427978515625,9.566070556640625,1,-1,-1,-1
1301,14,264.35821533203125,310.82171630859375,30.6746826171875,8.575531005859375,1,-1,-1,-1
1341,14,195.9447479248047,304.6181945800781,31.3336181640625,10.23663330078125,1,-1,-1,-1
1421,15,200.26522827148438,218.73130798339844,34.6600341796875,12.823455810546875,1,-1,-1,-1
1441,15,217.57928466796875,230.29698181152344,30.07275390625,12.721771240234375,1,-1,-1,-1
1461,15,244.36819458007812,240.71202087402344,29.39666748046875,11.154296875,1,-1,-1,-1
1481,15,270.58782958984375,258.9700622558594,25.528594970703125,7.715850830078125,1,-1,-1,-1
1481,16,155.2928009033203,337.8761291503906,13.940200805664062,4.781585693359375,1,-1,-1,-1
1501,15,280.856689453125,263.9372863769531,23.81866455078125,6.790191650390625,1,-1,-1,-1
1501,16,150.72523498535156,331.1892395019531,11.915390014648438,4.69805908203125,1,-1,-1,-1
1521,16,114.3666000366211,331.2299499511719,13.469711303710938,5.02764892578125,1,-1,-1,-1
1541,16,72.72276306152344,331.44915771484375,12.896278381347656,4.272674560546875,1,-1,-1,-1
1561,16,69.16873168945312,330.2691955566406,14.196098327636719,5.190277099609375,1,-1,-1,-1
1581,16,97.62495422363281,328.747314453125,18.2088623046875,5.5804443359375,1,-1,-1,-1
1581,17,97.65289306640625,328.74285888671875,18.196548461914062,5.586517333984375,1,-1,-1,-1
1601,16,142.10671997070312,328.4307556152344,11.229446411132812,4.5001220703125,1,-1,-1,-1
1601,17,142.08436584472656,328.437744140625,11.278076171875,4.497100830078125,1,-1,-1,-1
1621,17,179.6768341064453,326.32867431640625,15.93475341796875,5.6162109375,1,-1,-1,-1
1641,16,189.99269104003906,328.1543273925781,13.04718017578125,4.72357177734375,1,-1,-1,-1
1641,17,189.98565673828125,328.152587890625,13.046600341796875,4.72503662109375,1,-1,-1,-1
1641,18,301.5679626464844,196.8528289794922,17.801055908203125,8.779281616210938,1,-1,-1,-1
1661,16,191.92782592773438,329.3792724609375,14.287918090820312,4.98699951171875,1,-1,-1,-1
1661,17,191.9190216064453,329.38018798828125,14.287673950195312,4.988677978515625,1,-1,-1,-1
1661,18,318.2157897949219,190.84197998046875,20.268646240234375,7.4886016845703125,1,-1,-1,-1
1681,16,194.21926879882812,329.7704162597656,12.611953735351562,4.93255615234375,1,-1,-1,-1
1681,17,194.21714782714844,329.7748718261719,12.617843627929688,4.9305419921875,1,-1,-1,-1
1701,16,193.77084350585938,329.5369873046875,14.384994506835938,5.310791015625,1,-1,-1,-1
1701,17,193.75765991210938,329.5389404296875,14.4171142578125,5.307342529296875,1,-1,-1,-1
1721,16,196.88973999023438,330.1076965332031,13.571853637695312,4.83673095703125,1,-1,-1,-1
1721,17,196.89315795898438,330.1083984375,13.578262329101562,4.83660888671875,1,-1,-1,-1
1741,16,195.54641723632812,329.741943359375,15.109375,5.120819091796875,1,-1,-1,-1
1741,17,195.54507446289062,329.743408203125,15.107208251953125,5.12060546875,1,-1,-1,-1
1761,16,195.33363342285156,329.3356628417969,13.023574829101562,5.530853271484375,1,-1,-1,-1
1761,17,195.3323516845703,329.3356628417969,13.02459716796875,5.53216552734375,1,-1,-1,-1
1781,19,251.81985473632812,196.8965606689453,19.90814208984375,6.939971923828125,1,-1,-1,-1
1781,20,199.90762329101562,328.69183349609375,14.404449462890625,5.625701904296875,1,-1,-1,-1
1801,19,256.14630126953125,176.27276611328125,21.60797119140625,8.320404052734375,1,-1,-1,-1
1801,20,216.6427459716797,325.1858825683594,13.692626953125,5.770751953125,1,-1,-1,-1
1821,19,252.32537841796875,152.03182983398438,22.393157958984375,11.229461669921875,1,-1,-1,-1
1821,20,226.9336700439453,301.4768371582031,12.477066040039062,5.191650390625,1,-1,-1,-1
1841,19,208.20529174804688,129.0701141357422,23.229461669921875,13.2978515625,1,-1,-1,-1
1841,20,229.0640869140625,299.29443359375,15.084075927734375,5.007080078125,1,-1,-1,-1
1861,19,164.0343017578125,117.01128387451172,25.332687377929688,11.118721008300781,1,-1,-1,-1
1861,20,242.86126708984375,287.9959411621094,15.52880859375,4.65789794921875,1,-1,-1,-1
1881,19,171.37741088867188,116.60820770263672,27.718017578125,10.621871948242188,1,-1,-1,-1
1901,19,209.69198608398438,115.47661590576172,28.028976440429688,12.708595275878906,1,-1,-1,-1
1901,20,283.7222900390625,269.88299560546875,12.466400146484375,4.80609130859375,1,-1,-1,-1
1961,19,301.68994140625,120.04206085205078,25.7744140625,12.649467468261719,1,-1,-1,-1
1981,19,280.6915588378906,120.15182495117188,26.154083251953125,12.920013427734375,1,-1,-1,-1
1981,21,363.5079650878906,243.07630920410156,12.75762939453125,5.6220855712890625,1,-1,-1,-1
