1,1,197.93490600585938,72.66092681884766,21.4278564453125,12.380409240722656,1,-1,-1,-1
21,1,194.63058471679688,73.28119659423828,23.643112182617188,12.021583557128906,1,-1,-1,-1
41,1,193.16241455078125,72.18992614746094,22.854400634765625,12.290313720703125,1,-1,-1,-1
61,1,194.84230041503906,72.9209976196289,21.241073608398438,11.312835693359375,1,-1,-1,-1
81,1,192.15731811523438,71.89501190185547,20.852447509765625,13.022056579589844,1,-1,-1,-1
101,1,145.9827117919922,75.945068359375,24.19842529296875,9.769248962402344,1,-1,-1,-1
121,1,146.10340881347656,76.5159912109375,23.062973022460938,10.275848388671875,1,-1,-1,-1
141,2,146.70285034179688,59.215213775634766,24.53466796875,10.580562591552734,1,-1,-1,-1
161,2,148.70179748535156,40.98856735229492,23.55926513671875,12.40555191040039,1,-1,-1,-1
181,1,142.51646423339844,35.15800857543945,23.739654541015625,12.533149719238281,1,-1,-1,-1
181,2,142.58444213867188,35.18109893798828,23.637161254882812,12.482559204101562,1,-1,-1,-1
201,2,74.09819030761719,37.61975860595703,22.065139770507812,12.456363677978516,1,-1,-1,-1
201,3,440.0832824707031,157.42076110839844,26.754669189453125,13.646041870117188,1,-1,-1,-1
221,2,41.96228790283203,40.10268020629883,25.976409912109375,12.84246826171875,1,-1,-1,-1
221,3,385.4781494140625,143.92901611328125,26.1956787109375,14.106597900390625,1,-1,-1,-1
241,2,47.786231994628906,64.40746307373047,25.5211181640625,12.662025451660156,1,-1,-1,-1
241,3,309.25054931640625,138.1993408203125,28.622528076171875,12.71954345703125,1,-1,-1,-1
261,3,298.9803466796875,134.87326049804688,28.8182373046875,14.040756225585938,1,-1,-1,-1
281,2,51.658790588378906,139.1688232421875,23.581932067871094,11.341354370117188,1,-1,-1,-1
281,3,301.07354736328125,129.4539337158203,27.398101806640625,15.330062866210938,1,-1,-1,-1
301,2,44.71323013305664,202.93600463867188,24.59921646118164,11.386672973632812,1,-1,-1,-1
301,3,304.1747131347656,126.37409973144531,26.525177001953125,14.099777221679688,1,-1,-1,-1
321,4,15.636953353881836,288.2703857421875,28.3301944732666,10.5023193359375,1,-1,-1,-1
341,4,10.787447929382324,310.39154052734375,29.176331520080566,10.008270263671875,1,-1,-1,-1
381,3,445.18243408203125,118.69819641113281,30.488800048828125,13.5489501953125,1,-1,-1,-1
381,5,35.4665412902832,321.0542907714844,27.28146743774414,9.500518798828125,1,-1,-1,-1
401,3,491.9099426269531,116.09230041503906,32.531829833984375,13.594924926757812,1,-1,-1,-1
401,5,41.36237335205078,274.7015380859375,26.19109344482422,10.08953857421875,1,-1,-1,-1
421,3,571.5327758789062,113.14269256591797,33.3785400390625,14.495429992675781,1,-1,-1,-1
421,5,47.40312576293945,238.9558563232422,23.771831512451172,9.827911376953125,1,-1,-1,-1
481,6,53.52012634277344,140.61026000976562,25.391937255859375,9.918060302734375,1,-1,-1,-1
501,6,57.63631820678711,113.22007751464844,25.08749008178711,11.807899475097656,1,-1,-1,-1
521,6,64.13539123535156,105.19251251220703,23.47394561767578,11.115226745605469,1,-1,-1,-1
541,6,71.53245544433594,73.33527374267578,22.21094512939453,12.015426635742188,1,-1,-1,-1
561,6,75.26332092285156,42.900062561035156,21.49456024169922,11.191650390625,1,-1,-1,-1
581,6,94.55253601074219,37.227386474609375,17.886199951171875,12.512420654296875,1,-1,-1,-1
601,7,522.2842407226562,52.15628433227539,37.5906982421875,17.72524642944336,1,-1,-1,-1
621,7,534.8179931640625,33.49945068359375,38.36480712890625,18.75527572631836,1,-1,-1,-1
641,7,563.970703125,-4.1618475914001465,34.90740966796875,23.680203914642334,1,-1,-1,-1
661,7,563.5127563476562,-3.8601338863372803,40.21112060546875,24.84849715232849,1,-1,-1,-1
681,7,554.5491943359375,28.195310592651367,33.27667236328125,21.25377082824707,1,-1,-1,-1
701,7,531.5252075195312,78.26339721679688,34.29888916015625,17.07000732421875,1,-1,-1,-1
721,6,176.06015014648438,267.94073486328125,22.807525634765625,9.011199951171875,1,-1,-1,-1
741,6,175.06121826171875,284.24102783203125,22.6380615234375,9.52734375,1,-1,-1,-1
741,7,487.25714111328125,160.0844268798828,27.90032958984375,12.87762451171875,1,-1,-1,-1
741,8,174.97909545898438,284.280517578125,22.60821533203125,9.554473876953125,1,-1,-1,-1
761,8,183.7548065185547,285.588623046875,22.893112182617188,8.5224609375,1,-1,-1,-1
801,8,270.3050537109375,281.4849548339844,21.66717529296875,5.85455322265625,1,-1,-1,-1
801,9,484.49053955078125,162.20892333984375,24.357147216796875,13.550125122070312,1,-1,-1,-1
821,8,334.20721435546875,275.2829284667969,22.305694580078125,7.395416259765625,1,-1,-1,-1
821,9,485.3668212890625,149.65711975097656,25.01959228515625,15.914566040039062,1,-1,-1,-1
841,8,405.0592346191406,269.5842590332031,21.709442138671875,8.17340087890625,1,-1,-1,-1
841,9,454.9122619628906,147.63253784179688,27.597564697265625,14.857666015625,1,-1,-1,-1
861,8,479.296875,263.2076416015625,22.067718505859375,8.376953125,1,-1,-1,-1
861,9,387.3056640625,154.89752197265625,26.92657470703125,13.876373291015625,1,-1,-1,-1
881,9,318.38232421875,163.9002227783203,26.0531005859375,14.725921630859375,1,-1,-1,-1
941,9,192.44744873046875,207.1841278076172,27.667587280273438,11.02764892578125,1,-1,-1,-1
981,10,373.5078430175781,163.31472778320312,22.833038330078125,10.103897094726562,1,-1,-1,-1
1001,10,319.6659851074219,147.1397247314453,21.531768798828125,11.094711303710938,1,-1,-1,-1
1021,11,262.64874267578125,242.85789489746094,26.283538818359375,8.644561767578125,1,-1,-1,-1
1041,10,206.99288940429688,138.7455596923828,19.459457397460938,11.147064208984375,1,-1,-1,-1
1041,11,295.8192443847656,240.15699768066406,26.8623046875,9.376052856445312,1,-1,-1,-1
1101,10,106.89181518554688,267.6842041015625,24.054977416992188,9.336517333984375,1,-1,-1,-1
1121,10,105.37232971191406,331.89520263671875,25.508743286132812,9.17755126953125,1,-1,-1,-1
1141,10,128.54151916503906,337.12701416015625,24.717193603515625,9.269256591796875,1,-1,-1,-1
1181,13,425.1911926269531,167.9610137939453,27.873687744140625,12.80084228515625,1,-1,-1,-1
1201,13,419.9149169921875,156.85787963867188,33.776031494140625,13.852127075195312,1,-1,-1,-1
1261,13,408.78009033203125,113.71896362304688,28.26141357421875,13.184349060058594,1,-1,-1,-1
1261,14,266.00469970703125,247.450927734375,21.14117431640625,7.508087158203125,1,-1,-1,-1
1281,13,408.57855224609375,111.72321319580078,28.674102783203125,12.757530212402344,1,-1,-1,-1
1301,14,261.5588073730469,174.72279357910156,22.665924072265625,8.96337890625,1,-1,-1,-1
1321,14,259.0797424316406,152.2392120361328,24.79718017578125,11.042465209960938,1,-1,-1,-1
1361,13,387.58929443359375,109.76607513427734,27.369171142578125,12.669517517089844,1,-1,-1,-1
1361,14,260.3922424316406,166.73292541503906,22.056060791015625,9.560104370117188,1,-1,-1,-1
1361,15,260.373046875,166.7415008544922,22.014312744140625,9.541961669921875,1,-1,-1,-1
1381,13,371.52520751953125,104.53599548339844,26.3699951171875,13.605323791503906,1,-1,-1,-1
1381,15,262.1600036621094,159.17288208007812,21.483856201171875,8.957489013671875,1,-1,-1,-1
1401,13,352.99346923828125,78.73958587646484,29.9578857421875,15.728080749511719,1,-1,-1,-1
1441,13,296.3822937011719,14.458155632019043,37.009307861328125,23.543824195861816,1,-1,-1,-1
1461,13,240.10931396484375,1.8789088726043701,34.78302001953125,24.829083681106567,1,-1,-1,-1
1481,13,231.08367919921875,-2.9143388271331787,36.8912353515625,23.74742865562439,1,-1,-1,-1
1481,16,232.95533752441406,222.47267150878906,22.247589111328125,7.7884063720703125,1,-1,-1,-1
1501,13,234.47511291503906,-4.635762691497803,38.44960021972656,18.988515377044678,1,-1,-1,-1
1501,16,192.22097778320312,225.6864471435547,22.862167358398438,9.129425048828125,1,-1,-1,-1
1521,13,242.7237548828125,-2.9367787837982178,36.7606201171875,25.177032232284546,1,-1,-1,-1
1521,16,145.91001892089844,228.43190002441406,23.926101684570312,9.683761596679688,1,-1,-1,-1
1541,13,261.0577087402344,26.888748168945312,29.775299072265625,17.998241424560547,1,-1,-1,-1
1541,16,96.40303802490234,231.75961303710938,25.003509521484375,9.481155395507812,1,-1,-1,-1
1561,13,278.26373291015625,54.69425964355469,30.164031982421875,19.39598846435547,1,-1,-1,-1
1561,16,84.61355590820312,231.62806701660156,24.655548095703125,10.430389404296875,1,-1,-1,-1
1581,16,120.52277374267578,230.52468872070312,22.540550231933594,9.6131591796875,1,-1,-1,-1
1601,13,314.6042175292969,117.48696899414062,24.0753173828125,13.632461547851562,1,-1,-1,-1
1621,13,328.3236083984375,146.40548706054688,23.8172607421875,11.956512451171875,1,-1,-1,-1
1621,16,129.20663452148438,187.25709533691406,22.847991943359375,10.445587158203125,1,-1,-1,-1
1641,13,342.5501708984375,174.6404571533203,22.01727294921875,11.176956176757812,1,-1,-1,-1
1641,16,127.64293670654297,167.7336883544922,22.79607391357422,9.146957397460938,1,-1,-1,-1
1681,16,93.25982666015625,150.66465759277344,30.68628692626953,13.7034912109375,1,-1,-1,-1
1701,16,97.39188385009766,183.85751342773438,31.41742706298828,12.860015869140625,1,-1,-1,-1
1721,17,292.26385498046875,214.54689025878906,17.544464111328125,6.6231689453125,1,-1,-1,-1
1761,17,255.20901489257812,216.23635864257812,17.125701904296875,7.4211883544921875,1,-1,-1,-1
1781,16,408.0317687988281,142.16412353515625,24.702362060546875,12.533905029296875,1,-1,-1,-1
1781,17,255.6897735595703,212.606689453125,18.816696166992188,7.9675750732421875,1,-1,-1,-1
1801,16,405.3341369628906,69.95957946777344,26.7008056640625,12.957916259765625,1,-1,-1,-1
1821,16,397.4228515625,39.13714599609375,23.14178466796875,15.282272338867188,1,-1,-1,-1
1841,16,330.0338439941406,41.1351203918457,22.24365234375,14.226554870605469,1,-1,-1,-1
1841,18,281.2028503417969,237.2295379638672,15.4498291015625,6.067626953125,1,-1,-1,-1
1861,16,225.70602416992188,36.560142517089844,26.21112060546875,15.263595581054688,1,-1,-1,-1
1941,18,320.9691162109375,214.10748291015625,12.257171630859375,5.0183868408203125,1,-1,-1,-1
1961,18,323.43572998046875,199.11795043945312,13.361297607421875,6.961334228515625,1,-1,-1,-1
