1,1,105.4029541015625,208.59103393554688,27.645538330078125,12.052139282226562,1,-1,-1,-1
21,1,104.45256042480469,206.51560974121094,28.965606689453125,11.034225463867188,1,-1,-1,-1
41,1,108.05990600585938,149.81283569335938,24.89910888671875,12.295730590820312,1,-1,-1,-1
61,1,110.93360900878906,104.5539779663086,25.361526489257812,11.225067138671875,1,-1,-1,-1
81,1,111.22554016113281,133.04310607910156,24.409942626953125,11.747177124023438,1,-1,-1,-1
101,1,106.255615234375,191.50421142578125,26.370559692382812,12.42193603515625,1,-1,-1,-1
121,1,106.4737548828125,239.0287628173828,25.883590698242188,11.193267822265625,1,-1,-1,-1
141,1,191.1220703125,237.32275390625,24.599273681640625,10.023101806640625,1,-1,-1,-1
141,2,191.03298950195312,237.34735107421875,24.60345458984375,10.026138305664062,1,-1,-1,-1
181,1,280.1854553222656,120.16339111328125,23.01800537109375,12.404937744140625,1,-1,-1,-1
181,2,280.16802978515625,120.17337799072266,23.011962890625,12.425819396972656,1,-1,-1,-1
241,1,174.6425018310547,22.866498947143555,21.417739868164062,14.230195999145508,1,-1,-1,-1
241,2,174.6388397216797,23.101964950561523,21.280029296875,14.298078536987305,1,-1,-1,-1
261,1,175.52847290039062,23.280235290527344,23.001205444335938,15.44293212890625,1,-1,-1,-1
261,2,175.49546813964844,23.395160675048828,23.050125122070312,15.415130615234375,1,-1,-1,-1
281,4,169.73629760742188,71.96843719482422,22.37127685546875,13.681632995605469,1,-1,-1,-1
301,4,166.8618927001953,121.84730529785156,24.1260986328125,11.769149780273438,1,-1,-1,-1
321,4,171.88070678710938,140.79086303710938,24.73101806640625,10.3841552734375,1,-1,-1,-1
341,4,176.93563842773438,133.1085968017578,22.741195678710938,13.218780517578125,1,-1,-1,-1
361,4,175.9580078125,78.95266723632812,21.685897827148438,12.1722412109375,1,-1,-1,-1
401,4,117.04042053222656,34.77858352661133,25.703277587890625,16.835796356201172,1,-1,-1,-1
421,4,131.5457000732422,71.44375610351562,23.970046997070312,12.523170471191406,1,-1,-1,-1
481,6,438.23968505859375,288.4505615234375,10.89569091796875,4.11749267578125,1,-1,-1,-1
501,6,439.0592041015625,289.4637451171875,13.59893798828125,5.456756591796875,1,-1,-1,-1
501,7,186.06076049804688,138.5574951171875,19.403533935546875,10.663284301757812,1,-1,-1,-1
521,6,428.04742431640625,286.7777404785156,13.617767333984375,5.315643310546875,1,-1,-1,-1
521,7,193.8694610595703,162.7727813720703,14.4603271484375,5.853607177734375,1,-1,-1,-1
541,6,405.86102294921875,287.1613464355469,11.761077880859375,4.62078857421875,1,-1,-1,-1
541,7,200.80123901367188,144.3262939453125,13.377105712890625,7.334747314453125,1,-1,-1,-1
561,7,200.30267333984375,139.84068298339844,15.749435424804688,8.578170776367188,1,-1,-1,-1
581,7,200.16561889648438,145.6659393310547,15.85955810546875,10.1240234375,1,-1,-1,-1
601,6,316.19775390625,290.32470703125,15.09423828125,6.137481689453125,1,-1,-1,-1
641,6,269.5967102050781,294.0046081542969,12.358917236328125,5.49444580078125,1,-1,-1,-1
661,6,262.72265625,293.2102355957031,13.7808837890625,5.77099609375,1,-1,-1,-1
661,8,353.8027648925781,149.73724365234375,13.98870849609375,8.404495239257812,1,-1,-1,-1
721,8,384.00799560546875,296.10198974609375,17.32977294921875,5.11846923828125,1,-1,-1,-1
861,11,277.0684509277344,154.18307495117188,15.519805908203125,8.07940673828125,1,-1,-1,-1
881,11,160.23338317871094,157.97213745117188,13.873947143554688,8.24639892578125,1,-1,-1,-1
921,11,89.71138000488281,227.96315002441406,16.322189331054688,8.187271118164062,1,-1,-1,-1
941,11,85.54839324951172,284.8574523925781,19.104171752929688,6.86444091796875,1,-1,-1,-1
941,13,302.60693359375,184.235595703125,22.6810302734375,11.399383544921875,1,-1,-1,-1
961,11,109.79023742675781,304.3779602050781,14.524368286132812,6.773590087890625,1,-1,-1,-1
961,13,313.1076354980469,191.8781280517578,23.20538330078125,12.25946044921875,1,-1,-1,-1
1001,14,154.16302490234375,249.51174926757812,18.085540771484375,8.064483642578125,1,-1,-1,-1
1001,15,321.3569641113281,242.4038848876953,22.613311767578125,10.288360595703125,1,-1,-1,-1
1021,14,160.16038513183594,216.7465362548828,15.935104370117188,8.903656005859375,1,-1,-1,-1
1021,15,324.034423828125,261.0226135253906,24.50250244140625,9.940399169921875,1,-1,-1,-1
1041,14,209.46531677246094,213.43362426757812,16.994659423828125,7.9110107421875,1,-1,-1,-1
1041,15,333.7415771484375,267.66015625,21.4505615234375,8.1282958984375,1,-1,-1,-1
1161,16,281.093017578125,276.288330078125,23.525177001953125,7.548248291015625,1,-1,-1,-1
1161,17,281.0574645996094,276.2826843261719,23.539337158203125,7.57855224609375,1,-1,-1,-1
1181,17,282.84478759765625,274.0020446777344,25.0413818359375,8.462127685546875,1,-1,-1,-1
1201,18,146.14483642578125,177.87318420410156,17.78179931640625,9.093978881835938,1,-1,-1,-1
1221,17,284.674072265625,258.1285095214844,23.698394775390625,8.37591552734375,1,-1,-1,-1
1221,18,151.33303833007812,141.1802978515625,16.578338623046875,7.97052001953125,1,-1,-1,-1
1241,17,305.6643371582031,248.58848571777344,19.818450927734375,6.8961029052734375,1,-1,-1,-1
1241,18,155.03134155273438,138.04835510253906,16.264495849609375,9.49664306640625,1,-1,-1,-1
1261,18,199.2973175048828,136.85934448242188,15.594436645507812,9.458465576171875,1,-1,-1,-1
1281,18,224.171630859375,136.17857360839844,15.389495849609375,8.275222778320312,1,-1,-1,-1
1301,18,246.34136962890625,136.1540069580078,16.3634033203125,7.9543304443359375,1,-1,-1,-1
1321,18,252.20321655273438,161.2891845703125,15.949615478515625,8.831130981445312,1,-1,-1,-1
1341,19,370.2896728515625,205.4040985107422,21.21881103515625,9.449188232421875,1,-1,-1,-1
1381,18,247.72962951660156,118.90469360351562,15.883865356445312,7.653526306152344,1,-1,-1,-1
1381,19,212.32205200195312,216.54029846191406,20.33831787109375,9.960128784179688,1,-1,-1,-1
1401,18,264.8441467285156,116.45761108398438,14.986968994140625,8.598434448242188,1,-1,-1,-1
1401,19,200.2703857421875,212.37051391601562,24.480133056640625,10.703720092773438,1,-1,-1,-1
1461,18,356.22723388671875,105.64775085449219,14.118865966796875,9.177040100097656,1,-1,-1,-1
1481,18,292.5585632324219,108.38511657714844,15.281524658203125,7.84307861328125,1,-1,-1,-1
1481,20,288.2543640136719,186.1390838623047,25.9095458984375,11.692794799804688,1,-1,-1,-1
1501,18,268.02569580078125,110.20722961425781,16.271820068359375,7.982574462890625,1,-1,-1,-1
1501,20,308.4087219238281,179.86627197265625,23.872344970703125,10.868972778320312,1,-1,-1,-1
1521,18,207.84646606445312,112.61310577392578,13.946075439453125,9.760704040527344,1,-1,-1,-1
1521,20,331.6154479980469,175.02218627929688,24.419769287109375,11.147003173828125,1,-1,-1,-1
1541,18,151.71165466308594,120.85933685302734,14.161163330078125,9.537513732910156,1,-1,-1,-1
1541,20,361.2379455566406,168.58474731445312,22.181610107421875,13.36279296875,1,-1,-1,-1
1561,18,148.6614227294922,159.5299072265625,15.734115600585938,8.040451049804688,1,-1,-1,-1
1561,20,393.2870178222656,162.8876953125,22.553619384765625,13.517822265625,1,-1,-1,-1
1581,20,400.093017578125,158.09510803222656,24.611572265625,13.065322875976562,1,-1,-1,-1
1601,20,387.0955810546875,154.46481323242188,24.55419921875,13.288818359375,1,-1,-1,-1
1621,20,364.9157409667969,152.7633514404297,23.470916748046875,12.523910522460938,1,-1,-1,-1
1641,20,329.3446044921875,150.97433471679688,22.618621826171875,13.194854736328125,1,-1,-1,-1
1641,21,151.17361450195312,203.64395141601562,17.081100463867188,8.13739013671875,1,-1,-1,-1
1661,20,282.592529296875,153.47247314453125,23.49639892578125,12.1961669921875,1,-1,-1,-1
1661,21,152.90692138671875,162.0792999267578,17.39031982421875,7.8005523681640625,1,-1,-1,-1
1681,20,231.63980102539062,151.02658081054688,27.40142822265625,13.976669311523438,1,-1,-1,-1
1681,21,156.8202362060547,136.54188537597656,16.465911865234375,7.6489715576171875,1,-1,-1,-1
1701,20,190.14234924316406,134.24331665039062,16.599151611328125,19.102935791015625,1,-1,-1,-1
1701,21,189.37940979003906,133.99435424804688,15.787841796875,8.254867553710938,1,-1,-1,-1
1721,20,186.773681640625,150.8112030029297,26.056137084960938,13.2054443359375,1,-1,-1,-1
1721,21,268.9307861328125,128.55917358398438,15.667572021484375,8.496475219726562,1,-1,-1,-1
1741,20,192.67901611328125,157.8645477294922,26.95526123046875,13.24481201171875,1,-1,-1,-1
1761,21,380.76116943359375,98.14458465576172,13.63787841796875,7.6680450439453125,1,-1,-1,-1
1781,21,359.2044677734375,94.4676513671875,14.42626953125,7.790290832519531,1,-1,-1,-1
1801,21,283.7318420410156,96.78260803222656,14.50787353515625,9.005226135253906,1,-1,-1,-1
1801,22,189.2166748046875,191.34841918945312,29.681045532226562,13.527145385742188,1,-1,-1,-1
1821,22,187.319091796875,203.90626525878906,31.5435791015625,12.233245849609375,1,-1,-1,-1
1841,22,198.9620819091797,200.58335876464844,27.49468994140625,12.4356689453125,1,-1,-1,-1
1861,22,226.09268188476562,196.36329650878906,31.064910888671875,11.749404907226562,1,-1,-1,-1
1881,21,209.3409423828125,102.29718017578125,16.469451904296875,8.785087585449219,1,-1,-1,-1
1901,22,281.7562561035156,188.17965698242188,26.6888427734375,12.771270751953125,1,-1,-1,-1
1921,21,224.64500427246094,98.20269012451172,16.01593017578125,9.16656494140625,1,-1,-1,-1
1921,22,305.9224853515625,185.80953979492188,28.53826904296875,12.700271606445312,1,-1,-1,-1
1961,23,215.79840087890625,181.28729248046875,15.573226928710938,6.87005615234375,1,-1,-1,-1
