1,1,272.9971923828125,63.36978530883789,11.41204833984375,6.317462921142578,1,-1,-1,-1
1,2,379.7685546875,241.8551025390625,37.6214599609375,11.307937622070312,1,-1,-1,-1
21,1,273.5667724609375,63.722965240478516,10.893035888671875,6.110599517822266,1,-1,-1,-1
41,1,273.71484375,68.45536041259766,10.7303466796875,5.3611907958984375,1,-1,-1,-1
41,2,372.97625732421875,159.00228881835938,39.156951904296875,21.224472045898438,1,-1,-1,-1
61,1,275.36688232421875,90.64542388916016,11.293426513671875,5.159416198730469,1,-1,-1,-1
61,2,385.6289367675781,200.52345275878906,30.3167724609375,12.43548583984375,1,-1,-1,-1
81,1,277.0536804199219,117.70783233642578,10.697967529296875,5.903839111328125,1,-1,-1,-1
81,2,384.63348388671875,251.3026580810547,24.01300048828125,12.363265991210938,1,-1,-1,-1
101,2,387.87353515625,304.6959228515625,14.456634521484375,4.702056884765625,1,-1,-1,-1
121,2,388.6395568847656,318.7667236328125,14.964080810546875,5.322265625,1,-1,-1,-1
141,3,280.8773193359375,199.33148193359375,11.723052978515625,5.00396728515625,1,-1,-1,-1
221,2,340.5154113769531,280.58050537109375,17.800048828125,6.211181640625,1,-1,-1,-1
241,3,68.7059555053711,239.7911376953125,11.646629333496094,5.83343505859375,1,-1,-1,-1
261,3,66.11002349853516,196.1999053955078,13.257850646972656,5.890289306640625,1,-1,-1,-1
301,5,116.42332458496094,112.13481140136719,12.123031616210938,6.422218322753906,1,-1,-1,-1
321,5,158.81039428710938,76.03240966796875,11.90338134765625,6.427543640136719,1,-1,-1,-1
341,5,204.25173950195312,45.22053146362305,11.076705932617188,6.686027526855469,1,-1,-1,-1
341,6,387.057861328125,268.8428955078125,17.869964599609375,6.77093505859375,1,-1,-1,-1
361,5,245.66729736328125,16.09302520751953,13.638580322265625,8.097457885742188,1,-1,-1,-1
361,6,336.575927734375,273.2053527832031,18.3095703125,6.43048095703125,1,-1,-1,-1
381,5,272.47265625,6.914526462554932,14.102447509765625,8.088307857513428,1,-1,-1,-1
401,5,281.8526916503906,37.344398498535156,13.116180419921875,7.271694183349609,1,-1,-1,-1
421,5,290.34698486328125,74.33197784423828,12.554290771484375,7.545867919921875,1,-1,-1,-1
461,8,275.6670227050781,262.450927734375,20.419921875,7.027191162109375,1,-1,-1,-1
561,9,350.35418701171875,281.99371337890625,12.1480712890625,4.868682861328125,1,-1,-1,-1
641,10,406.33856201171875,243.0284423828125,13.72027587890625,6.2843475341796875,1,-1,-1,-1
661,10,358.3236999511719,248.6094970703125,16.19659423828125,5.54852294921875,1,-1,-1,-1
681,12,326.2716979980469,94.40309143066406,12.377410888671875,7.891685485839844,1,-1,-1,-1
701,12,311.1673583984375,82.11393737792969,11.531982421875,7.4966583251953125,1,-1,-1,-1
721,12,275.79620361328125,87.07516479492188,12.040069580078125,7.603691101074219,1,-1,-1,-1
741,12,246.1261749267578,114.42328643798828,9.927474975585938,7.491661071777344,1,-1,-1,-1
821,12,225.75196838378906,170.77072143554688,13.0341796875,5.974334716796875,1,-1,-1,-1
861,12,227.65469360351562,173.90365600585938,11.157028198242188,6.0297698974609375,1,-1,-1,-1
881,12,227.56051635742188,173.89813232421875,12.410125732421875,5.9041748046875,1,-1,-1,-1
961,14,226.7109375,173.3894805908203,12.95489501953125,6.3723907470703125,1,-1,-1,-1
981,14,272.1090087890625,181.1442108154297,10.50775146484375,6.35906982421875,1,-1,-1,-1
1001,14,369.9012451171875,160.11314392089844,10.072845458984375,5.9156494140625,1,-1,-1,-1
1021,14,441.332763671875,143.82540893554688,6.797576904296875,3.453460693359375,1,-1,-1,-1
1041,14,488.9483337402344,142.83750915527344,7.109130859375,5.1620330810546875,1,-1,-1,-1
1141,16,304.8651428222656,184.55775451660156,9.559844970703125,5.5256195068359375,1,-1,-1,-1
1161,17,363.1221923828125,252.1520233154297,11.3665771484375,3.7980499267578125,1,-1,-1,-1
1341,23,411.97821044921875,207.93673706054688,11.720672607421875,4.155181884765625,1,-1,-1,-1
1361,23,403.7732238769531,209.53758239746094,10.810333251953125,4.6857147216796875,1,-1,-1,-1
1381,22,265.4151306152344,197.9289093017578,13.706085205078125,6.7579345703125,1,-1,-1,-1
1381,23,265.445068359375,197.91964721679688,13.664093017578125,6.7457275390625,1,-1,-1,-1
1401,23,266.4605712890625,199.04232788085938,13.309326171875,6.7253570556640625,1,-1,-1,-1
1461,24,271.36517333984375,156.02798461914062,13.00140380859375,6.7925262451171875,1,-1,-1,-1
1481,24,271.71893310546875,155.38461303710938,12.95208740234375,6.86334228515625,1,-1,-1,-1
1501,24,264.42779541015625,136.99154663085938,14.31732177734375,8.514556884765625,1,-1,-1,-1
1521,24,260.1776428222656,126.9102554321289,15.009185791015625,7.942237854003906,1,-1,-1,-1
1541,24,259.1644592285156,151.4198455810547,15.342132568359375,7.843231201171875,1,-1,-1,-1
1881,34,273.9856262207031,202.1143035888672,12.249908447265625,5.3635101318359375,1,-1,-1,-1
1901,34,272.1199645996094,184.0432891845703,13.09185791015625,6.2010498046875,1,-1,-1,-1
1921,34,269.3753662109375,130.7484130859375,12.5333251953125,6.6799468994140625,1,-1,-1,-1
