1,1,341.57427978515625,108.54722595214844,15.96063232421875,7.519927978515625,1,-1,-1,-1
21,1,338.68963623046875,117.10731506347656,16.5892333984375,7.164093017578125,1,-1,-1,-1
41,1,337.4598693847656,127.82231140136719,15.05279541015625,6.8368682861328125,1,-1,-1,-1
61,1,336.5031433105469,136.29782104492188,13.194671630859375,6.2256927490234375,1,-1,-1,-1
81,1,310.89520263671875,140.2334442138672,12.714874267578125,6.2192840576171875,1,-1,-1,-1
101,1,256.58331298828125,143.56370544433594,14.29095458984375,5.0506439208984375,1,-1,-1,-1
121,1,203.84201049804688,145.02236938476562,13.613922119140625,6.4263458251953125,1,-1,-1,-1
141,1,184.76235961914062,144.61337280273438,15.550582885742188,4.634979248046875,1,-1,-1,-1
161,1,175.1480255126953,134.6124725341797,14.45098876953125,6.558197021484375,1,-1,-1,-1
181,1,169.9593963623047,131.09408569335938,15.516815185546875,6.773529052734375,1,-1,-1,-1
221,2,165.7667694091797,159.58470153808594,16.10455322265625,6.9687347412109375,1,-1,-1,-1
241,2,203.70620727539062,159.5772247314453,14.468536376953125,6.988189697265625,1,-1,-1,-1
261,2,276.6078186035156,159.60150146484375,16.508514404296875,5.3043212890625,1,-1,-1,-1
281,2,341.3507080078125,158.4086456298828,14.994140625,6.2541656494140625,1,-1,-1,-1
301,2,365.3544616699219,155.63516235351562,14.905303955078125,6.3838653564453125,1,-1,-1,-1
321,2,364.26824951171875,154.54736328125,15.17303466796875,8.130416870117188,1,-1,-1,-1
341,2,360.23553466796875,165.1697998046875,13.9981689453125,7.5006103515625,1,-1,-1,-1
361,2,352.50860595703125,179.36428833007812,13.1551513671875,6.15740966796875,1,-1,-1,-1
381,2,312.2767639160156,185.54995727539062,11.314697265625,5.323394775390625,1,-1,-1,-1
421,3,196.5542449951172,194.08193969726562,13.032638549804688,3.909332275390625,1,-1,-1,-1
441,3,178.68991088867188,190.28961181640625,13.5787353515625,5.28302001953125,1,-1,-1,-1
481,3,150.34088134765625,137.82614135742188,15.327484130859375,10.123809814453125,1,-1,-1,-1
541,3,320.8761901855469,104.68596649169922,16.581207275390625,8.755950927734375,1,-1,-1,-1
581,3,322.8475341796875,136.9595947265625,14.416412353515625,6.709991455078125,1,-1,-1,-1
641,4,316.9054870605469,176.6807403564453,10.0006103515625,4.091094970703125,1,-1,-1,-1
661,4,309.9201965332031,183.6187286376953,10.503021240234375,4.31170654296875,1,-1,-1,-1
681,4,306.9277648925781,180.08457946777344,10.932891845703125,4.97698974609375,1,-1,-1,-1
701,4,304.8764953613281,166.97828674316406,10.583160400390625,3.9292144775390625,1,-1,-1,-1
721,4,297.8625183105469,153.1629180908203,11.615631103515625,5.721710205078125,1,-1,-1,-1
741,4,261.2249450683594,145.51300048828125,11.422515869140625,6.21014404296875,1,-1,-1,-1
761,4,193.46176147460938,141.35537719726562,14.441909790039062,4.7508392333984375,1,-1,-1,-1
901,5,352.47589111328125,136.53448486328125,14.55047607421875,7.25909423828125,1,-1,-1,-1
921,5,343.5885009765625,136.91000366210938,13.982147216796875,7.421051025390625,1,-1,-1,-1
941,5,296.40814208984375,132.31634521484375,16.1478271484375,6.7158203125,1,-1,-1,-1
961,5,240.4820556640625,128.6558074951172,14.090728759765625,8.027755737304688,1,-1,-1,-1
981,5,226.08152770996094,127.99224853515625,15.790969848632812,9.300186157226562,1,-1,-1,-1
1001,5,232.5596923828125,145.75161743164062,13.5230712890625,9.14691162109375,1,-1,-1,-1
1081,5,189.1702117919922,170.302978515625,10.876953125,6.44244384765625,1,-1,-1,-1
1101,5,183.3101806640625,179.0750732421875,10.820083618164062,6.4693145751953125,1,-1,-1,-1
1161,6,235.6629180908203,213.33319091796875,8.520095825195312,3.7111053466796875,1,-1,-1,-1
1181,6,273.5873718261719,218.5773162841797,7.54815673828125,3.5170745849609375,1,-1,-1,-1
1221,6,353.47235107421875,220.78981018066406,9.00897216796875,3.7115325927734375,1,-1,-1,-1
1301,7,455.2200012207031,181.5786895751953,10.817626953125,6.6344451904296875,1,-1,-1,-1
1321,7,461.9486083984375,177.884765625,10.477691650390625,4.23870849609375,1,-1,-1,-1
1341,7,449.34075927734375,175.4671630859375,10.75323486328125,4.706085205078125,1,-1,-1,-1
1361,7,438.7974548339844,175.06521606445312,10.945526123046875,4.3296051025390625,1,-1,-1,-1
1381,7,439.398681640625,174.59674072265625,10.865325927734375,4.892852783203125,1,-1,-1,-1
1401,7,430.73992919921875,175.32406616210938,9.3984375,5.011474609375,1,-1,-1,-1
1481,8,332.49853515625,127.21607208251953,13.4715576171875,9.022041320800781,1,-1,-1,-1
1501,8,307.6236267089844,104.11859893798828,13.227203369140625,8.955703735351562,1,-1,-1,-1
1521,8,233.04246520996094,87.08802795410156,15.951278686523438,10.874526977539062,1,-1,-1,-1
1541,8,190.94076538085938,114.57058715820312,15.1751708984375,8.277427673339844,1,-1,-1,-1
1561,8,191.89724731445312,140.42922973632812,15.453399658203125,7.609405517578125,1,-1,-1,-1
1581,8,200.5351104736328,153.21597290039062,15.149948120117188,8.759811401367188,1,-1,-1,-1
1601,8,214.12940979003906,178.65045166015625,13.608596801757812,6.7059783935546875,1,-1,-1,-1
1621,8,221.24761962890625,201.43478393554688,11.761322021484375,4.717803955078125,1,-1,-1,-1
1681,9,214.90234375,160.17999267578125,11.29742431640625,5.1030731201171875,1,-1,-1,-1
1701,9,220.15988159179688,154.17225646972656,10.511810302734375,5.49505615234375,1,-1,-1,-1
1721,9,249.869140625,153.208984375,10.326385498046875,4.9573974609375,1,-1,-1,-1
1741,9,294.94384765625,152.45314025878906,10.57073974609375,4.255645751953125,1,-1,-1,-1
1761,9,336.79388427734375,152.37493896484375,9.85009765625,4.2654571533203125,1,-1,-1,-1
1821,9,402.1194763183594,146.72303771972656,12.44659423828125,4.2616729736328125,1,-1,-1,-1
1841,9,425.7887268066406,130.5074005126953,13.285064697265625,7.5898590087890625,1,-1,-1,-1
1901,9,410.6788330078125,84.63870239257812,16.13836669921875,10.390953063964844,1,-1,-1,-1
1941,10,375.5623779296875,140.1345672607422,12.15728759765625,5.6573486328125,1,-1,-1,-1
1961,10,365.2618408203125,150.44903564453125,10.693359375,6.013824462890625,1,-1,-1,-1
1981,10,332.2348327636719,156.560791015625,11.123046875,4.8055419921875,1,-1,-1,-1
2001,10,293.5411376953125,160.3921661376953,10.811859130859375,5.2528076171875,1,-1,-1,-1
2021,10,282.1258544921875,170.30361938476562,11.126739501953125,4.8271026611328125,1,-1,-1,-1
2061,10,281.0815734863281,177.77134704589844,11.99188232421875,4.9623870849609375,1,-1,-1,-1
2121,11,273.4526672363281,135.35939025878906,14.201995849609375,8.148284912109375,1,-1,-1,-1
2141,11,272.3963317871094,143.22564697265625,15.001617431640625,7.6988372802734375,1,-1,-1,-1
