1,1,348.68,282.54,18.09,6.27,0.86,-1,-1,-1
21,1,349.56,300.52,18.33,6.72,0.84,-1,-1,-1
41,1,350.39,325.33,18.20,5.15,0.62,-1,-1,-1
61,1,377.47,324.28,17.19,5.54,0.60,-1,-1,-1
81,1,399.13,323.70,18.59,5.74,0.64,-1,-1,-1
101,1,409.63,319.01,17.56,5.24,0.64,-1,-1,-1
121,1,410.92,318.28,16.90,5.44,0.62,-1,-1,-1
141,1,411.62,322.82,16.04,4.65,0.50,-1,-1,-1
161,1,409.75,326.72,16.00,5.32,0.62,-1,-1,-1
181,1,408.09,331.75,16.04,4.87,0.71,-1,-1,-1
201,1,394.56,334.26,15.23,4.73,0.73,-1,-1,-1
221,1,381.51,335.06,16.20,4.84,0.68,-1,-1,-1
241,1,359.92,335.60,15.99,5.41,0.63,-1,-1,-1
281,1,289.49,338.12,16.47,4.91,0.69,-1,-1,-1
301,1,252.56,339.98,15.06,4.47,0.67,-1,-1,-1
321,1,208.17,340.65,14.84,5.05,0.77,-1,-1,-1
381,1,70.72,341.45,19.81,6.37,0.63,-1,-1,-1
401,1,39.35,342.72,15.87,6.19,0.73,-1,-1,-1
421,1,5.28,342.54,15.44,6.67,0.75,-1,-1,-1
441,1,0.29,343.15,9.38,7.08,0.40,-1,-1,-1
461,1,22.65,343.12,16.57,6.85,0.68,-1,-1,-1
581,1,195.83,340.76,14.18,6.19,0.79,-1,-1,-1
641,1,257.19,339.56,15.64,5.13,0.68,-1,-1,-1
661,1,264.11,339.03,16.23,7.42,0.71,-1,-1,-1
701,1,359.99,335.73,16.16,5.50,0.61,-1,-1,-1
721,1,360.58,337.06,14.68,5.82,0.62,-1,-1,-1
741,1,404.30,334.30,16.76,5.82,0.76,-1,-1,-1
761,1,447.79,332.65,14.73,6.12,0.72,-1,-1,-1
781,1,448.86,322.60,16.87,5.45,0.71,-1,-1,-1
801,1,446.63,297.26,13.71,5.85,0.81,-1,-1,-1
821,1,452.20,296.25,13.98,5.64,0.82,-1,-1,-1
841,1,460.13,303.95,17.36,5.97,0.72,-1,-1,-1
861,1,462.08,303.38,15.72,6.25,0.75,-1,-1,-1
881,1,508.62,301.82,14.05,5.86,0.63,-1,-1,-1
901,1,536.68,300.45,16.38,4.86,0.61,-1,-1,-1
921,1,535.09,300.50,17.25,4.85,0.59,-1,-1,-1
981,1,578.04,317.96,13.52,5.95,0.61,-1,-1,-1
1021,1,536.52,340.07,15.57,4.99,0.76,-1,-1,-1
1041,1,496.06,340.45,15.67,5.70,0.71,-1,-1,-1
1081,1,473.09,323.50,16.53,6.65,0.70,-1,-1,-1
1101,1,396.81,326.15,15.66,4.73,0.46,-1,-1,-1
1121,1,357.28,337.55,14.73,5.67,0.63,-1,-1,-1
1141,1,334.30,339.40,15.41,4.78,0.61,-1,-1,-1
1161,1,279.99,339.20,17.04,5.55,0.71,-1,-1,-1
1181,1,252.47,340.48,14.87,5.12,0.68,-1,-1,-1
1201,1,218.00,340.17,16.68,5.71,0.70,-1,-1,-1
1221,1,169.30,339.88,14.57,5.10,0.72,-1,-1,-1
1261,1,154.81,328.02,17.43,6.87,0.76,-1,-1,-1
1281,1,218.76,322.76,17.05,8.63,0.87,-1,-1,-1
1301,1,235.81,321.35,17.18,6.68,0.84,-1,-1,-1
1321,1,276.01,320.50,15.87,5.47,0.72,-1,-1,-1
1341,1,322.34,318.84,15.22,5.63,0.51,-1,-1,-1
1361,1,333.96,316.00,16.64,4.66,0.58,-1,-1,-1
1381,1,344.46,314.88,16.10,6.46,0.79,-1,-1,-1
1401,1,380.78,311.97,18.64,8.29,0.80,-1,-1,-1
1421,1,365.98,310.70,17.59,7.82,0.84,-1,-1,-1
1441,1,319.73,311.60,17.33,6.59,0.81,-1,-1,-1
1461,1,312.99,311.24,16.50,6.62,0.82,-1,-1,-1
1481,1,299.72,310.00,16.41,8.58,0.87,-1,-1,-1
1501,1,250.00,312.76,17.75,6.92,0.87,-1,-1,-1
1521,1,257.95,312.74,16.87,9.07,0.87,-1,-1,-1
1541,1,349.43,313.42,18.57,6.12,0.73,-1,-1,-1
1561,1,449.22,309.11,19.35,7.22,0.52,-1,-1,-1
1581,1,466.80,332.50,18.46,6.16,0.70,-1,-1,-1
1601,1,463.27,279.27,16.86,7.97,0.88,-1,-1,-1
1621,1,457.09,259.51,16.73,10.20,0.89,-1,-1,-1
1641,1,399.03,262.90,19.48,7.36,0.88,-1,-1,-1
1661,1,367.67,229.68,17.82,7.62,0.87,-1,-1,-1
1681,1,348.36,224.89,18.21,9.21,0.88,-1,-1,-1
1701,1,313.20,226.43,19.11,7.70,0.87,-1,-1,-1
1721,1,268.67,226.05,18.34,9.72,0.88,-1,-1,-1
1741,1,211.61,217.21,18.61,9.09,0.89,-1,-1,-1
1761,1,205.43,187.21,16.23,12.54,0.90,-1,-1,-1
1781,1,260.12,187.89,19.98,7.64,0.87,-1,-1,-1
1801,1,322.29,235.76,17.38,9.73,0.88,-1,-1,-1
1821,1,324.12,254.79,19.56,6.66,0.87,-1,-1,-1
1841,1,310.93,265.82,20.74,14.98,0.88,-1,-1,-1
1861,1,300.11,291.70,21.46,12.56,0.90,-1,-1,-1
1881,1,356.29,291.09,22.62,11.12,0.88,-1,-1,-1
1901,1,382.74,323.78,19.54,5.24,0.51,-1,-1,-1
1941,1,224.92,326.46,23.29,9.16,0.82,-1,-1,-1
1961,1,215.17,325.72,22.16,12.92,0.84,-1,-1,-1
2001,1,459.75,319.42,32.72,10.14,0.76,-1,-1,-1
2021,1,483.88,265.08,22.39,10.24,0.87,-1,-1,-1
2041,1,483.21,231.09,23.33,9.35,0.89,-1,-1,-1
2061,1,456.00,230.83,21.84,14.06,0.90,-1,-1,-1
2081,1,347.95,236.45,25.09,13.70,0.90,-1,-1,-1
2101,1,288.59,270.21,23.91,8.46,0.88,-1,-1,-1
2121,1,283.39,288.87,24.66,7.44,0.88,-1,-1,-1
2141,1,285.04,288.31,24.45,7.21,0.88,-1,-1,-1
2161,1,287.68,287.32,23.72,7.31,0.88,-1,-1,-1
