21,1,202,156,13,8,1.0,-1,-1,-1
21,9,432,355,8,4,1.0,-1,-1,-1
41,1,203,156,12,7,1.0,-1,-1,-1
41,9,430,352,11,5,1.0,-1,-1,-1
41,10,389,307,4,3,1.0,-1,-1,-1
41,11,387,307,5,3,1.0,-1,-1,-1
61,1,203,157,13,7,1.0,-1,-1,-1
61,3,376,311,5,5,1.0,-1,-1,-1
61,9,427,344,11,5,1.0,-1,-1,-1
81,1,203,157,13,8,1.0,-1,-1,-1
81,3,366,316,5,4,1.0,-1,-1,-1
81,9,424,336,11,5,1.0,-1,-1,-1
101,1,207,160,13,8,1.0,-1,-1,-1
101,9,422,329,11,5,1.0,-1,-1,-1
101,10,356,320,7,4,1.0,-1,-1,-1
121,1,217,167,11,7,1.0,-1,-1,-1
121,6,419,314,12,7,1.0,-1,-1,-1
121,9,419,316,11,5,1.0,-1,-1,-1
141,1,227,175,11,6,1.0,-1,-1,-1
141,3,337,329,4,3,1.0,-1,-1,-1
141,8,337,329,5,3,1.0,-1,-1,-1
141,9,419,305,10,5,1.0,-1,-1,-1
161,1,230,177,13,7,1.0,-1,-1,-1
161,3,329,331,5,5,1.0,-1,-1,-1
161,6,417,296,9,5,1.0,-1,-1,-1
181,1,232,178,13,7,1.0,-1,-1,-1
181,9,415,287,10,5,1.0,-1,-1,-1
201,1,238,183,11,7,1.0,-1,-1,-1
201,6,411,275,10,6,1.0,-1,-1,-1
201,8,319,336,7,5,1.0,-1,-1,-1
221,1,247,191,11,7,1.0,-1,-1,-1
221,6,408,265,11,6,1.0,-1,-1,-1
241,1,256,198,11,7,1.0,-1,-1,-1
241,9,405,257,11,5,1.0,-1,-1,-1
261,1,270,210,11,6,1.0,-1,-1,-1
261,6,402,244,11,6,1.0,-1,-1,-1
261,8,303,344,6,4,1.0,-1,-1,-1
261,10,302,343,7,5,1.0,-1,-1,-1
281,1,280,219,11,6,1.0,-1,-1,-1
281,9,399,234,12,7,1.0,-1,-1,-1
281,10,298,345,5,5,1.0,-1,-1,-1
301,1,292,227,11,7,1.0,-1,-1,-1
301,6,398,225,11,7,1.0,-1,-1,-1
301,20,295,346,7,5,1.0,-1,-1,-1
321,1,298,232,9,5,1.0,-1,-1,-1
321,6,398,224,10,5,1.0,-1,-1,-1
341,1,299,232,9,5,1.0,-1,-1,-1
341,6,395,224,11,7,1.0,-1,-1,-1
341,21,289,351,4,3,1.0,-1,-1,-1
361,1,298,232,10,5,1.0,-1,-1,-1
361,23,384,230,11,5,1.0,-1,-1,-1
381,1,298,232,11,5,1.0,-1,-1,-1
381,6,370,233,11,7,1.0,-1,-1,-1
381,11,290,346,5,3,1.0,-1,-1,-1
401,1,302,234,10,5,1.0,-1,-1,-1
401,6,361,238,9,5,1.0,-1,-1,-1
401,11,288,343,7,5,1.0,-1,-1,-1
401,21,289,344,5,3,1.0,-1,-1,-1
421,1,308,239,9,5,1.0,-1,-1,-1
421,6,352,241,11,5,1.0,-1,-1,-1
421,21,289,340,5,5,1.0,-1,-1,-1
421,23,351,241,10,6,1.0,-1,-1,-1
441,1,311,240,9,5,1.0,-1,-1,-1
441,23,345,243,12,7,1.0,-1,-1,-1
461,1,310,240,11,5,1.0,-1,-1,-1
461,6,340,247,8,5,1.0,-1,-1,-1
481,1,310,239,9,5,1.0,-1,-1,-1
481,6,331,250,11,5,1.0,-1,-1,-1
501,1,307,236,11,5,1.0,-1,-1,-1
501,6,324,253,11,5,1.0,-1,-1,-1
521,1,303,233,10,5,1.0,-1,-1,-1
521,10,289,330,3,3,1.0,-1,-1,-1
521,23,318,255,10,5,1.0,-1,-1,-1
541,1,298,230,10,5,1.0,-1,-1,-1
541,6,313,257,10,5,1.0,-1,-1,-1
541,11,288,329,5,3,1.0,-1,-1,-1
561,1,292,225,10,5,1.0,-1,-1,-1
561,6,307,259,11,6,1.0,-1,-1,-1
561,21,288,328,3,3,1.0,-1,-1,-1
581,1,286,220,11,5,1.0,-1,-1,-1
581,23,303,262,9,5,1.0,-1,-1,-1
601,1,279,215,9,5,1.0,-1,-1,-1
601,11,287,328,5,3,1.0,-1,-1,-1
601,23,297,263,11,6,1.0,-1,-1,-1
621,1,271,208,10,5,1.0,-1,-1,-1
621,6,291,266,11,5,1.0,-1,-1,-1
641,1,262,201,10,6,1.0,-1,-1,-1
641,6,287,268,10,5,1.0,-1,-1,-1
641,23,287,268,10,6,1.0,-1,-1,-1
661,1,254,194,11,7,1.0,-1,-1,-1
661,11,274,325,8,7,1.0,-1,-1,-1
661,23,281,269,10,6,1.0,-1,-1,-1
681,1,251,191,9,7,1.0,-1,-1,-1
681,6,274,272,11,5,1.0,-1,-1,-1
681,23,274,271,10,5,1.0,-1,-1,-1
701,1,248,191,11,6,1.0,-1,-1,-1
701,6,267,274,11,5,1.0,-1,-1,-1
701,10,263,322,5,3,1.0,-1,-1,-1
701,21,264,322,4,3,1.0,-1,-1,-1
721,1,246,191,11,5,1.0,-1,-1,-1
721,21,259,320,5,4,1.0,-1,-1,-1
721,23,262,276,10,5,1.0,-1,-1,-1
741,1,244,187,12,7,1.0,-1,-1,-1
741,6,258,279,10,5,1.0,-1,-1,-1
741,11,256,319,5,4,1.0,-1,-1,-1
741,23,258,279,9,5,1.0,-1,-1,-1
741,27,255,320,6,5,1.0,-1,-1,-1
761,1,243,186,12,7,1.0,-1,-1,-1
761,6,250,281,12,5,1.0,-1,-1,-1
781,1,243,185,11,7,1.0,-1,-1,-1
781,6,244,284,12,5,1.0,-1,-1,-1
801,1,241,183,11,7,1.0,-1,-1,-1
801,6,243,286,9,5,1.0,-1,-1,-1
801,23,244,286,9,5,1.0,-1,-1,-1
821,1,240,182,11,7,1.0,-1,-1,-1
821,11,253,313,7,4,1.0,-1,-1,-1
821,23,244,287,9,5,1.0,-1,-1,-1
841,1,242,183,11,5,1.0,-1,-1,-1
841,11,255,312,3,3,1.0,-1,-1,-1
841,23,244,289,9,5,1.0,-1,-1,-1
861,1,249,179,13,7,1.0,-1,-1,-1
861,6,244,295,11,5,1.0,-1,-1,-1
861,23,244,294,9,5,1.0,-1,-1,-1
881,1,266,174,11,5,1.0,-1,-1,-1
881,6,245,300,9,5,1.0,-1,-1,-1
881,23,245,299,11,6,1.0,-1,-1,-1
901,1,289,163,13,7,1.0,-1,-1,-1
901,6,244,307,13,6,1.0,-1,-1,-1
921,23,245,314,11,6,1.0,-1,-1,-1
921,38,319,150,12,7,1.0,-1,-1,-1
941,1,339,141,14,8,1.0,-1,-1,-1
941,11,247,323,9,5,1.0,-1,-1,-1
941,38,339,140,12,9,1.0,-1,-1,-1
941,40,265,305,5,3,1.0,-1,-1,-1
961,6,248,329,9,5,1.0,-1,-1,-1
961,38,338,142,11,7,1.0,-1,-1,-1
961,40,271,303,7,5,1.0,-1,-1,-1
981,23,248,337,9,5,1.0,-1,-1,-1
981,38,336,141,13,8,1.0,-1,-1,-1
981,44,279,298,6,5,1.0,-1,-1,-1
1001,6,248,345,11,5,1.0,-1,-1,-1
1001,38,338,142,12,7,1.0,-1,-1,-1
1001,41,284,297,6,5,1.0,-1,-1,-1
1001,45,282,297,9,5,1.0,-1,-1,-1
1021,6,248,353,13,5,1.0,-1,-1,-1
1021,38,351,137,13,7,1.0,-1,-1,-1
1021,45,289,294,10,6,1.0,-1,-1,-1
1041,38,373,128,13,8,1.0,-1,-1,-1
1041,43,297,292,5,5,1.0,-1,-1,-1
1061,38,393,120,12,9,1.0,-1,-1,-1
1061,44,304,289,5,4,1.0,-1,-1,-1
1081,38,394,119,12,9,1.0,-1,-1,-1
1081,43,314,288,3,3,1.0,-1,-1,-1
1081,44,309,287,7,5,1.0,-1,-1,-1
1101,38,383,124,11,9,1.0,-1,-1,-1
1101,40,318,285,5,4,1.0,-1,-1,-1
1121,38,360,132,12,9,1.0,-1,-1,-1
1121,42,323,283,5,3,1.0,-1,-1,-1
1141,38,339,142,11,7,1.0,-1,-1,-1
1141,42,326,281,7,5,1.0,-1,-1,-1
1141,44,328,282,5,3,1.0,-1,-1,-1
1161,38,337,143,12,7,1.0,-1,-1,-1
1161,42,329,280,7,5,1.0,-1,-1,-1
1181,38,329,146,12,8,1.0,-1,-1,-1
1181,44,336,279,4,3,1.0,-1,-1,-1
1181,45,333,279,6,3,1.0,-1,-1,-1
1201,38,311,152,12,9,1.0,-1,-1,-1
1201,48,338,277,5,5,1.0,-1,-1,-1
1201,50,249,346,10,5,1.0,-1,-1,-1
1221,38,288,162,11,6,1.0,-1,-1,-1
1221,42,340,275,7,5,1.0,-1,-1,-1
1221,50,248,335,9,5,1.0,-1,-1,-1
1241,38,280,164,13,8,1.0,-1,-1,-1
1241,40,344,275,5,3,1.0,-1,-1,-1
1241,50,243,324,15,7,1.0,-1,-1,-1
1261,38,275,165,13,8,1.0,-1,-1,-1
1261,42,347,273,7,5,1.0,-1,-1,-1
1261,50,244,316,12,6,1.0,-1,-1,-1
1281,38,264,170,11,7,1.0,-1,-1,-1
1281,44,351,272,7,5,1.0,-1,-1,-1
1281,50,244,308,10,5,1.0,-1,-1,-1
1301,38,250,176,12,7,1.0,-1,-1,-1
1301,48,352,271,7,5,1.0,-1,-1,-1
1301,50,244,301,9,5,1.0,-1,-1,-1
1321,38,245,178,13,7,1.0,-1,-1,-1
1321,40,356,269,7,5,1.0,-1,-1,-1
1321,42,356,269,7,4,1.0,-1,-1,-1
1321,50,243,293,11,6,1.0,-1,-1,-1
1341,38,240,181,11,7,1.0,-1,-1,-1
1341,40,361,268,5,3,1.0,-1,-1,-1
1341,48,361,266,5,5,1.0,-1,-1,-1
1341,50,243,289,9,4,1.0,-1,-1,-1
1361,38,220,188,12,7,1.0,-1,-1,-1
1361,42,362,265,9,5,1.0,-1,-1,-1
1361,48,363,267,3,3,1.0,-1,-1,-1
1361,50,243,288,9,5,1.0,-1,-1,-1
1381,38,202,195,12,6,1.0,-1,-1,-1
1381,40,366,266,5,3,1.0,-1,-1,-1
1381,50,244,288,9,4,1.0,-1,-1,-1
1401,38,197,196,12,7,1.0,-1,-1,-1
1401,48,367,264,5,5,1.0,-1,-1,-1
1401,50,253,285,11,5,1.0,-1,-1,-1
1421,38,187,199,11,7,1.0,-1,-1,-1
1421,44,365,263,6,4,1.0,-1,-1,-1
1421,48,367,263,5,4,1.0,-1,-1,-1
1421,50,272,278,10,5,1.0,-1,-1,-1
1441,38,178,202,12,7,1.0,-1,-1,-1
1441,50,289,272,11,5,1.0,-1,-1,-1
1461,38,179,198,11,5,1.0,-1,-1,-1
1461,44,359,259,8,5,1.0,-1,-1,-1
1461,48,358,258,6,5,1.0,-1,-1,-1
1461,50,304,267,10,6,1.0,-1,-1,-1
1481,38,179,189,11,6,1.0,-1,-1,-1
1481,40,354,258,5,3,1.0,-1,-1,-1
1481,50,305,267,10,5,1.0,-1,-1,-1
1501,38,179,187,11,7,1.0,-1,-1,-1
1501,40,350,256,4,3,1.0,-1,-1,-1
1501,50,308,266,9,5,1.0,-1,-1,-1
1501,53,350,256,3,3,1.0,-1,-1,-1
1521,38,179,187,10,5,1.0,-1,-1,-1
1521,50,308,266,9,5,1.0,-1,-1,-1
1541,38,179,180,12,7,1.0,-1,-1,-1
1541,50,310,267,9,5,1.0,-1,-1,-1
1541,53,339,253,7,5,1.0,-1,-1,-1
1561,38,179,178,11,7,1.0,-1,-1,-1
1561,40,334,250,7,4,1.0,-1,-1,-1
1561,48,336,252,5,3,1.0,-1,-1,-1
1561,50,313,267,9,5,1.0,-1,-1,-1
1581,38,179,184,10,5,1.0,-1,-1,-1
1581,40,330,250,6,3,1.0,-1,-1,-1
1581,44,331,250,5,3,1.0,-1,-1,-1
1581,50,319,266,8,4,1.0,-1,-1,-1
1601,38,179,198,11,7,1.0,-1,-1,-1
1601,48,327,248,5,3,1.0,-1,-1,-1
1601,50,323,265,9,5,1.0,-1,-1,-1
1621,38,179,206,11,6,1.0,-1,-1,-1
1621,40,322,247,7,3,1.0,-1,-1,-1
1621,50,334,262,9,5,1.0,-1,-1,-1
1641,38,179,213,11,5,1.0,-1,-1,-1
1641,44,319,242,7,6,1.0,-1,-1,-1
1641,50,345,258,10,5,1.0,-1,-1,-1
1641,53,320,243,5,5,1.0,-1,-1,-1
1661,38,180,218,11,6,1.0,-1,-1,-1
1661,40,315,242,7,5,1.0,-1,-1,-1
1661,50,355,255,9,5,1.0,-1,-1,-1
1681,38,179,217,11,5,1.0,-1,-1,-1
1681,44,312,241,5,4,1.0,-1,-1,-1
1681,50,366,252,10,5,1.0,-1,-1,-1
1701,38,179,211,11,6,1.0,-1,-1,-1
1701,40,305,239,9,5,1.0,-1,-1,-1
1701,48,306,241,6,3,1.0,-1,-1,-1
1701,50,380,247,11,5,1.0,-1,-1,-1
1721,38,178,202,11,6,1.0,-1,-1,-1
1721,48,304,239,5,3,1.0,-1,-1,-1
1721,50,392,242,10,6,1.0,-1,-1,-1
1721,53,303,240,5,3,1.0,-1,-1,-1
1741,38,178,197,11,6,1.0,-1,-1,-1
1741,48,302,238,3,3,1.0,-1,-1,-1
1741,50,402,239,10,6,1.0,-1,-1,-1
1761,38,178,194,11,7,1.0,-1,-1,-1
1761,50,413,234,11,7,1.0,-1,-1,-1
1761,53,296,237,7,5,1.0,-1,-1,-1
1781,38,179,192,11,7,1.0,-1,-1,-1
1781,50,427,231,10,5,1.0,-1,-1,-1
1781,53,294,235,7,5,1.0,-1,-1,-1
1781,57,295,237,5,3,1.0,-1,-1,-1
1801,38,178,186,11,6,1.0,-1,-1,-1
1801,40,290,235,6,3,1.0,-1,-1,-1
1801,50,443,226,10,5,1.0,-1,-1,-1
1821,38,177,179,12,7,1.0,-1,-1,-1
1821,50,455,222,12,6,1.0,-1,-1,-1
1821,53,290,234,3,3,1.0,-1,-1,-1
1841,38,178,173,11,7,1.0,-1,-1,-1
1841,44,286,232,5,3,1.0,-1,-1,-1
1841,50,472,216,11,6,1.0,-1,-1,-1
1861,38,178,172,11,7,1.0,-1,-1,-1
1861,48,282,232,5,3,1.0,-1,-1,-1
1861,50,487,211,11,7,1.0,-1,-1,-1
1881,38,178,175,11,5,1.0,-1,-1,-1
1881,44,281,232,5,3,1.0,-1,-1,-1
1881,50,491,211,10,7,1.0,-1,-1,-1
