21,1,119,291,11,6,1.0,-1,-1,-1
21,2,82,188,7,4,1.0,-1,-1,-1
41,1,107,294,12,5,1.0,-1,-1,-1
41,2,128,171,8,5,1.0,-1,-1,-1
61,1,119,290,14,7,1.0,-1,-1,-1
61,2,192,152,7,3,1.0,-1,-1,-1
81,1,157,279,14,6,1.0,-1,-1,-1
81,2,251,131,10,7,1.0,-1,-1,-1
81,15,371,354,8,4,1.0,-1,-1,-1
101,1,216,263,12,5,1.0,-1,-1,-1
101,2,268,129,7,5,1.0,-1,-1,-1
101,15,367,352,9,5,1.0,-1,-1,-1
121,1,290,239,16,8,1.0,-1,-1,-1
121,2,267,132,9,5,1.0,-1,-1,-1
121,15,366,351,5,3,1.0,-1,-1,-1
141,1,342,225,12,10,1.0,-1,-1,-1
141,2,269,138,9,6,1.0,-1,-1,-1
141,15,360,348,6,3,1.0,-1,-1,-1
161,1,350,223,12,9,1.0,-1,-1,-1
161,2,284,159,9,6,1.0,-1,-1,-1
161,15,353,344,7,4,1.0,-1,-1,-1
181,1,336,227,12,9,1.0,-1,-1,-1
181,2,307,186,6,5,1.0,-1,-1,-1
181,15,344,339,8,5,1.0,-1,-1,-1
201,1,304,236,13,9,1.0,-1,-1,-1
201,2,323,207,6,4,1.0,-1,-1,-1
201,15,335,336,7,3,1.0,-1,-1,-1
221,1,267,248,11,6,1.0,-1,-1,-1
221,2,325,210,7,3,1.0,-1,-1,-1
221,15,326,331,7,4,1.0,-1,-1,-1
241,1,250,252,13,7,1.0,-1,-1,-1
241,2,322,209,9,4,1.0,-1,-1,-1
241,15,316,327,9,4,1.0,-1,-1,-1
261,1,237,257,12,6,1.0,-1,-1,-1
261,2,317,202,6,3,1.0,-1,-1,-1
261,15,308,322,9,5,1.0,-1,-1,-1
281,1,232,252,13,6,1.0,-1,-1,-1
281,2,304,189,8,5,1.0,-1,-1,-1
281,15,302,319,8,5,1.0,-1,-1,-1
301,1,232,234,13,7,1.0,-1,-1,-1
301,2,287,175,8,6,1.0,-1,-1,-1
301,15,296,315,9,6,1.0,-1,-1,-1
321,1,232,229,13,7,1.0,-1,-1,-1
321,2,248,174,7,5,1.0,-1,-1,-1
321,15,291,313,9,5,1.0,-1,-1,-1
341,1,231,216,13,7,1.0,-1,-1,-1
341,2,187,181,8,6,1.0,-1,-1,-1
341,15,289,311,10,5,1.0,-1,-1,-1
361,1,230,202,14,7,1.0,-1,-1,-1
361,2,111,198,7,5,1.0,-1,-1,-1
361,15,290,309,10,5,1.0,-1,-1,-1
381,1,229,188,13,7,1.0,-1,-1,-1
381,2,33,217,7,4,1.0,-1,-1,-1
381,15,313,303,8,3,1.0,-1,-1,-1
401,1,229,180,11,7,1.0,-1,-1,-1
401,22,353,289,12,5,1.0,-1,-1,-1
421,1,229,183,11,7,1.0,-1,-1,-1
421,22,406,272,11,5,1.0,-1,-1,-1
441,1,229,199,13,7,1.0,-1,-1,-1
441,22,458,256,11,5,1.0,-1,-1,-1
461,1,230,215,12,7,1.0,-1,-1,-1
461,22,491,245,10,7,1.0,-1,-1,-1
481,1,232,230,13,7,1.0,-1,-1,-1
481,22,498,244,9,5,1.0,-1,-1,-1
501,1,232,229,12,7,1.0,-1,-1,-1
501,22,509,240,9,5,1.0,-1,-1,-1
521,1,229,213,13,7,1.0,-1,-1,-1
521,22,516,238,10,5,1.0,-1,-1,-1
521,80,228,149,8,5,1.0,-1,-1,-1
541,1,228,224,13,7,1.0,-1,-1,-1
541,22,521,239,11,7,1.0,-1,-1,-1
541,85,288,128,8,7,1.0,-1,-1,-1
561,1,230,232,13,7,1.0,-1,-1,-1
561,22,529,247,8,5,1.0,-1,-1,-1
561,81,300,124,9,6,1.0,-1,-1,-1
581,1,226,232,13,9,1.0,-1,-1,-1
581,22,533,257,10,6,1.0,-1,-1,-1
581,81,302,124,8,5,1.0,-1,-1,-1
601,1,210,237,12,8,1.0,-1,-1,-1
601,22,540,267,10,6,1.0,-1,-1,-1
601,81,301,124,8,5,1.0,-1,-1,-1
621,1,183,247,10,6,1.0,-1,-1,-1
621,22,546,278,9,5,1.0,-1,-1,-1
621,81,300,125,9,6,1.0,-1,-1,-1
641,1,164,252,14,7,1.0,-1,-1,-1
641,22,553,287,7,4,1.0,-1,-1,-1
641,81,301,126,7,5,1.0,-1,-1,-1
661,1,166,252,12,5,1.0,-1,-1,-1
661,81,307,131,8,6,1.0,-1,-1,-1
661,95,559,294,7,5,1.0,-1,-1,-1
681,1,184,247,13,5,1.0,-1,-1,-1
681,81,315,145,7,5,1.0,-1,-1,-1
681,95,562,299,7,4,1.0,-1,-1,-1
701,1,218,236,13,7,1.0,-1,-1,-1
701,22,559,299,11,7,1.0,-1,-1,-1
701,81,324,158,8,5,1.0,-1,-1,-1
721,1,267,221,13,7,1.0,-1,-1,-1
721,22,544,304,8,5,1.0,-1,-1,-1
721,81,329,166,9,5,1.0,-1,-1,-1
741,1,326,202,13,7,1.0,-1,-1,-1
741,22,509,315,6,4,1.0,-1,-1,-1
741,97,311,173,8,6,1.0,-1,-1,-1
761,1,371,188,12,9,1.0,-1,-1,-1
761,22,471,326,6,4,1.0,-1,-1,-1
761,97,268,188,8,6,1.0,-1,-1,-1
781,1,382,184,13,10,1.0,-1,-1,-1
781,22,436,335,7,4,1.0,-1,-1,-1
781,97,216,208,6,4,1.0,-1,-1,-1
801,1,367,189,13,11,1.0,-1,-1,-1
801,97,192,218,6,3,1.0,-1,-1,-1
801,98,409,344,5,3,1.0,-1,-1,-1
821,1,328,202,12,9,1.0,-1,-1,-1
821,22,385,351,7,3,1.0,-1,-1,-1
821,97,189,219,8,5,1.0,-1,-1,-1
841,1,275,218,12,9,1.0,-1,-1,-1
841,22,382,352,7,3,1.0,-1,-1,-1
841,97,190,220,7,4,1.0,-1,-1,-1
861,1,228,234,11,6,1.0,-1,-1,-1
861,22,383,352,5,3,1.0,-1,-1,-1
861,97,191,221,7,3,1.0,-1,-1,-1
881,1,219,235,13,7,1.0,-1,-1,-1
881,22,377,349,8,5,1.0,-1,-1,-1
881,97,192,220,7,5,1.0,-1,-1,-1
901,1,220,235,13,7,1.0,-1,-1,-1
901,22,370,344,7,5,1.0,-1,-1,-1
901,97,191,221,6,3,1.0,-1,-1,-1
921,1,221,240,13,7,1.0,-1,-1,-1
921,22,358,339,7,3,1.0,-1,-1,-1
921,97,177,224,7,5,1.0,-1,-1,-1
941,1,222,251,13,7,1.0,-1,-1,-1
941,22,346,331,9,5,1.0,-1,-1,-1
941,97,156,232,7,4,1.0,-1,-1,-1
961,1,222,264,11,6,1.0,-1,-1,-1
961,22,336,326,9,5,1.0,-1,-1,-1
961,97,146,235,8,4,1.0,-1,-1,-1
981,1,220,258,14,7,1.0,-1,-1,-1
981,22,326,321,8,4,1.0,-1,-1,-1
981,97,153,233,5,3,1.0,-1,-1,-1
1001,1,219,250,13,6,1.0,-1,-1,-1
1001,22,315,315,11,6,1.0,-1,-1,-1
1001,105,165,230,6,3,1.0,-1,-1,-1
1021,1,221,259,13,7,1.0,-1,-1,-1
1021,22,307,311,10,5,1.0,-1,-1,-1
1021,97,179,225,7,3,1.0,-1,-1,-1
1021,105,179,225,8,5,1.0,-1,-1,-1
1041,1,220,259,14,7,1.0,-1,-1,-1
1041,22,300,307,9,5,1.0,-1,-1,-1
1041,105,206,216,5,3,1.0,-1,-1,-1
1061,1,209,261,13,7,1.0,-1,-1,-1
1061,22,291,303,9,5,1.0,-1,-1,-1
1061,108,245,199,6,4,1.0,-1,-1,-1
1081,1,185,269,12,7,1.0,-1,-1,-1
1081,22,281,299,9,5,1.0,-1,-1,-1
1081,121,297,176,6,4,1.0,-1,-1,-1
1101,1,155,278,11,6,1.0,-1,-1,-1
1101,22,273,295,9,5,1.0,-1,-1,-1
1121,1,141,282,14,6,1.0,-1,-1,-1
1121,22,263,291,9,4,1.0,-1,-1,-1
1121,105,373,142,9,5,1.0,-1,-1,-1
1121,121,371,143,7,5,1.0,-1,-1,-1
1141,1,133,285,13,6,1.0,-1,-1,-1
1141,22,253,286,11,5,1.0,-1,-1,-1
1141,121,367,143,9,7,1.0,-1,-1,-1
1161,1,128,287,11,5,1.0,-1,-1,-1
1161,22,250,280,9,5,1.0,-1,-1,-1
1161,128,338,153,10,6,1.0,-1,-1,-1
1181,1,131,285,14,5,1.0,-1,-1,-1
1181,22,260,270,10,5,1.0,-1,-1,-1
1181,128,284,170,8,6,1.0,-1,-1,-1
1201,1,151,279,14,5,1.0,-1,-1,-1
1201,22,282,256,13,6,1.0,-1,-1,-1
1201,128,215,193,7,5,1.0,-1,-1,-1
1221,1,190,267,14,6,1.0,-1,-1,-1
1221,22,313,240,12,6,1.0,-1,-1,-1
1221,128,139,218,7,5,1.0,-1,-1,-1
1241,1,237,251,16,10,1.0,-1,-1,-1
1241,22,343,225,11,6,1.0,-1,-1,-1
1241,128,64,243,7,3,1.0,-1,-1,-1
1261,1,245,234,13,8,1.0,-1,-1,-1
1261,22,370,209,14,8,1.0,-1,-1,-1
1261,128,4,265,8,3,1.0,-1,-1,-1
1281,1,245,233,13,8,1.0,-1,-1,-1
1281,22,384,205,11,7,1.0,-1,-1,-1
1301,1,234,236,14,8,1.0,-1,-1,-1
1301,22,400,200,13,6,1.0,-1,-1,-1
1321,1,209,244,12,8,1.0,-1,-1,-1
1321,22,434,188,11,6,1.0,-1,-1,-1
1341,1,174,256,11,6,1.0,-1,-1,-1
1341,22,475,172,14,7,1.0,-1,-1,-1
1361,1,162,258,14,7,1.0,-1,-1,-1
1361,22,515,158,14,8,1.0,-1,-1,-1
1381,1,153,261,13,7,1.0,-1,-1,-1
1381,22,533,154,14,10,1.0,-1,-1,-1
1401,1,133,266,12,7,1.0,-1,-1,-1
1401,22,545,166,13,8,1.0,-1,-1,-1
1421,1,110,274,12,6,1.0,-1,-1,-1
1421,22,551,183,11,7,1.0,-1,-1,-1
1441,1,99,278,13,5,1.0,-1,-1,-1
1441,22,548,200,11,7,1.0,-1,-1,-1
1441,183,259,186,8,5,1.0,-1,-1,-1
1461,1,107,275,14,6,1.0,-1,-1,-1
1461,22,544,218,9,5,1.0,-1,-1,-1
1461,181,292,175,8,6,1.0,-1,-1,-1
1481,1,140,265,12,6,1.0,-1,-1,-1
1481,22,540,233,11,6,1.0,-1,-1,-1
1481,171,303,171,7,5,1.0,-1,-1,-1
1501,1,199,248,12,5,1.0,-1,-1,-1
1501,22,541,250,9,5,1.0,-1,-1,-1
1501,171,303,162,6,4,1.0,-1,-1,-1
1521,1,277,221,19,10,1.0,-1,-1,-1
1521,22,543,265,8,5,1.0,-1,-1,-1
1521,171,290,140,8,5,1.0,-1,-1,-1
1541,1,334,207,12,10,1.0,-1,-1,-1
1541,22,545,278,9,5,1.0,-1,-1,-1
1541,171,270,109,9,5,1.0,-1,-1,-1
1561,1,341,206,11,9,1.0,-1,-1,-1
1561,22,546,288,9,5,1.0,-1,-1,-1
1561,171,251,86,10,8,1.0,-1,-1,-1
1581,1,321,211,13,9,1.0,-1,-1,-1
1581,22,547,289,9,5,1.0,-1,-1,-1
1581,171,243,83,9,7,1.0,-1,-1,-1
1601,1,284,222,11,8,1.0,-1,-1,-1
1601,22,538,294,7,5,1.0,-1,-1,-1
1601,171,216,91,10,8,1.0,-1,-1,-1
1621,1,229,238,13,9,1.0,-1,-1,-1
1621,22,514,301,9,6,1.0,-1,-1,-1
1621,171,161,111,9,7,1.0,-1,-1,-1
1641,1,177,256,11,6,1.0,-1,-1,-1
1641,22,483,311,8,5,1.0,-1,-1,-1
1641,171,92,136,9,5,1.0,-1,-1,-1
1661,1,162,260,12,5,1.0,-1,-1,-1
1661,22,450,321,7,5,1.0,-1,-1,-1
1661,171,37,156,8,5,1.0,-1,-1,-1
1681,1,161,266,13,6,1.0,-1,-1,-1
1681,22,417,331,9,5,1.0,-1,-1,-1
1681,171,21,164,10,6,1.0,-1,-1,-1
1701,1,162,292,13,6,1.0,-1,-1,-1
1701,22,384,340,11,7,1.0,-1,-1,-1
1701,171,28,177,8,5,1.0,-1,-1,-1
1721,1,162,307,15,7,1.0,-1,-1,-1
1721,22,352,351,7,4,1.0,-1,-1,-1
1721,171,44,192,9,5,1.0,-1,-1,-1
1741,1,161,293,13,6,1.0,-1,-1,-1
1741,171,59,208,9,5,1.0,-1,-1,-1
1761,1,160,274,13,6,1.0,-1,-1,-1
1761,171,74,222,7,3,1.0,-1,-1,-1
1781,1,160,293,13,6,1.0,-1,-1,-1
1781,191,75,223,8,3,1.0,-1,-1,-1
1801,1,159,322,13,6,1.0,-1,-1,-1
1801,191,76,223,7,4,1.0,-1,-1,-1
1821,1,160,312,14,6,1.0,-1,-1,-1
1821,191,74,223,7,3,1.0,-1,-1,-1
1841,1,159,285,13,7,1.0,-1,-1,-1
1841,191,73,223,7,3,1.0,-1,-1,-1
1861,1,160,277,12,5,1.0,-1,-1,-1
1861,191,74,224,8,3,1.0,-1,-1,-1
1861,193,322,353,9,4,1.0,-1,-1,-1
1881,1,157,277,14,7,1.0,-1,-1,-1
1881,191,82,228,9,5,1.0,-1,-1,-1
1881,204,318,320,9,5,1.0,-1,-1,-1
1901,1,140,281,15,9,1.0,-1,-1,-1
1901,191,100,239,7,5,1.0,-1,-1,-1
1901,206,316,296,7,4,1.0,-1,-1,-1
1921,1,121,288,11,5,1.0,-1,-1,-1
1921,191,126,254,7,4,1.0,-1,-1,-1
1921,193,314,281,6,4,1.0,-1,-1,-1
1921,199,314,282,7,3,1.0,-1,-1,-1
1941,1,116,289,13,5,1.0,-1,-1,-1
1941,191,153,269,5,4,1.0,-1,-1,-1
1941,202,311,269,9,5,1.0,-1,-1,-1
1961,1,118,289,14,5,1.0,-1,-1,-1
1961,206,311,259,7,5,1.0,-1,-1,-1
1981,1,135,284,12,5,1.0,-1,-1,-1
1981,193,312,255,5,3,1.0,-1,-1,-1
2001,1,172,272,15,6,1.0,-1,-1,-1
2001,206,311,249,5,3,1.0,-1,-1,-1
2021,1,228,255,15,7,1.0,-1,-1,-1
2021,193,308,243,9,5,1.0,-1,-1,-1
2021,206,310,243,7,4,1.0,-1,-1,-1
2041,1,268,243,12,9,1.0,-1,-1,-1
2041,206,309,239,7,5,1.0,-1,-1,-1
2061,1,273,242,11,7,1.0,-1,-1,-1
2061,206,309,240,7,3,1.0,-1,-1,-1
2081,1,266,242,15,8,1.0,-1,-1,-1
2081,193,313,239,5,3,1.0,-1,-1,-1
2081,199,312,239,5,3,1.0,-1,-1,-1
2101,1,268,242,13,8,1.0,-1,-1,-1
2101,241,322,228,8,6,1.0,-1,-1,-1
2121,1,267,243,13,8,1.0,-1,-1,-1
2121,199,326,227,7,5,1.0,-1,-1,-1
2141,1,251,246,15,9,1.0,-1,-1,-1
2141,241,326,228,7,5,1.0,-1,-1,-1
2161,1,228,254,13,8,1.0,-1,-1,-1
2161,241,328,230,5,3,1.0,-1,-1,-1
2181,1,198,263,13,7,1.0,-1,-1,-1
2181,202,327,230,6,3,1.0,-1,-1,-1
2181,251,189,271,7,3,1.0,-1,-1,-1
2201,1,167,272,14,7,1.0,-1,-1,-1
2201,199,337,226,4,3,1.0,-1,-1,-1
