21,5,389,282,6,3,1.0,-1,-1,-1
41,14,404,254,6,3,1.0,-1,-1,-1
61,24,423,219,8,5,1.0,-1,-1,-1
81,4,442,181,7,6,1.0,-1,-1,-1
81,26,443,181,5,4,1.0,-1,-1,-1
101,4,455,155,8,7,1.0,-1,-1,-1
121,16,457,155,7,5,1.0,-1,-1,-1
121,24,458,154,8,5,1.0,-1,-1,-1
141,16,457,151,7,5,1.0,-1,-1,-1
161,24,456,151,7,5,1.0,-1,-1,-1
181,24,462,176,8,5,1.0,-1,-1,-1
201,24,469,213,8,5,1.0,-1,-1,-1
221,24,471,260,7,5,1.0,-1,-1,-1
241,24,462,289,7,4,1.0,-1,-1,-1
281,24,444,325,8,5,1.0,-1,-1,-1
301,24,441,328,10,5,1.0,-1,-1,-1
321,37,424,330,6,5,1.0,-1,-1,-1
341,41,386,332,11,8,1.0,-1,-1,-1
341,42,387,332,7,5,1.0,-1,-1,-1
361,37,373,335,6,3,1.0,-1,-1,-1
381,38,375,335,4,3,1.0,-1,-1,-1
381,43,372,335,7,5,1.0,-1,-1,-1
401,45,371,322,7,7,1.0,-1,-1,-1
421,44,370,332,8,6,1.0,-1,-1,-1
441,40,368,352,5,5,1.0,-1,-1,-1
861,49,241,341,6,3,1.0,-1,-1,-1
881,50,225,334,5,4,1.0,-1,-1,-1
901,50,216,329,5,5,1.0,-1,-1,-1
921,50,218,329,5,5,1.0,-1,-1,-1
921,51,217,331,5,3,1.0,-1,-1,-1
941,56,219,319,6,4,1.0,-1,-1,-1
981,49,232,272,5,3,1.0,-1,-1,-1
1021,57,299,267,6,4,1.0,-1,-1,-1
1041,73,321,257,4,4,1.0,-1,-1,-1
1061,79,340,234,2,2,1.0,-1,-1,-1
1081,95,360,194,5,3,1.0,-1,-1,-1
1101,111,379,146,7,5,1.0,-1,-1,-1
1121,112,400,113,9,8,1.0,-1,-1,-1
1141,114,413,127,9,7,1.0,-1,-1,-1
1161,115,422,169,9,7,1.0,-1,-1,-1
1181,115,401,215,9,7,1.0,-1,-1,-1
1201,115,335,258,8,6,1.0,-1,-1,-1
1241,125,175,234,7,6,1.0,-1,-1,-1
1261,120,170,231,9,5,1.0,-1,-1,-1
1261,126,171,232,9,5,1.0,-1,-1,-1
1281,127,223,234,8,7,1.0,-1,-1,-1
1301,127,303,232,7,4,1.0,-1,-1,-1
1321,127,368,207,7,4,1.0,-1,-1,-1
1341,127,434,151,13,6,1.0,-1,-1,-1
1361,127,490,92,11,8,1.0,-1,-1,-1
1381,127,485,58,10,9,1.0,-1,-1,-1
1401,127,415,41,12,10,1.0,-1,-1,-1
1421,127,336,68,16,12,1.0,-1,-1,-1
1441,127,326,142,14,10,1.0,-1,-1,-1
1461,127,338,231,17,9,1.0,-1,-1,-1
1481,143,320,242,18,8,1.0,-1,-1,-1
1501,143,248,162,32,17,1.0,-1,-1,-1
1521,143,232,128,17,9,1.0,-1,-1,-1
1541,143,224,60,42,22,1.0,-1,-1,-1
1561,143,236,104,33,23,1.0,-1,-1,-1
1581,143,241,263,30,16,1.0,-1,-1,-1
1601,143,239,256,40,16,1.0,-1,-1,-1
1621,143,241,197,33,11,1.0,-1,-1,-1
1641,143,237,144,48,25,1.0,-1,-1,-1
1661,143,240,123,50,27,1.0,-1,-1,-1
1681,143,249,113,42,22,1.0,-1,-1,-1
1701,143,245,118,49,30,1.0,-1,-1,-1
1721,143,251,221,33,22,1.0,-1,-1,-1
1741,144,254,271,25,7,1.0,-1,-1,-1
1761,145,253,169,29,12,1.0,-1,-1,-1
1781,145,256,153,25,16,1.0,-1,-1,-1
1801,145,257,225,19,11,1.0,-1,-1,-1
1801,147,232,30,13,10,1.0,-1,-1,-1
1821,145,256,254,13,8,1.0,-1,-1,-1
1821,147,230,115,10,7,1.0,-1,-1,-1
1841,145,255,265,12,8,1.0,-1,-1,-1
1841,147,231,176,7,4,1.0,-1,-1,-1
1861,145,269,294,9,6,1.0,-1,-1,-1
1861,164,232,195,10,5,1.0,-1,-1,-1
1881,145,313,323,6,4,1.0,-1,-1,-1
1881,165,251,196,8,7,1.0,-1,-1,-1
1901,165,299,201,7,4,1.0,-1,-1,-1
1901,170,339,306,3,4,1.0,-1,-1,-1
1921,165,323,207,6,3,1.0,-1,-1,-1
1921,182,342,271,6,5,1.0,-1,-1,-1
1941,164,330,231,9,5,1.0,-1,-1,-1
1941,180,340,259,7,4,1.0,-1,-1,-1
1961,164,336,277,7,5,1.0,-1,-1,-1
1961,184,332,260,6,5,1.0,-1,-1,-1
1981,164,338,318,10,6,1.0,-1,-1,-1
1981,181,329,261,7,5,1.0,-1,-1,-1
2001,184,330,264,6,3,1.0,-1,-1,-1
2001,187,298,326,9,7,1.0,-1,-1,-1
2021,184,331,263,7,5,1.0,-1,-1,-1
2021,187,245,327,8,5,1.0,-1,-1,-1
2041,181,328,263,7,5,1.0,-1,-1,-1
2041,187,241,323,8,4,1.0,-1,-1,-1
2061,181,328,264,6,5,1.0,-1,-1,-1
2061,188,248,282,8,5,1.0,-1,-1,-1
2081,184,326,265,7,4,1.0,-1,-1,-1
2081,188,250,234,9,5,1.0,-1,-1,-1
2101,181,324,264,9,6,1.0,-1,-1,-1
2101,188,246,192,9,6,1.0,-1,-1,-1
2121,181,326,266,5,3,1.0,-1,-1,-1
2121,184,323,264,9,5,1.0,-1,-1,-1
2121,188,243,158,8,5,1.0,-1,-1,-1
2141,184,323,265,9,5,1.0,-1,-1,-1
2141,188,251,137,8,7,1.0,-1,-1,-1
2161,184,325,266,7,5,1.0,-1,-1,-1
2161,188,273,138,7,5,1.0,-1,-1,-1
2181,181,325,267,7,3,1.0,-1,-1,-1
2181,184,323,266,9,5,1.0,-1,-1,-1
2181,188,301,139,8,6,1.0,-1,-1,-1
