21,1,333,63,11,5,1.0,-1,-1,-1
21,2,479,162,12,5,1.0,-1,-1,-1
21,3,311,205,9,5,1.0,-1,-1,-1
41,1,331,63,13,5,1.0,-1,-1,-1
41,2,452,161,12,5,1.0,-1,-1,-1
41,3,310,205,11,5,1.0,-1,-1,-1
61,1,329,63,13,5,1.0,-1,-1,-1
61,2,441,162,11,3,1.0,-1,-1,-1
61,3,310,205,11,5,1.0,-1,-1,-1
81,1,324,62,13,7,1.0,-1,-1,-1
81,2,437,161,11,4,1.0,-1,-1,-1
81,3,314,205,11,5,1.0,-1,-1,-1
101,1,311,63,12,5,1.0,-1,-1,-1
101,2,434,160,11,5,1.0,-1,-1,-1
101,3,346,207,8,3,1.0,-1,-1,-1
121,1,318,62,12,5,1.0,-1,-1,-1
121,2,431,160,12,5,1.0,-1,-1,-1
121,3,352,208,11,3,1.0,-1,-1,-1
141,1,329,62,12,5,1.0,-1,-1,-1
141,2,397,159,11,5,1.0,-1,-1,-1
141,3,327,206,15,6,1.0,-1,-1,-1
161,1,325,62,12,5,1.0,-1,-1,-1
161,2,362,158,11,5,1.0,-1,-1,-1
161,3,285,206,9,5,1.0,-1,-1,-1
181,1,322,61,13,7,1.0,-1,-1,-1
181,2,368,157,11,5,1.0,-1,-1,-1
181,3,275,207,9,3,1.0,-1,-1,-1
201,1,336,60,12,6,1.0,-1,-1,-1
201,2,405,160,10,3,1.0,-1,-1,-1
201,3,299,207,13,7,1.0,-1,-1,-1
221,1,372,59,14,7,1.0,-1,-1,-1
221,2,432,159,11,5,1.0,-1,-1,-1
221,3,353,209,8,4,1.0,-1,-1,-1
241,1,383,59,12,7,1.0,-1,-1,-1
241,2,418,159,11,5,1.0,-1,-1,-1
241,3,368,210,8,3,1.0,-1,-1,-1
261,1,369,59,11,7,1.0,-1,-1,-1
261,2,364,157,12,5,1.0,-1,-1,-1
261,4,339,193,9,5,1.0,-1,-1,-1
281,1,337,60,12,7,1.0,-1,-1,-1
281,2,306,154,11,5,1.0,-1,-1,-1
281,4,311,186,8,4,1.0,-1,-1,-1
301,1,294,61,15,7,1.0,-1,-1,-1
301,2,294,154,10,5,1.0,-1,-1,-1
301,4,304,183,9,3,1.0,-1,-1,-1
321,1,277,62,13,7,1.0,-1,-1,-1
321,2,296,144,14,6,1.0,-1,-1,-1
321,6,303,201,10,4,1.0,-1,-1,-1
341,1,288,63,13,5,1.0,-1,-1,-1
341,2,296,134,11,4,1.0,-1,-1,-1
341,6,303,219,10,4,1.0,-1,-1,-1
361,1,291,63,12,5,1.0,-1,-1,-1
361,2,305,133,12,5,1.0,-1,-1,-1
361,8,302,202,13,6,1.0,-1,-1,-1
381,1,289,63,12,5,1.0,-1,-1,-1
381,2,347,134,11,5,1.0,-1,-1,-1
381,8,307,200,7,3,1.0,-1,-1,-1
401,1,288,63,13,5,1.0,-1,-1,-1
401,2,400,134,11,5,1.0,-1,-1,-1
401,8,339,201,9,5,1.0,-1,-1,-1
421,1,289,63,12,5,1.0,-1,-1,-1
421,2,405,134,11,5,1.0,-1,-1,-1
421,8,353,207,10,5,1.0,-1,-1,-1
441,1,309,61,12,7,1.0,-1,-1,-1
441,2,401,132,13,5,1.0,-1,-1,-1
441,8,347,215,10,5,1.0,-1,-1,-1
461,1,372,58,13,7,1.0,-1,-1,-1
461,2,396,132,12,5,1.0,-1,-1,-1
461,8,348,218,9,5,1.0,-1,-1,-1
481,1,415,55,11,5,1.0,-1,-1,-1
481,2,355,130,10,4,1.0,-1,-1,-1
481,8,357,216,7,3,1.0,-1,-1,-1
501,1,436,37,18,9,1.0,-1,-1,-1
501,2,287,126,11,5,1.0,-1,-1,-1
501,8,356,206,9,4,1.0,-1,-1,-1
521,1,435,31,14,9,1.0,-1,-1,-1
521,2,252,126,10,5,1.0,-1,-1,-1
521,10,364,178,9,4,1.0,-1,-1,-1
541,1,392,28,14,9,1.0,-1,-1,-1
541,2,244,134,12,6,1.0,-1,-1,-1
541,10,380,166,13,6,1.0,-1,-1,-1
561,1,335,27,15,9,1.0,-1,-1,-1
561,2,241,153,10,5,1.0,-1,-1,-1
561,10,386,167,10,3,1.0,-1,-1,-1
581,1,317,28,13,7,1.0,-1,-1,-1
581,2,240,172,7,4,1.0,-1,-1,-1
581,10,395,160,11,5,1.0,-1,-1,-1
601,1,318,29,15,7,1.0,-1,-1,-1
601,2,239,187,6,3,1.0,-1,-1,-1
601,10,426,141,12,5,1.0,-1,-1,-1
621,1,321,29,14,7,1.0,-1,-1,-1
621,2,238,192,6,3,1.0,-1,-1,-1
621,10,464,105,16,6,1.0,-1,-1,-1
641,1,320,29,15,7,1.0,-1,-1,-1
641,2,238,189,7,4,1.0,-1,-1,-1
641,10,452,61,17,6,1.0,-1,-1,-1
661,1,319,29,14,7,1.0,-1,-1,-1
661,2,236,182,9,5,1.0,-1,-1,-1
661,10,387,0,24,10,1.0,-1,-1,-1
681,2,238,184,7,3,1.0,-1,-1,-1
681,15,315,29,48,17,1.0,-1,-1,-1
701,1,328,29,14,7,1.0,-1,-1,-1
701,2,238,191,5,3,1.0,-1,-1,-1
701,17,323,121,22,8,1.0,-1,-1,-1
721,1,366,25,15,9,1.0,-1,-1,-1
721,2,236,197,8,5,1.0,-1,-1,-1
721,17,331,179,24,7,1.0,-1,-1,-1
741,1,368,26,12,9,1.0,-1,-1,-1
741,2,233,198,9,5,1.0,-1,-1,-1
741,17,296,190,28,8,1.0,-1,-1,-1
761,1,330,28,14,7,1.0,-1,-1,-1
761,2,236,197,5,3,1.0,-1,-1,-1
761,17,259,213,27,8,1.0,-1,-1,-1
781,1,323,28,13,7,1.0,-1,-1,-1
781,2,235,196,7,5,1.0,-1,-1,-1
781,17,254,219,33,12,1.0,-1,-1,-1
801,1,324,28,14,7,1.0,-1,-1,-1
801,2,245,198,7,4,1.0,-1,-1,-1
801,17,276,206,29,9,1.0,-1,-1,-1
821,1,315,29,14,7,1.0,-1,-1,-1
821,17,284,197,34,9,1.0,-1,-1,-1
841,1,286,31,13,7,1.0,-1,-1,-1
841,17,287,186,46,11,1.0,-1,-1,-1
861,1,271,31,14,7,1.0,-1,-1,-1
861,17,304,144,99,29,1.0,-1,-1,-1
861,22,304,200,5,3,1.0,-1,-1,-1
881,1,296,29,15,9,1.0,-1,-1,-1
881,17,327,135,78,22,1.0,-1,-1,-1
881,21,305,199,7,5,1.0,-1,-1,-1
881,22,304,199,5,3,1.0,-1,-1,-1
901,1,349,27,15,9,1.0,-1,-1,-1
901,17,388,112,107,41,1.0,-1,-1,-1
901,23,320,199,9,6,1.0,-1,-1,-1
921,1,373,26,11,5,1.0,-1,-1,-1
921,17,393,184,90,26,1.0,-1,-1,-1
921,23,323,199,10,7,1.0,-1,-1,-1
941,1,378,9,21,11,1.0,-1,-1,-1
941,17,273,193,116,33,1.0,-1,-1,-1
961,1,384,45,14,8,1.0,-1,-1,-1
961,17,297,196,98,34,1.0,-1,-1,-1
981,1,383,95,13,6,1.0,-1,-1,-1
981,17,411,235,94,25,1.0,-1,-1,-1
981,23,325,200,10,6,1.0,-1,-1,-1
1001,1,384,136,13,5,1.0,-1,-1,-1
1001,17,449,236,91,30,1.0,-1,-1,-1
1001,23,326,200,9,5,1.0,-1,-1,-1
1021,1,385,170,14,5,1.0,-1,-1,-1
1021,17,505,224,129,36,1.0,-1,-1,-1
1021,21,339,201,4,3,1.0,-1,-1,-1
1041,1,378,171,15,6,1.0,-1,-1,-1
1041,17,446,225,119,32,1.0,-1,-1,-1
1041,23,333,200,5,3,1.0,-1,-1,-1
1061,1,345,170,16,7,1.0,-1,-1,-1
1061,17,474,224,132,34,1.0,-1,-1,-1
1061,27,307,200,3,3,1.0,-1,-1,-1
1081,1,287,171,15,7,1.0,-1,-1,-1
1081,17,387,224,119,31,1.0,-1,-1,-1
1081,32,275,199,5,3,1.0,-1,-1,-1
1101,1,259,172,15,7,1.0,-1,-1,-1
1101,17,247,217,145,42,1.0,-1,-1,-1
1101,23,263,199,4,3,1.0,-1,-1,-1
1121,1,274,173,14,5,1.0,-1,-1,-1
1121,17,446,225,90,30,1.0,-1,-1,-1
1121,23,260,199,5,3,1.0,-1,-1,-1
1141,1,287,173,14,5,1.0,-1,-1,-1
1141,36,549,224,90,30,1.0,-1,-1,-1
1141,38,257,200,5,3,1.0,-1,-1,-1
1161,1,278,172,16,7,1.0,-1,-1,-1
1161,36,343,222,102,29,1.0,-1,-1,-1
1161,38,254,200,5,3,1.0,-1,-1,-1
1181,1,243,173,15,7,1.0,-1,-1,-1
1181,36,44,216,103,35,1.0,-1,-1,-1
1181,37,253,200,5,3,1.0,-1,-1,-1
1201,1,231,173,16,6,1.0,-1,-1,-1
1201,36,176,209,119,41,1.0,-1,-1,-1
1201,38,255,200,4,3,1.0,-1,-1,-1
1221,1,253,172,15,5,1.0,-1,-1,-1
1221,40,276,200,5,3,1.0,-1,-1,-1
1241,1,268,171,16,7,1.0,-1,-1,-1
1261,1,258,171,15,5,1.0,-1,-1,-1
1261,47,344,202,5,4,1.0,-1,-1,-1
1281,1,232,171,16,7,1.0,-1,-1,-1
1281,42,346,202,5,3,1.0,-1,-1,-1
1281,46,345,202,5,3,1.0,-1,-1,-1
1301,1,233,171,16,7,1.0,-1,-1,-1
1301,46,339,202,5,3,1.0,-1,-1,-1
1321,1,263,170,16,7,1.0,-1,-1,-1
1321,46,330,200,8,5,1.0,-1,-1,-1
1341,1,271,171,15,5,1.0,-1,-1,-1
1341,46,344,201,5,4,1.0,-1,-1,-1
1361,1,268,171,16,5,1.0,-1,-1,-1
1361,46,352,201,5,3,1.0,-1,-1,-1
1381,1,267,171,16,5,1.0,-1,-1,-1
1381,46,351,201,5,3,1.0,-1,-1,-1
1381,55,325,34,16,7,1.0,-1,-1,-1
1401,1,267,171,15,5,1.0,-1,-1,-1
1401,46,351,201,5,3,1.0,-1,-1,-1
1401,57,311,17,21,7,1.0,-1,-1,-1
1421,1,267,171,16,5,1.0,-1,-1,-1
1421,46,360,202,4,3,1.0,-1,-1,-1
1441,1,268,171,15,5,1.0,-1,-1,-1
1441,46,359,201,5,3,1.0,-1,-1,-1
1461,1,269,171,15,5,1.0,-1,-1,-1
1461,58,342,202,5,3,1.0,-1,-1,-1
1481,1,268,171,16,5,1.0,-1,-1,-1
1501,1,267,171,17,5,1.0,-1,-1,-1
1501,72,336,243,9,5,1.0,-1,-1,-1
1501,80,311,98,22,8,1.0,-1,-1,-1
1521,1,255,171,16,5,1.0,-1,-1,-1
1521,72,335,243,9,5,1.0,-1,-1,-1
1521,80,366,107,18,9,1.0,-1,-1,-1
1541,1,229,171,17,6,1.0,-1,-1,-1
1541,72,321,243,7,3,1.0,-1,-1,-1
1541,80,449,114,15,6,1.0,-1,-1,-1
1561,1,218,171,18,7,1.0,-1,-1,-1
1561,72,298,243,8,3,1.0,-1,-1,-1
1561,80,471,115,17,7,1.0,-1,-1,-1
1581,1,246,171,15,6,1.0,-1,-1,-1
1581,72,289,243,9,5,1.0,-1,-1,-1
1581,80,436,113,18,7,1.0,-1,-1,-1
1601,1,260,171,15,5,1.0,-1,-1,-1
1601,72,289,243,7,5,1.0,-1,-1,-1
1601,80,352,107,21,9,1.0,-1,-1,-1
1621,1,248,171,15,6,1.0,-1,-1,-1
1621,72,291,242,8,4,1.0,-1,-1,-1
1621,80,320,71,15,6,1.0,-1,-1,-1
1641,1,222,171,17,7,1.0,-1,-1,-1
1641,72,298,237,8,4,1.0,-1,-1,-1
1661,1,227,171,16,7,1.0,-1,-1,-1
1661,72,305,230,9,4,1.0,-1,-1,-1
1681,1,265,170,16,7,1.0,-1,-1,-1
1681,72,307,248,7,3,1.0,-1,-1,-1
1701,1,317,168,16,9,1.0,-1,-1,-1
1701,72,300,253,6,3,1.0,-1,-1,-1
1721,1,325,168,15,7,1.0,-1,-1,-1
1721,72,284,256,7,3,1.0,-1,-1,-1
1721,84,270,6,12,8,1.0,-1,-1,-1
1741,1,302,168,16,7,1.0,-1,-1,-1
1741,72,282,258,6,3,1.0,-1,-1,-1
1741,85,251,61,10,5,1.0,-1,-1,-1
1761,1,284,170,14,5,1.0,-1,-1,-1
1761,72,286,256,7,3,1.0,-1,-1,-1
1761,84,238,87,6,3,1.0,-1,-1,-1
1781,1,286,179,15,6,1.0,-1,-1,-1
1781,72,295,253,7,3,1.0,-1,-1,-1
1781,85,231,107,6,3,1.0,-1,-1,-1
1801,72,305,245,9,3,1.0,-1,-1,-1
1801,85,233,112,6,3,1.0,-1,-1,-1
1801,86,286,200,14,4,1.0,-1,-1,-1
1821,72,310,241,10,3,1.0,-1,-1,-1
1821,86,282,197,17,5,1.0,-1,-1,-1
1821,87,256,114,6,3,1.0,-1,-1,-1
1841,1,270,188,23,7,1.0,-1,-1,-1
1841,72,319,231,15,5,1.0,-1,-1,-1
1841,85,273,115,5,3,1.0,-1,-1,-1
1861,1,267,184,18,7,1.0,-1,-1,-1
1861,72,317,227,15,5,1.0,-1,-1,-1
1861,89,274,121,6,3,1.0,-1,-1,-1
1881,1,268,184,17,7,1.0,-1,-1,-1
1881,72,313,226,15,5,1.0,-1,-1,-1
1881,86,265,184,21,7,1.0,-1,-1,-1
1881,95,273,154,5,3,1.0,-1,-1,-1
1901,1,269,185,17,5,1.0,-1,-1,-1
1901,72,306,225,14,5,1.0,-1,-1,-1
1901,86,266,185,21,5,1.0,-1,-1,-1
1901,95,273,162,5,3,1.0,-1,-1,-1
1921,72,293,223,15,5,1.0,-1,-1,-1
1921,86,268,185,18,5,1.0,-1,-1,-1
1921,88,281,162,7,3,1.0,-1,-1,-1
1921,89,280,162,6,3,1.0,-1,-1,-1
1941,72,288,235,15,5,1.0,-1,-1,-1
1941,86,267,185,18,5,1.0,-1,-1,-1
1941,96,295,162,6,3,1.0,-1,-1,-1
1961,1,281,184,19,7,1.0,-1,-1,-1
1961,72,285,245,13,5,1.0,-1,-1,-1
1961,89,306,163,6,3,1.0,-1,-1,-1
1981,1,316,183,20,7,1.0,-1,-1,-1
1981,72,283,241,14,5,1.0,-1,-1,-1
1981,89,313,164,5,3,1.0,-1,-1,-1
2001,1,327,183,17,5,1.0,-1,-1,-1
2001,72,287,230,19,7,1.0,-1,-1,-1
2001,96,301,163,5,3,1.0,-1,-1,-1
2021,1,325,176,20,6,1.0,-1,-1,-1
2021,72,296,201,31,10,1.0,-1,-1,-1
2021,96,289,163,6,3,1.0,-1,-1,-1
2041,72,295,156,40,14,1.0,-1,-1,-1
2061,72,277,145,56,23,1.0,-1,-1,-1
2061,101,291,193,8,4,1.0,-1,-1,-1
2081,72,265,192,70,23,1.0,-1,-1,-1
2081,104,310,175,22,8,1.0,-1,-1,-1
2101,107,300,224,9,5,1.0,-1,-1,-1
2101,111,406,196,59,19,1.0,-1,-1,-1
2121,103,309,219,9,4,1.0,-1,-1,-1
2121,111,413,200,59,19,1.0,-1,-1,-1
2121,120,309,198,27,8,1.0,-1,-1,-1
2141,72,182,198,64,23,1.0,-1,-1,-1
2141,136,309,209,11,5,1.0,-1,-1,-1
2141,140,309,88,24,9,1.0,-1,-1,-1
2161,136,309,210,11,5,1.0,-1,-1,-1
2161,140,307,69,26,10,1.0,-1,-1,-1
