21,1,233,172,26,7,1.0,-1,-1,-1
21,2,391,196,30,7,1.0,-1,-1,-1
21,3,286,134,7,3,1.0,-1,-1,-1
41,1,233,172,25,7,1.0,-1,-1,-1
41,3,285,131,9,5,1.0,-1,-1,-1
41,10,389,123,31,8,1.0,-1,-1,-1
61,1,234,172,25,7,1.0,-1,-1,-1
61,3,287,116,7,4,1.0,-1,-1,-1
61,11,409,142,28,9,1.0,-1,-1,-1
81,1,233,172,26,7,1.0,-1,-1,-1
81,3,287,100,9,5,1.0,-1,-1,-1
81,11,387,92,31,13,1.0,-1,-1,-1
101,1,234,172,26,7,1.0,-1,-1,-1
101,14,288,131,8,3,1.0,-1,-1,-1
101,15,366,134,23,7,1.0,-1,-1,-1
121,1,234,172,25,7,1.0,-1,-1,-1
121,22,286,147,8,4,1.0,-1,-1,-1
121,23,363,159,25,7,1.0,-1,-1,-1
141,1,234,172,25,7,1.0,-1,-1,-1
141,22,280,152,9,5,1.0,-1,-1,-1
141,23,363,160,28,7,1.0,-1,-1,-1
161,1,233,172,25,7,1.0,-1,-1,-1
161,22,270,166,6,3,1.0,-1,-1,-1
161,24,363,190,26,8,1.0,-1,-1,-1
181,1,235,172,29,7,1.0,-1,-1,-1
181,27,363,160,29,8,1.0,-1,-1,-1
201,1,232,172,26,7,1.0,-1,-1,-1
201,31,365,126,27,7,1.0,-1,-1,-1
201,32,270,175,6,3,1.0,-1,-1,-1
221,1,233,173,25,7,1.0,-1,-1,-1
221,31,366,181,23,6,1.0,-1,-1,-1
221,32,296,176,5,3,1.0,-1,-1,-1
241,1,233,173,26,7,1.0,-1,-1,-1
241,31,363,193,27,7,1.0,-1,-1,-1
241,32,307,177,7,3,1.0,-1,-1,-1
261,1,233,172,26,8,1.0,-1,-1,-1
261,31,362,182,28,7,1.0,-1,-1,-1
261,32,314,177,6,3,1.0,-1,-1,-1
281,1,233,172,25,7,1.0,-1,-1,-1
281,32,329,177,7,4,1.0,-1,-1,-1
281,40,362,113,30,8,1.0,-1,-1,-1
301,1,231,173,26,7,1.0,-1,-1,-1
301,40,383,90,32,11,1.0,-1,-1,-1
301,41,342,178,6,3,1.0,-1,-1,-1
321,1,249,172,25,9,1.0,-1,-1,-1
321,40,376,95,28,13,1.0,-1,-1,-1
321,51,339,208,8,5,1.0,-1,-1,-1
341,1,313,172,26,10,1.0,-1,-1,-1
341,31,350,95,22,6,1.0,-1,-1,-1
341,54,333,228,13,5,1.0,-1,-1,-1
361,1,311,172,22,9,1.0,-1,-1,-1
361,54,310,228,8,3,1.0,-1,-1,-1
361,68,344,17,29,10,1.0,-1,-1,-1
381,1,255,172,23,9,1.0,-1,-1,-1
381,54,265,226,9,5,1.0,-1,-1,-1
381,68,345,45,21,8,1.0,-1,-1,-1
401,1,201,170,28,11,1.0,-1,-1,-1
401,54,241,225,8,4,1.0,-1,-1,-1
401,68,344,70,24,7,1.0,-1,-1,-1
421,1,225,173,22,7,1.0,-1,-1,-1
421,74,343,32,27,10,1.0,-1,-1,-1
441,1,239,173,24,7,1.0,-1,-1,-1
441,74,344,32,24,9,1.0,-1,-1,-1
461,1,236,173,26,7,1.0,-1,-1,-1
461,72,345,32,25,9,1.0,-1,-1,-1
461,74,345,32,21,9,1.0,-1,-1,-1
481,1,233,173,25,7,1.0,-1,-1,-1
481,72,346,31,23,9,1.0,-1,-1,-1
481,81,287,186,6,3,1.0,-1,-1,-1
501,1,234,173,25,7,1.0,-1,-1,-1
501,72,347,36,23,8,1.0,-1,-1,-1
501,86,338,187,5,3,1.0,-1,-1,-1
521,1,234,173,26,7,1.0,-1,-1,-1
521,72,347,84,20,7,1.0,-1,-1,-1
521,81,364,187,6,3,1.0,-1,-1,-1
541,1,236,173,25,7,1.0,-1,-1,-1
541,72,347,132,22,7,1.0,-1,-1,-1
541,81,363,185,6,4,1.0,-1,-1,-1
561,1,237,172,25,7,1.0,-1,-1,-1
561,72,348,186,29,10,1.0,-1,-1,-1
581,1,235,172,24,7,1.0,-1,-1,-1
581,72,374,200,24,7,1.0,-1,-1,-1
581,87,327,182,7,3,1.0,-1,-1,-1
601,1,236,172,26,7,1.0,-1,-1,-1
621,1,237,172,24,7,1.0,-1,-1,-1
621,102,322,151,7,3,1.0,-1,-1,-1
621,112,370,78,29,8,1.0,-1,-1,-1
641,1,238,172,25,7,1.0,-1,-1,-1
641,88,311,160,6,4,1.0,-1,-1,-1
641,119,369,152,27,7,1.0,-1,-1,-1
661,1,238,172,25,7,1.0,-1,-1,-1
661,88,302,170,5,3,1.0,-1,-1,-1
681,1,238,172,25,7,1.0,-1,-1,-1
681,88,284,173,4,3,1.0,-1,-1,-1
701,1,239,172,23,7,1.0,-1,-1,-1
701,143,277,174,4,3,1.0,-1,-1,-1
721,1,235,168,32,9,1.0,-1,-1,-1
721,143,284,174,4,3,1.0,-1,-1,-1
741,1,237,166,27,9,1.0,-1,-1,-1
741,143,281,174,5,3,1.0,-1,-1,-1
741,151,280,174,4,3,1.0,-1,-1,-1
741,152,366,90,27,12,1.0,-1,-1,-1
761,1,241,174,19,6,1.0,-1,-1,-1
761,152,344,68,19,8,1.0,-1,-1,-1
761,156,280,194,3,2,1.0,-1,-1,-1
781,1,235,173,25,7,1.0,-1,-1,-1
781,165,278,215,9,5,1.0,-1,-1,-1
781,167,331,99,23,6,1.0,-1,-1,-1
801,1,235,167,27,8,1.0,-1,-1,-1
801,175,328,176,21,6,1.0,-1,-1,-1
801,177,236,166,23,9,1.0,-1,-1,-1
801,179,288,217,8,5,1.0,-1,-1,-1
821,1,235,167,25,7,1.0,-1,-1,-1
821,179,314,217,7,5,1.0,-1,-1,-1
821,180,333,152,21,6,1.0,-1,-1,-1
841,1,230,167,29,9,1.0,-1,-1,-1
841,177,231,167,26,9,1.0,-1,-1,-1
841,179,334,217,8,5,1.0,-1,-1,-1
861,177,198,167,25,9,1.0,-1,-1,-1
861,179,334,217,9,5,1.0,-1,-1,-1
861,200,333,31,21,7,1.0,-1,-1,-1
881,177,178,163,27,7,1.0,-1,-1,-1
881,179,321,215,10,5,1.0,-1,-1,-1
881,202,326,104,26,10,1.0,-1,-1,-1
901,177,157,153,31,11,1.0,-1,-1,-1
901,179,296,214,9,5,1.0,-1,-1,-1
901,202,314,185,17,6,1.0,-1,-1,-1
921,1,160,156,31,15,1.0,-1,-1,-1
921,206,304,179,20,7,1.0,-1,-1,-1
921,207,262,211,7,5,1.0,-1,-1,-1
941,1,178,177,21,6,1.0,-1,-1,-1
941,179,248,211,10,5,1.0,-1,-1,-1
941,209,320,137,23,7,1.0,-1,-1,-1
961,1,179,180,24,6,1.0,-1,-1,-1
961,209,347,86,55,20,1.0,-1,-1,-1
961,210,256,212,9,5,1.0,-1,-1,-1
981,1,180,178,25,7,1.0,-1,-1,-1
981,210,280,213,9,5,1.0,-1,-1,-1
981,211,376,154,28,9,1.0,-1,-1,-1
1001,1,182,178,24,7,1.0,-1,-1,-1
1001,212,302,212,9,5,1.0,-1,-1,-1
1001,214,380,142,33,9,1.0,-1,-1,-1
1021,1,182,178,23,7,1.0,-1,-1,-1
1021,179,257,211,9,5,1.0,-1,-1,-1
1021,212,326,211,9,5,1.0,-1,-1,-1
1021,223,415,7,40,25,1.0,-1,-1,-1
1041,1,181,178,24,7,1.0,-1,-1,-1
1041,210,355,208,5,4,1.0,-1,-1,-1
1041,214,404,105,45,12,1.0,-1,-1,-1
1061,1,179,179,24,7,1.0,-1,-1,-1
1061,211,402,113,43,12,1.0,-1,-1,-1
1061,225,359,207,4,3,1.0,-1,-1,-1
1081,1,179,179,24,6,1.0,-1,-1,-1
1081,222,342,102,39,16,1.0,-1,-1,-1
1081,226,345,202,5,3,1.0,-1,-1,-1
1101,1,180,179,24,6,1.0,-1,-1,-1
1101,222,259,161,35,12,1.0,-1,-1,-1
1101,225,338,197,6,4,1.0,-1,-1,-1
1121,1,179,178,24,7,1.0,-1,-1,-1
1121,229,248,86,47,14,1.0,-1,-1,-1
1121,237,339,169,5,3,1.0,-1,-1,-1
1141,1,179,178,23,7,1.0,-1,-1,-1
1141,228,331,160,7,3,1.0,-1,-1,-1
1141,229,288,81,45,20,1.0,-1,-1,-1
1141,237,334,160,5,2,1.0,-1,-1,-1
1161,1,179,178,24,7,1.0,-1,-1,-1
1161,229,431,97,36,13,1.0,-1,-1,-1
1161,238,305,160,6,3,1.0,-1,-1,-1
1181,1,180,178,23,7,1.0,-1,-1,-1
1181,229,438,99,37,13,1.0,-1,-1,-1
1181,239,252,160,8,3,1.0,-1,-1,-1
1201,1,177,178,24,7,1.0,-1,-1,-1
1201,229,302,92,45,16,1.0,-1,-1,-1
1201,239,222,159,8,5,1.0,-1,-1,-1
1221,1,177,178,23,7,1.0,-1,-1,-1
1221,229,258,88,37,17,1.0,-1,-1,-1
1221,243,212,165,7,3,1.0,-1,-1,-1
1241,1,178,178,23,7,1.0,-1,-1,-1
1241,229,312,94,36,11,1.0,-1,-1,-1
1241,246,227,170,6,3,1.0,-1,-1,-1
1261,1,180,178,23,7,1.0,-1,-1,-1
1261,229,313,95,36,11,1.0,-1,-1,-1
1261,246,235,170,5,3,1.0,-1,-1,-1
1281,1,180,179,23,7,1.0,-1,-1,-1
1281,229,280,92,39,14,1.0,-1,-1,-1
1281,243,240,170,5,3,1.0,-1,-1,-1
1281,246,240,171,4,3,1.0,-1,-1,-1
1301,1,189,177,28,10,1.0,-1,-1,-1
1301,229,162,84,41,18,1.0,-1,-1,-1
1301,250,265,171,5,3,1.0,-1,-1,-1
1321,1,255,179,23,9,1.0,-1,-1,-1
1321,229,172,84,38,19,1.0,-1,-1,-1
1321,250,294,171,6,4,1.0,-1,-1,-1
1341,1,374,181,18,7,1.0,-1,-1,-1
1341,229,312,97,28,13,1.0,-1,-1,-1
1341,250,317,169,6,3,1.0,-1,-1,-1
1361,1,454,181,23,9,1.0,-1,-1,-1
1361,229,407,100,36,14,1.0,-1,-1,-1
1361,250,339,160,5,3,1.0,-1,-1,-1
1381,1,449,180,26,9,1.0,-1,-1,-1
1381,229,355,97,39,13,1.0,-1,-1,-1
1381,250,340,149,7,4,1.0,-1,-1,-1
1401,1,387,180,24,9,1.0,-1,-1,-1
1401,229,337,97,33,11,1.0,-1,-1,-1
1401,253,329,147,6,3,1.0,-1,-1,-1
1421,1,277,178,27,11,1.0,-1,-1,-1
1421,229,374,98,33,14,1.0,-1,-1,-1
1421,253,330,150,6,4,1.0,-1,-1,-1
1441,1,240,179,21,9,1.0,-1,-1,-1
1441,229,407,99,39,13,1.0,-1,-1,-1
1461,1,284,180,22,9,1.0,-1,-1,-1
1461,229,309,94,41,17,1.0,-1,-1,-1
1461,271,314,217,8,4,1.0,-1,-1,-1
1481,229,333,95,34,17,1.0,-1,-1,-1
1481,275,273,216,8,5,1.0,-1,-1,-1
1501,229,489,104,27,11,1.0,-1,-1,-1
1501,275,255,204,8,5,1.0,-1,-1,-1
1501,285,349,41,21,9,1.0,-1,-1,-1
1501,286,350,39,23,9,1.0,-1,-1,-1
1521,229,537,104,39,13,1.0,-1,-1,-1
1521,275,241,197,9,6,1.0,-1,-1,-1
1521,287,346,92,19,8,1.0,-1,-1,-1
1541,229,490,100,35,11,1.0,-1,-1,-1
1541,275,236,200,10,5,1.0,-1,-1,-1
1541,287,317,90,23,10,1.0,-1,-1,-1
1561,229,485,99,35,11,1.0,-1,-1,-1
1561,275,235,195,8,5,1.0,-1,-1,-1
1561,287,251,88,24,11,1.0,-1,-1,-1
1581,229,484,102,37,10,1.0,-1,-1,-1
1581,287,220,89,22,11,1.0,-1,-1,-1
1581,288,239,171,4,4,1.0,-1,-1,-1
1601,229,482,102,38,11,1.0,-1,-1,-1
1601,287,251,96,19,8,1.0,-1,-1,-1
1601,288,244,153,5,4,1.0,-1,-1,-1
1621,229,518,103,37,14,1.0,-1,-1,-1
1621,287,261,145,21,7,1.0,-1,-1,-1
1641,229,568,104,38,13,1.0,-1,-1,-1
1641,292,256,147,6,3,1.0,-1,-1,-1
1641,294,261,128,19,8,1.0,-1,-1,-1
1661,229,493,99,37,13,1.0,-1,-1,-1
1661,292,255,151,5,3,1.0,-1,-1,-1
1661,294,259,42,25,11,1.0,-1,-1,-1
1681,229,319,67,42,17,1.0,-1,-1,-1
1681,292,254,153,5,3,1.0,-1,-1,-1
1681,296,260,68,22,10,1.0,-1,-1,-1
1701,229,257,100,27,12,1.0,-1,-1,-1
1701,292,253,153,5,3,1.0,-1,-1,-1
1701,296,262,125,19,7,1.0,-1,-1,-1
1721,229,265,101,42,19,1.0,-1,-1,-1
1721,292,251,152,6,3,1.0,-1,-1,-1
1721,298,255,112,36,12,1.0,-1,-1,-1
1741,229,374,108,32,12,1.0,-1,-1,-1
1741,292,253,144,7,5,1.0,-1,-1,-1
1741,313,261,5,23,11,1.0,-1,-1,-1
1761,229,385,110,33,12,1.0,-1,-1,-1
1761,292,252,144,6,3,1.0,-1,-1,-1
1781,229,277,110,23,8,1.0,-1,-1,-1
1781,292,254,137,6,3,1.0,-1,-1,-1
1781,298,262,45,24,8,1.0,-1,-1,-1
1781,317,263,42,23,9,1.0,-1,-1,-1
1801,229,161,101,37,17,1.0,-1,-1,-1
1801,292,257,132,5,3,1.0,-1,-1,-1
1801,298,263,119,20,8,1.0,-1,-1,-1
1821,229,214,105,32,16,1.0,-1,-1,-1
1821,318,262,116,18,8,1.0,-1,-1,-1
1821,319,283,132,5,3,1.0,-1,-1,-1
1841,229,348,111,33,11,1.0,-1,-1,-1
1841,326,321,134,5,3,1.0,-1,-1,-1
1841,335,267,0,13,5,1.0,-1,-1,-1
1861,229,477,80,47,18,1.0,-1,-1,-1
1861,326,342,135,5,3,1.0,-1,-1,-1
1881,338,498,107,31,15,1.0,-1,-1,-1
1881,339,341,149,6,4,1.0,-1,-1,-1
1881,341,266,17,21,11,1.0,-1,-1,-1
1901,338,406,147,22,7,1.0,-1,-1,-1
1901,341,266,80,18,7,1.0,-1,-1,-1
1921,338,338,179,24,9,1.0,-1,-1,-1
1921,341,281,77,23,11,1.0,-1,-1,-1
1921,358,345,211,5,3,1.0,-1,-1,-1
1941,341,349,79,21,11,1.0,-1,-1,-1
1941,359,370,211,7,3,1.0,-1,-1,-1
1941,360,331,167,22,6,1.0,-1,-1,-1
1961,341,426,82,24,11,1.0,-1,-1,-1
1961,346,377,211,5,3,1.0,-1,-1,-1
1961,360,325,129,30,10,1.0,-1,-1,-1
1981,341,434,84,24,11,1.0,-1,-1,-1
1981,358,359,212,4,1,1.0,-1,-1,-1
1981,366,364,186,21,9,1.0,-1,-1,-1
2001,341,388,86,21,10,1.0,-1,-1,-1
2001,370,318,209,8,5,1.0,-1,-1,-1
2021,341,284,88,22,10,1.0,-1,-1,-1
2021,369,293,202,7,5,1.0,-1,-1,-1
2021,378,515,165,25,8,1.0,-1,-1,-1
2041,341,227,90,20,9,1.0,-1,-1,-1
2041,378,481,192,22,6,1.0,-1,-1,-1
2041,380,291,186,7,3,1.0,-1,-1,-1
