21,2,208,188,7,3,1.0,-1,-1,-1
41,2,210,188,7,3,1.0,-1,-1,-1
61,2,210,189,9,3,1.0,-1,-1,-1
81,1,210,19,15,7,1.0,-1,-1,-1
81,2,211,197,7,3,1.0,-1,-1,-1
101,1,208,39,15,7,1.0,-1,-1,-1
101,2,211,188,7,4,1.0,-1,-1,-1
121,1,150,35,13,7,1.0,-1,-1,-1
121,2,212,180,9,4,1.0,-1,-1,-1
141,1,105,31,15,9,1.0,-1,-1,-1
141,2,234,180,7,5,1.0,-1,-1,-1
161,1,124,32,13,5,1.0,-1,-1,-1
161,2,282,173,6,3,1.0,-1,-1,-1
181,1,113,1,24,11,1.0,-1,-1,-1
201,1,108,40,17,9,1.0,-1,-1,-1
221,40,446,95,8,6,1.0,-1,-1,-1
221,44,97,106,22,7,1.0,-1,-1,-1
241,45,54,68,37,13,1.0,-1,-1,-1
241,46,472,109,7,5,1.0,-1,-1,-1
261,45,37,64,28,11,1.0,-1,-1,-1
261,46,478,131,9,5,1.0,-1,-1,-1
281,45,29,125,25,8,1.0,-1,-1,-1
281,48,480,154,9,5,1.0,-1,-1,-1
301,45,56,126,29,11,1.0,-1,-1,-1
321,45,137,128,30,11,1.0,-1,-1,-1
341,45,161,124,24,7,1.0,-1,-1,-1
361,45,140,92,50,14,1.0,-1,-1,-1
361,52,440,188,10,4,1.0,-1,-1,-1
381,45,136,76,35,13,1.0,-1,-1,-1
381,63,399,165,7,3,1.0,-1,-1,-1
401,45,55,66,40,19,1.0,-1,-1,-1
401,70,353,141,9,4,1.0,-1,-1,-1
421,75,311,151,5,3,1.0,-1,-1,-1
441,94,264,186,6,3,1.0,-1,-1,-1
441,95,9,57,34,19,1.0,-1,-1,-1
461,95,140,65,29,13,1.0,-1,-1,-1
461,101,218,204,9,4,1.0,-1,-1,-1
481,95,274,64,32,17,1.0,-1,-1,-1
481,109,180,180,7,3,1.0,-1,-1,-1
501,95,428,61,36,19,1.0,-1,-1,-1
501,119,149,148,8,3,1.0,-1,-1,-1
521,95,363,51,36,21,1.0,-1,-1,-1
521,119,124,127,8,4,1.0,-1,-1,-1
541,95,184,38,37,23,1.0,-1,-1,-1
541,104,99,146,8,4,1.0,-1,-1,-1
561,95,246,36,34,24,1.0,-1,-1,-1
561,142,77,188,9,3,1.0,-1,-1,-1
581,95,491,48,39,22,1.0,-1,-1,-1
581,141,64,195,9,4,1.0,-1,-1,-1
601,95,590,50,33,13,1.0,-1,-1,-1
601,141,51,186,9,4,1.0,-1,-1,-1
621,124,50,181,9,5,1.0,-1,-1,-1
641,124,74,178,7,4,1.0,-1,-1,-1
641,144,529,0,92,13,1.0,-1,-1,-1
661,124,112,175,9,4,1.0,-1,-1,-1
661,145,487,41,23,13,1.0,-1,-1,-1
681,124,164,171,7,3,1.0,-1,-1,-1
681,145,434,22,17,9,1.0,-1,-1,-1
701,124,220,159,7,3,1.0,-1,-1,-1
701,145,403,15,12,7,1.0,-1,-1,-1
721,124,270,146,7,4,1.0,-1,-1,-1
721,145,382,19,9,5,1.0,-1,-1,-1
741,124,289,153,7,4,1.0,-1,-1,-1
741,145,371,27,7,4,1.0,-1,-1,-1
761,124,292,167,8,3,1.0,-1,-1,-1
761,145,353,47,6,3,1.0,-1,-1,-1
781,124,291,185,9,4,1.0,-1,-1,-1
781,149,314,53,8,5,1.0,-1,-1,-1
801,124,296,187,7,3,1.0,-1,-1,-1
801,149,303,55,6,3,1.0,-1,-1,-1
821,124,323,183,7,3,1.0,-1,-1,-1
821,149,292,52,7,5,1.0,-1,-1,-1
841,124,365,167,7,3,1.0,-1,-1,-1
841,149,250,51,6,3,1.0,-1,-1,-1
861,124,413,147,7,4,1.0,-1,-1,-1
861,149,215,48,6,4,1.0,-1,-1,-1
881,124,463,154,9,4,1.0,-1,-1,-1
881,149,213,49,7,5,1.0,-1,-1,-1
901,149,216,51,6,3,1.0,-1,-1,-1
921,149,215,51,7,4,1.0,-1,-1,-1
921,157,510,198,9,3,1.0,-1,-1,-1
941,149,215,53,7,3,1.0,-1,-1,-1
941,158,511,183,7,3,1.0,-1,-1,-1
961,149,212,49,7,3,1.0,-1,-1,-1
961,158,511,169,8,3,1.0,-1,-1,-1
981,149,208,39,7,4,1.0,-1,-1,-1
981,158,508,167,9,3,1.0,-1,-1,-1
1001,149,201,23,9,5,1.0,-1,-1,-1
1001,158,497,166,9,4,1.0,-1,-1,-1
1021,149,200,17,7,4,1.0,-1,-1,-1
1041,149,199,11,7,4,1.0,-1,-1,-1
1041,164,446,155,8,4,1.0,-1,-1,-1
1061,149,195,0,7,2,1.0,-1,-1,-1
1061,164,432,136,7,3,1.0,-1,-1,-1
1081,164,431,138,7,3,1.0,-1,-1,-1
1081,165,189,0,15,6,1.0,-1,-1,-1
1101,164,431,150,9,4,1.0,-1,-1,-1
1101,165,191,34,8,4,1.0,-1,-1,-1
1121,166,183,34,10,4,1.0,-1,-1,-1
1121,167,429,167,13,5,1.0,-1,-1,-1
1141,166,173,14,12,7,1.0,-1,-1,-1
1161,166,171,23,11,6,1.0,-1,-1,-1
1161,169,385,181,10,4,1.0,-1,-1,-1
1181,166,170,31,11,5,1.0,-1,-1,-1
1201,166,165,31,12,5,1.0,-1,-1,-1
1221,166,141,30,11,5,1.0,-1,-1,-1
1241,166,141,29,14,7,1.0,-1,-1,-1
1241,171,368,193,10,4,1.0,-1,-1,-1
1261,166,177,31,11,6,1.0,-1,-1,-1
1261,171,370,190,9,3,1.0,-1,-1,-1
1281,166,172,29,11,5,1.0,-1,-1,-1
1281,171,371,179,7,3,1.0,-1,-1,-1
1301,166,172,29,11,5,1.0,-1,-1,-1
1301,171,371,163,7,3,1.0,-1,-1,-1
1321,166,172,28,13,5,1.0,-1,-1,-1
1321,171,371,148,7,3,1.0,-1,-1,-1
1341,166,174,27,11,5,1.0,-1,-1,-1
1341,171,361,147,7,3,1.0,-1,-1,-1
1361,166,174,25,12,5,1.0,-1,-1,-1
1361,171,332,146,7,3,1.0,-1,-1,-1
1381,166,175,24,11,5,1.0,-1,-1,-1
1381,171,299,155,8,5,1.0,-1,-1,-1
1401,166,174,23,10,5,1.0,-1,-1,-1
1401,171,292,179,6,3,1.0,-1,-1,-1
1421,166,173,20,12,5,1.0,-1,-1,-1
1421,171,293,185,7,4,1.0,-1,-1,-1
1441,166,168,8,13,7,1.0,-1,-1,-1
1441,171,294,175,7,3,1.0,-1,-1,-1
1461,166,165,38,11,5,1.0,-1,-1,-1
1461,171,293,167,7,3,1.0,-1,-1,-1
1481,166,159,34,11,5,1.0,-1,-1,-1
1481,171,276,165,7,4,1.0,-1,-1,-1
1501,166,141,2,19,10,1.0,-1,-1,-1
1501,171,251,160,8,5,1.0,-1,-1,-1
1521,166,135,37,14,8,1.0,-1,-1,-1
1521,171,249,165,7,4,1.0,-1,-1,-1
1541,166,128,45,14,5,1.0,-1,-1,-1
1541,171,250,173,7,3,1.0,-1,-1,-1
1561,166,108,15,19,9,1.0,-1,-1,-1
1561,171,250,185,7,3,1.0,-1,-1,-1
1581,166,125,11,17,8,1.0,-1,-1,-1
1581,171,249,201,7,3,1.0,-1,-1,-1
1601,166,135,8,15,6,1.0,-1,-1,-1
1601,171,248,211,7,3,1.0,-1,-1,-1
1621,171,248,220,7,3,1.0,-1,-1,-1
1641,171,248,227,9,4,1.0,-1,-1,-1
1661,171,246,226,7,3,1.0,-1,-1,-1
1661,177,118,18,19,8,1.0,-1,-1,-1
1681,171,234,225,7,3,1.0,-1,-1,-1
1701,171,226,225,9,3,1.0,-1,-1,-1
1721,171,220,224,8,3,1.0,-1,-1,-1
1741,171,221,221,7,3,1.0,-1,-1,-1
1761,171,222,217,7,3,1.0,-1,-1,-1
1761,180,154,0,6,2,1.0,-1,-1,-1
1781,171,223,204,7,3,1.0,-1,-1,-1
1781,180,213,0,18,4,1.0,-1,-1,-1
1801,171,223,197,7,3,1.0,-1,-1,-1
1801,180,208,0,19,6,1.0,-1,-1,-1
1821,171,221,192,7,3,1.0,-1,-1,-1
1821,180,126,0,14,2,1.0,-1,-1,-1
1841,171,219,181,9,3,1.0,-1,-1,-1
1841,180,100,0,16,4,1.0,-1,-1,-1
1861,171,218,172,8,3,1.0,-1,-1,-1
1861,180,187,0,22,11,1.0,-1,-1,-1
1881,171,220,163,8,3,1.0,-1,-1,-1
1881,180,340,11,20,11,1.0,-1,-1,-1
1901,171,224,160,9,5,1.0,-1,-1,-1
1901,180,417,61,16,10,1.0,-1,-1,-1
1921,171,250,160,7,3,1.0,-1,-1,-1
1921,180,410,97,15,7,1.0,-1,-1,-1
1941,171,290,152,7,3,1.0,-1,-1,-1
1941,180,341,91,20,7,1.0,-1,-1,-1
1961,171,312,143,6,3,1.0,-1,-1,-1
1961,180,258,81,23,9,1.0,-1,-1,-1
1981,171,314,134,7,3,1.0,-1,-1,-1
1981,180,221,75,21,9,1.0,-1,-1,-1
2001,171,314,124,7,3,1.0,-1,-1,-1
2001,180,209,72,24,12,1.0,-1,-1,-1
2021,171,316,114,7,4,1.0,-1,-1,-1
2021,186,116,66,24,11,1.0,-1,-1,-1
2041,171,315,108,7,3,1.0,-1,-1,-1
2041,186,87,61,22,13,1.0,-1,-1,-1
2061,171,315,109,7,4,1.0,-1,-1,-1
2061,186,129,63,22,9,1.0,-1,-1,-1
2081,171,314,124,7,4,1.0,-1,-1,-1
2081,186,166,64,18,7,1.0,-1,-1,-1
2101,171,313,131,7,3,1.0,-1,-1,-1
2101,186,159,62,19,7,1.0,-1,-1,-1
2121,171,313,136,7,3,1.0,-1,-1,-1
2121,186,130,59,21,8,1.0,-1,-1,-1
2141,171,313,142,7,4,1.0,-1,-1,-1
2141,186,134,55,21,8,1.0,-1,-1,-1
2161,171,313,148,7,3,1.0,-1,-1,-1
2161,186,139,16,23,10,1.0,-1,-1,-1
2181,171,313,153,7,4,1.0,-1,-1,-1
2181,186,140,37,21,8,1.0,-1,-1,-1
2201,171,312,167,7,3,1.0,-1,-1,-1
2201,186,139,43,22,8,1.0,-1,-1,-1
2221,171,311,169,7,3,1.0,-1,-1,-1
2221,186,139,38,23,9,1.0,-1,-1,-1
2241,171,311,169,7,3,1.0,-1,-1,-1
2241,186,143,34,21,9,1.0,-1,-1,-1
