21,1,190,136,12,5,1.0,-1,-1,-1
21,2,411,153,7,3,1.0,-1,-1,-1
41,1,222,139,12,5,1.0,-1,-1,-1
41,2,443,154,9,4,1.0,-1,-1,-1
61,1,194,137,11,6,1.0,-1,-1,-1
61,2,464,155,8,3,1.0,-1,-1,-1
81,1,157,136,12,6,1.0,-1,-1,-1
81,2,466,146,10,5,1.0,-1,-1,-1
101,1,206,139,11,7,1.0,-1,-1,-1
101,2,466,140,9,4,1.0,-1,-1,-1
121,2,465,136,7,4,1.0,-1,-1,-1
121,8,261,143,12,7,1.0,-1,-1,-1
141,2,465,135,7,3,1.0,-1,-1,-1
141,8,238,142,11,5,1.0,-1,-1,-1
161,2,464,135,7,3,1.0,-1,-1,-1
161,8,221,142,12,5,1.0,-1,-1,-1
181,2,464,132,7,3,1.0,-1,-1,-1
181,8,222,142,13,4,1.0,-1,-1,-1
201,2,463,127,9,3,1.0,-1,-1,-1
201,8,224,143,13,4,1.0,-1,-1,-1
221,2,463,123,9,3,1.0,-1,-1,-1
221,8,225,143,13,5,1.0,-1,-1,-1
241,2,465,121,7,3,1.0,-1,-1,-1
241,8,225,142,13,5,1.0,-1,-1,-1
261,2,464,117,7,3,1.0,-1,-1,-1
261,8,224,143,13,5,1.0,-1,-1,-1
281,2,464,112,9,5,1.0,-1,-1,-1
281,8,225,143,13,4,1.0,-1,-1,-1
301,2,465,110,7,3,1.0,-1,-1,-1
301,8,226,144,11,4,1.0,-1,-1,-1
321,2,465,107,8,4,1.0,-1,-1,-1
321,8,226,142,13,5,1.0,-1,-1,-1
341,2,464,106,8,3,1.0,-1,-1,-1
341,8,226,141,13,5,1.0,-1,-1,-1
361,2,462,105,7,4,1.0,-1,-1,-1
361,8,227,140,13,5,1.0,-1,-1,-1
381,2,450,104,9,5,1.0,-1,-1,-1
381,8,229,140,11,5,1.0,-1,-1,-1
401,2,437,104,8,3,1.0,-1,-1,-1
401,8,227,143,13,5,1.0,-1,-1,-1
421,2,423,103,7,3,1.0,-1,-1,-1
421,8,226,145,13,5,1.0,-1,-1,-1
441,2,406,102,7,4,1.0,-1,-1,-1
441,8,226,146,12,5,1.0,-1,-1,-1
461,2,391,101,8,5,1.0,-1,-1,-1
461,8,227,144,12,5,1.0,-1,-1,-1
481,2,388,101,8,5,1.0,-1,-1,-1
481,8,226,143,11,5,1.0,-1,-1,-1
501,2,390,102,7,3,1.0,-1,-1,-1
501,8,226,140,13,5,1.0,-1,-1,-1
521,2,391,102,7,3,1.0,-1,-1,-1
521,8,227,137,13,5,1.0,-1,-1,-1
541,2,390,102,7,3,1.0,-1,-1,-1
541,8,227,136,13,5,1.0,-1,-1,-1
561,2,382,101,7,3,1.0,-1,-1,-1
561,8,228,136,13,5,1.0,-1,-1,-1
581,2,370,100,7,4,1.0,-1,-1,-1
581,8,229,137,11,5,1.0,-1,-1,-1
601,2,357,100,7,3,1.0,-1,-1,-1
601,8,228,139,13,5,1.0,-1,-1,-1
621,2,343,99,7,3,1.0,-1,-1,-1
621,8,227,141,12,5,1.0,-1,-1,-1
641,2,329,100,8,4,1.0,-1,-1,-1
641,8,215,142,16,7,1.0,-1,-1,-1
661,2,327,125,7,3,1.0,-1,-1,-1
661,8,149,141,11,6,1.0,-1,-1,-1
681,2,329,131,7,3,1.0,-1,-1,-1
681,8,86,137,13,7,1.0,-1,-1,-1
701,2,324,129,8,5,1.0,-1,-1,-1
701,8,131,141,10,5,1.0,-1,-1,-1
721,2,307,129,7,3,1.0,-1,-1,-1
721,8,182,143,11,5,1.0,-1,-1,-1
741,2,280,127,7,3,1.0,-1,-1,-1
741,8,190,144,14,5,1.0,-1,-1,-1
761,2,264,128,7,3,1.0,-1,-1,-1
761,8,193,153,12,5,1.0,-1,-1,-1
781,2,264,130,7,4,1.0,-1,-1,-1
781,8,194,160,16,6,1.0,-1,-1,-1
801,2,265,139,7,3,1.0,-1,-1,-1
801,8,234,163,14,5,1.0,-1,-1,-1
821,2,265,153,7,4,1.0,-1,-1,-1
821,8,242,163,13,7,1.0,-1,-1,-1
841,2,263,160,7,4,1.0,-1,-1,-1
841,8,179,160,13,7,1.0,-1,-1,-1
861,2,262,175,7,3,1.0,-1,-1,-1
861,8,101,153,15,8,1.0,-1,-1,-1
881,2,259,179,7,3,1.0,-1,-1,-1
881,8,103,153,13,5,1.0,-1,-1,-1
901,2,244,178,7,3,1.0,-1,-1,-1
901,8,108,120,15,6,1.0,-1,-1,-1
921,2,229,186,7,4,1.0,-1,-1,-1
921,8,113,91,18,7,1.0,-1,-1,-1
941,2,230,192,7,3,1.0,-1,-1,-1
941,8,174,93,11,5,1.0,-1,-1,-1
961,2,232,189,7,3,1.0,-1,-1,-1
961,8,226,91,13,7,1.0,-1,-1,-1
981,2,233,183,7,3,1.0,-1,-1,-1
981,8,209,89,12,7,1.0,-1,-1,-1
1001,2,233,178,6,3,1.0,-1,-1,-1
1001,8,183,87,11,5,1.0,-1,-1,-1
1021,2,237,176,8,5,1.0,-1,-1,-1
1021,8,184,87,13,5,1.0,-1,-1,-1
1041,2,258,173,7,3,1.0,-1,-1,-1
1041,8,187,86,14,5,1.0,-1,-1,-1
1061,2,288,168,7,3,1.0,-1,-1,-1
1061,8,187,87,14,5,1.0,-1,-1,-1
1081,2,324,163,6,3,1.0,-1,-1,-1
1081,8,188,86,13,6,1.0,-1,-1,-1
1101,2,362,156,8,4,1.0,-1,-1,-1
1101,8,187,87,13,5,1.0,-1,-1,-1
1121,2,401,136,9,5,1.0,-1,-1,-1
1121,8,185,86,15,7,1.0,-1,-1,-1
1141,2,433,116,7,3,1.0,-1,-1,-1
1141,8,185,89,13,5,1.0,-1,-1,-1
1161,8,184,91,14,5,1.0,-1,-1,-1
1161,28,463,107,7,4,1.0,-1,-1,-1
1181,8,184,96,13,5,1.0,-1,-1,-1
1181,28,478,123,6,3,1.0,-1,-1,-1
1201,8,184,100,13,5,1.0,-1,-1,-1
1221,8,185,103,13,5,1.0,-1,-1,-1
1241,8,185,101,14,5,1.0,-1,-1,-1
1261,8,185,101,13,5,1.0,-1,-1,-1
1281,8,184,100,14,5,1.0,-1,-1,-1
1301,8,185,96,14,5,1.0,-1,-1,-1
1321,8,185,93,14,5,1.0,-1,-1,-1
1321,83,357,172,7,3,1.0,-1,-1,-1
1341,8,200,92,13,5,1.0,-1,-1,-1
1361,8,217,91,13,6,1.0,-1,-1,-1
1381,8,220,90,13,5,1.0,-1,-1,-1
1401,8,241,89,14,6,1.0,-1,-1,-1
1421,8,273,90,12,5,1.0,-1,-1,-1
1441,8,277,89,13,5,1.0,-1,-1,-1
1461,8,279,87,13,5,1.0,-1,-1,-1
1461,89,466,171,11,3,1.0,-1,-1,-1
1481,8,275,83,12,5,1.0,-1,-1,-1
1501,8,266,79,14,6,1.0,-1,-1,-1
1521,8,257,75,15,7,1.0,-1,-1,-1
1541,8,191,68,15,8,1.0,-1,-1,-1
1561,8,167,66,13,6,1.0,-1,-1,-1
1581,8,162,64,15,6,1.0,-1,-1,-1
1601,8,164,62,14,5,1.0,-1,-1,-1
1621,8,165,60,15,6,1.0,-1,-1,-1
1621,90,418,169,8,3,1.0,-1,-1,-1
1641,8,169,59,13,7,1.0,-1,-1,-1
1641,90,408,168,7,3,1.0,-1,-1,-1
1661,8,193,62,13,5,1.0,-1,-1,-1
1661,90,399,168,6,3,1.0,-1,-1,-1
1681,8,205,64,15,5,1.0,-1,-1,-1
1681,90,391,168,7,3,1.0,-1,-1,-1
1701,8,207,65,15,5,1.0,-1,-1,-1
1701,90,384,168,6,3,1.0,-1,-1,-1
1721,8,208,64,15,6,1.0,-1,-1,-1
1721,90,378,168,7,3,1.0,-1,-1,-1
1741,8,209,64,14,5,1.0,-1,-1,-1
1741,90,372,167,7,3,1.0,-1,-1,-1
1761,8,210,64,12,5,1.0,-1,-1,-1
1761,90,366,167,7,3,1.0,-1,-1,-1
1781,8,208,64,15,5,1.0,-1,-1,-1
1781,90,360,167,5,2,1.0,-1,-1,-1
1801,8,211,62,11,4,1.0,-1,-1,-1
1801,90,353,166,7,3,1.0,-1,-1,-1
1821,8,206,48,18,7,1.0,-1,-1,-1
1821,90,347,166,6,3,1.0,-1,-1,-1
1841,8,208,43,15,7,1.0,-1,-1,-1
1841,90,343,165,7,3,1.0,-1,-1,-1
1861,8,211,52,15,8,1.0,-1,-1,-1
1861,90,341,165,7,3,1.0,-1,-1,-1
1881,8,222,77,10,5,1.0,-1,-1,-1
1881,90,342,165,7,3,1.0,-1,-1,-1
1901,8,219,90,13,6,1.0,-1,-1,-1
1901,90,340,165,7,3,1.0,-1,-1,-1
1921,8,178,93,14,7,1.0,-1,-1,-1
1921,90,334,165,7,3,1.0,-1,-1,-1
1941,8,178,99,12,7,1.0,-1,-1,-1
1941,90,325,165,7,3,1.0,-1,-1,-1
1961,8,202,105,9,5,1.0,-1,-1,-1
1961,90,316,165,7,3,1.0,-1,-1,-1
1981,8,205,104,13,5,1.0,-1,-1,-1
1981,90,307,165,7,3,1.0,-1,-1,-1
2001,8,208,99,11,5,1.0,-1,-1,-1
2001,90,299,165,6,3,1.0,-1,-1,-1
2021,8,202,82,12,5,1.0,-1,-1,-1
2021,90,291,164,7,3,1.0,-1,-1,-1
2041,8,193,68,16,7,1.0,-1,-1,-1
2041,90,285,164,7,3,1.0,-1,-1,-1
2061,8,192,69,15,7,1.0,-1,-1,-1
2061,90,280,164,7,3,1.0,-1,-1,-1
2081,8,191,72,15,5,1.0,-1,-1,-1
2081,90,275,164,7,3,1.0,-1,-1,-1
2081,105,597,340,13,9,1.0,-1,-1,-1
2101,8,192,72,16,6,1.0,-1,-1,-1
2101,90,270,164,7,3,1.0,-1,-1,-1
2121,8,193,73,15,6,1.0,-1,-1,-1
2121,90,262,164,7,3,1.0,-1,-1,-1
2141,8,193,74,15,5,1.0,-1,-1,-1
2141,90,251,163,7,3,1.0,-1,-1,-1
2161,8,191,72,18,7,1.0,-1,-1,-1
2161,90,240,163,7,3,1.0,-1,-1,-1
2181,8,219,72,15,8,1.0,-1,-1,-1
2181,90,228,162,7,3,1.0,-1,-1,-1
