21,1,368,253,11,4,1.0,-1,-1,-1
41,1,415,246,13,5,1.0,-1,-1,-1
61,1,459,239,11,5,1.0,-1,-1,-1
61,5,308,295,18,6,1.0,-1,-1,-1
81,1,496,233,11,4,1.0,-1,-1,-1
101,1,534,226,11,4,1.0,-1,-1,-1
101,9,369,300,17,5,1.0,-1,-1,-1
121,9,410,293,20,7,1.0,-1,-1,-1
141,9,451,284,23,7,1.0,-1,-1,-1
141,11,594,217,15,6,1.0,-1,-1,-1
161,9,479,268,19,5,1.0,-1,-1,-1
161,13,589,191,11,4,1.0,-1,-1,-1
181,9,516,264,19,6,1.0,-1,-1,-1
181,16,577,179,13,5,1.0,-1,-1,-1
201,9,548,262,19,6,1.0,-1,-1,-1
201,16,556,182,11,5,1.0,-1,-1,-1
221,9,578,256,20,7,1.0,-1,-1,-1
221,16,527,187,12,5,1.0,-1,-1,-1
241,9,610,250,19,7,1.0,-1,-1,-1
241,16,494,191,11,4,1.0,-1,-1,-1
261,16,459,195,11,5,1.0,-1,-1,-1
281,16,423,200,11,5,1.0,-1,-1,-1
301,16,409,200,12,5,1.0,-1,-1,-1
321,16,406,184,11,4,1.0,-1,-1,-1
341,16,410,198,11,4,1.0,-1,-1,-1
361,16,420,244,11,5,1.0,-1,-1,-1
381,16,426,273,11,5,1.0,-1,-1,-1
401,22,625,235,11,5,1.0,-1,-1,-1
421,22,611,240,16,6,1.0,-1,-1,-1
421,26,420,340,11,5,1.0,-1,-1,-1
441,26,391,343,11,5,1.0,-1,-1,-1
461,26,359,343,11,5,1.0,-1,-1,-1
461,27,584,252,14,5,1.0,-1,-1,-1
481,27,580,253,13,5,1.0,-1,-1,-1
501,22,567,255,16,5,1.0,-1,-1,-1
501,26,277,349,11,5,1.0,-1,-1,-1
521,22,554,257,15,5,1.0,-1,-1,-1
521,26,250,351,10,5,1.0,-1,-1,-1
541,22,542,259,17,5,1.0,-1,-1,-1
561,22,522,262,17,5,1.0,-1,-1,-1
561,33,244,282,11,3,1.0,-1,-1,-1
581,33,244,252,13,5,1.0,-1,-1,-1
581,34,494,265,17,5,1.0,-1,-1,-1
601,22,469,269,18,5,1.0,-1,-1,-1
601,33,257,247,9,3,1.0,-1,-1,-1
621,22,444,271,21,7,1.0,-1,-1,-1
621,33,291,245,11,3,1.0,-1,-1,-1
641,22,421,274,21,7,1.0,-1,-1,-1
641,33,322,242,11,4,1.0,-1,-1,-1
661,22,398,276,19,7,1.0,-1,-1,-1
661,33,354,237,11,4,1.0,-1,-1,-1
681,22,375,280,20,7,1.0,-1,-1,-1
681,33,387,232,11,4,1.0,-1,-1,-1
701,22,352,286,17,5,1.0,-1,-1,-1
701,33,420,228,10,3,1.0,-1,-1,-1
721,22,319,291,19,5,1.0,-1,-1,-1
721,33,452,221,11,5,1.0,-1,-1,-1
741,22,286,297,18,5,1.0,-1,-1,-1
741,33,481,217,13,4,1.0,-1,-1,-1
761,22,262,303,18,5,1.0,-1,-1,-1
761,33,538,208,13,5,1.0,-1,-1,-1
781,22,259,306,21,6,1.0,-1,-1,-1
781,33,584,201,12,5,1.0,-1,-1,-1
801,22,263,308,17,5,1.0,-1,-1,-1
801,33,597,201,11,4,1.0,-1,-1,-1
821,22,264,310,17,5,1.0,-1,-1,-1
821,33,604,214,17,6,1.0,-1,-1,-1
841,22,257,312,21,5,1.0,-1,-1,-1
841,40,606,227,13,5,1.0,-1,-1,-1
861,22,236,313,21,7,1.0,-1,-1,-1
861,40,608,239,13,5,1.0,-1,-1,-1
881,22,211,319,22,7,1.0,-1,-1,-1
881,40,610,249,14,5,1.0,-1,-1,-1
901,40,616,260,13,5,1.0,-1,-1,-1
921,40,616,273,13,5,1.0,-1,-1,-1
941,40,611,274,14,5,1.0,-1,-1,-1
961,40,582,278,13,5,1.0,-1,-1,-1
981,46,611,207,13,5,1.0,-1,-1,-1
1001,40,499,287,15,6,1.0,-1,-1,-1
1021,40,489,284,11,5,1.0,-1,-1,-1
1041,40,483,269,11,4,1.0,-1,-1,-1
1061,49,483,252,11,4,1.0,-1,-1,-1
1081,49,483,248,11,4,1.0,-1,-1,-1
1101,49,483,246,11,4,1.0,-1,-1,-1
1121,49,482,242,12,5,1.0,-1,-1,-1
1141,49,480,229,13,5,1.0,-1,-1,-1
1161,49,476,225,14,7,1.0,-1,-1,-1
1181,49,469,227,12,5,1.0,-1,-1,-1
1201,49,465,218,13,5,1.0,-1,-1,-1
1201,50,612,207,13,5,1.0,-1,-1,-1
1221,49,463,203,12,5,1.0,-1,-1,-1
1241,49,458,182,12,5,1.0,-1,-1,-1
1261,49,458,171,13,5,1.0,-1,-1,-1
1261,50,611,206,13,5,1.0,-1,-1,-1
1281,49,493,168,11,5,1.0,-1,-1,-1
1301,49,561,159,12,5,1.0,-1,-1,-1
1321,67,267,332,23,7,1.0,-1,-1,-1
1341,65,267,333,21,7,1.0,-1,-1,-1
1361,65,267,339,16,5,1.0,-1,-1,-1
1361,68,624,149,10,5,1.0,-1,-1,-1
1381,65,268,345,17,6,1.0,-1,-1,-1
1381,68,576,155,13,5,1.0,-1,-1,-1
1401,65,268,349,19,7,1.0,-1,-1,-1
1401,68,572,161,11,5,1.0,-1,-1,-1
1421,65,274,351,15,6,1.0,-1,-1,-1
1421,68,576,180,11,3,1.0,-1,-1,-1
1441,65,300,347,15,5,1.0,-1,-1,-1
1441,68,575,201,11,5,1.0,-1,-1,-1
1461,70,330,343,11,5,1.0,-1,-1,-1
1481,68,527,236,11,4,1.0,-1,-1,-1
1481,70,333,342,18,7,1.0,-1,-1,-1
1501,68,484,241,11,5,1.0,-1,-1,-1
1501,70,329,343,17,5,1.0,-1,-1,-1
1521,68,427,247,11,5,1.0,-1,-1,-1
1521,70,332,339,18,6,1.0,-1,-1,-1
1541,68,367,257,11,4,1.0,-1,-1,-1
1541,70,351,333,14,5,1.0,-1,-1,-1
1561,68,343,261,12,4,1.0,-1,-1,-1
1581,68,338,262,11,5,1.0,-1,-1,-1
1581,75,372,329,15,5,1.0,-1,-1,-1
1601,68,321,267,11,4,1.0,-1,-1,-1
1601,75,380,329,13,5,1.0,-1,-1,-1
1621,68,295,271,11,5,1.0,-1,-1,-1
1621,78,422,322,12,5,1.0,-1,-1,-1
1641,68,264,277,13,5,1.0,-1,-1,-1
1661,68,226,282,17,6,1.0,-1,-1,-1
1661,92,544,303,14,5,1.0,-1,-1,-1
1681,68,213,292,10,3,1.0,-1,-1,-1
1681,92,585,293,18,7,1.0,-1,-1,-1
1701,92,577,289,19,7,1.0,-1,-1,-1
1741,111,496,292,17,5,1.0,-1,-1,-1
1761,111,455,290,20,7,1.0,-1,-1,-1
1781,103,611,207,13,5,1.0,-1,-1,-1
1781,111,438,289,21,5,1.0,-1,-1,-1
1801,111,460,282,22,6,1.0,-1,-1,-1
1821,111,506,272,17,5,1.0,-1,-1,-1
1841,103,611,206,13,5,1.0,-1,-1,-1
1841,111,546,262,20,7,1.0,-1,-1,-1
1861,111,582,255,17,6,1.0,-1,-1,-1
1881,111,591,253,19,6,1.0,-1,-1,-1
1901,111,592,257,12,5,1.0,-1,-1,-1
1921,111,590,263,14,5,1.0,-1,-1,-1
1941,111,586,266,18,7,1.0,-1,-1,-1
1961,111,589,267,18,7,1.0,-1,-1,-1
1961,125,303,294,13,5,1.0,-1,-1,-1
1981,111,604,267,17,5,1.0,-1,-1,-1
1981,125,300,268,11,5,1.0,-1,-1,-1
2001,111,623,265,16,6,1.0,-1,-1,-1
2001,125,297,247,11,4,1.0,-1,-1,-1
2021,125,317,244,11,4,1.0,-1,-1,-1
2041,125,352,241,10,3,1.0,-1,-1,-1
2061,125,389,236,11,4,1.0,-1,-1,-1
2061,129,397,0,22,10,1.0,-1,-1,-1
2081,125,427,230,11,4,1.0,-1,-1,-1
2081,129,406,27,19,9,1.0,-1,-1,-1
2101,125,461,224,11,5,1.0,-1,-1,-1
2101,129,407,43,20,10,1.0,-1,-1,-1
2101,130,625,266,11,5,1.0,-1,-1,-1
2121,125,489,218,12,5,1.0,-1,-1,-1
2121,129,402,43,19,9,1.0,-1,-1,-1
2121,133,605,268,18,7,1.0,-1,-1,-1
2141,125,496,223,11,4,1.0,-1,-1,-1
2141,129,390,44,18,9,1.0,-1,-1,-1
2141,133,588,272,18,7,1.0,-1,-1,-1
2161,125,497,235,11,5,1.0,-1,-1,-1
2161,129,394,60,15,7,1.0,-1,-1,-1
2161,133,578,280,17,7,1.0,-1,-1,-1
2181,125,497,246,11,4,1.0,-1,-1,-1
2181,129,396,79,18,7,1.0,-1,-1,-1
2181,133,567,291,12,5,1.0,-1,-1,-1
