21,1,105,207,25,11,1.0,-1,-1,-1
21,2,367,159,21,11,1.0,-1,-1,-1
21,4,319,248,9,5,1.0,-1,-1,-1
41,1,105,148,28,13,1.0,-1,-1,-1
41,2,354,141,19,12,1.0,-1,-1,-1
61,1,110,102,24,13,1.0,-1,-1,-1
61,2,303,142,18,11,1.0,-1,-1,-1
81,1,111,130,23,14,1.0,-1,-1,-1
81,2,225,152,18,11,1.0,-1,-1,-1
101,1,106,189,25,14,1.0,-1,-1,-1
101,2,154,159,19,11,1.0,-1,-1,-1
121,1,106,240,25,11,1.0,-1,-1,-1
121,2,116,172,20,11,1.0,-1,-1,-1
141,1,190,236,24,10,1.0,-1,-1,-1
141,2,123,192,18,9,1.0,-1,-1,-1
161,2,162,208,18,9,1.0,-1,-1,-1
161,6,319,247,11,5,1.0,-1,-1,-1
161,8,276,205,23,11,1.0,-1,-1,-1
181,2,209,219,14,7,1.0,-1,-1,-1
181,6,319,247,11,5,1.0,-1,-1,-1
181,8,278,117,25,14,1.0,-1,-1,-1
201,2,258,223,16,7,1.0,-1,-1,-1
201,5,262,223,15,7,1.0,-1,-1,-1
201,8,272,92,23,15,1.0,-1,-1,-1
221,5,319,221,14,6,1.0,-1,-1,-1
221,8,201,91,22,15,1.0,-1,-1,-1
241,5,379,217,14,6,1.0,-1,-1,-1
241,8,172,22,24,15,1.0,-1,-1,-1
261,2,427,216,13,6,1.0,-1,-1,-1
261,8,176,22,21,15,1.0,-1,-1,-1
281,2,429,216,13,7,1.0,-1,-1,-1
281,8,168,70,22,14,1.0,-1,-1,-1
301,2,427,209,14,7,1.0,-1,-1,-1
301,8,166,121,22,12,1.0,-1,-1,-1
321,2,424,194,15,7,1.0,-1,-1,-1
321,8,171,138,24,13,1.0,-1,-1,-1
341,8,176,133,24,13,1.0,-1,-1,-1
341,10,424,176,19,11,1.0,-1,-1,-1
361,8,174,76,24,15,1.0,-1,-1,-1
361,11,429,194,15,7,1.0,-1,-1,-1
381,8,131,70,23,15,1.0,-1,-1,-1
381,11,432,210,16,7,1.0,-1,-1,-1
401,8,114,32,30,19,1.0,-1,-1,-1
401,11,437,231,16,7,1.0,-1,-1,-1
421,8,131,69,20,14,1.0,-1,-1,-1
421,11,441,242,17,8,1.0,-1,-1,-1
441,8,160,134,18,12,1.0,-1,-1,-1
441,11,443,251,14,7,1.0,-1,-1,-1
441,12,318,248,11,5,1.0,-1,-1,-1
461,11,439,266,17,7,1.0,-1,-1,-1
461,14,178,172,19,8,1.0,-1,-1,-1
481,11,436,286,14,7,1.0,-1,-1,-1
481,14,183,143,19,11,1.0,-1,-1,-1
481,15,616,333,13,7,1.0,-1,-1,-1
501,11,438,287,16,7,1.0,-1,-1,-1
501,14,183,137,20,12,1.0,-1,-1,-1
501,15,616,333,13,7,1.0,-1,-1,-1
521,11,426,285,15,7,1.0,-1,-1,-1
521,14,193,160,13,8,1.0,-1,-1,-1
521,15,616,333,13,7,1.0,-1,-1,-1
541,11,402,285,15,7,1.0,-1,-1,-1
541,14,200,142,14,9,1.0,-1,-1,-1
541,15,616,333,13,7,1.0,-1,-1,-1
561,11,375,284,15,8,1.0,-1,-1,-1
561,14,199,138,17,11,1.0,-1,-1,-1
561,15,616,333,13,7,1.0,-1,-1,-1
581,11,344,285,16,7,1.0,-1,-1,-1
581,14,199,144,17,12,1.0,-1,-1,-1
581,15,617,333,13,7,1.0,-1,-1,-1
601,11,315,288,16,7,1.0,-1,-1,-1
601,14,203,159,14,7,1.0,-1,-1,-1
601,15,616,333,13,7,1.0,-1,-1,-1
621,11,290,291,16,7,1.0,-1,-1,-1
621,14,231,158,17,7,1.0,-1,-1,-1
621,15,616,333,13,7,1.0,-1,-1,-1
641,11,268,292,15,7,1.0,-1,-1,-1
641,14,296,151,13,7,1.0,-1,-1,-1
641,15,616,334,13,7,1.0,-1,-1,-1
661,11,262,293,15,5,1.0,-1,-1,-1
661,14,353,147,15,10,1.0,-1,-1,-1
661,15,617,333,12,7,1.0,-1,-1,-1
681,11,273,290,16,7,1.0,-1,-1,-1
681,14,372,187,12,6,1.0,-1,-1,-1
681,15,616,333,13,7,1.0,-1,-1,-1
701,11,287,286,18,9,1.0,-1,-1,-1
701,15,616,333,13,7,1.0,-1,-1,-1
701,20,375,236,15,7,1.0,-1,-1,-1
721,11,293,288,15,7,1.0,-1,-1,-1
721,15,616,333,13,7,1.0,-1,-1,-1
721,20,384,294,16,7,1.0,-1,-1,-1
741,20,392,356,16,3,1.0,-1,-1,-1
741,21,293,305,14,7,1.0,-1,-1,-1
761,11,291,310,17,7,1.0,-1,-1,-1
761,15,616,333,13,7,1.0,-1,-1,-1
781,11,290,301,17,7,1.0,-1,-1,-1
781,15,617,333,13,7,1.0,-1,-1,-1
781,26,386,304,17,8,1.0,-1,-1,-1
801,11,293,292,16,7,1.0,-1,-1,-1
801,15,616,333,13,7,1.0,-1,-1,-1
801,32,381,237,13,6,1.0,-1,-1,-1
821,11,306,287,16,7,1.0,-1,-1,-1
821,15,616,333,13,7,1.0,-1,-1,-1
821,37,369,164,17,9,1.0,-1,-1,-1
841,11,319,285,16,7,1.0,-1,-1,-1
841,15,616,334,13,6,1.0,-1,-1,-1
841,37,351,151,14,7,1.0,-1,-1,-1
861,11,321,281,13,6,1.0,-1,-1,-1
861,15,616,333,13,7,1.0,-1,-1,-1
861,37,276,151,18,11,1.0,-1,-1,-1
881,11,318,268,14,6,1.0,-1,-1,-1
881,15,616,333,13,7,1.0,-1,-1,-1
881,37,158,157,15,9,1.0,-1,-1,-1
901,11,311,244,17,7,1.0,-1,-1,-1
901,15,616,333,13,7,1.0,-1,-1,-1
901,39,96,175,12,7,1.0,-1,-1,-1
921,11,304,213,18,8,1.0,-1,-1,-1
921,15,616,333,13,7,1.0,-1,-1,-1
921,39,87,226,18,9,1.0,-1,-1,-1
941,11,302,183,22,11,1.0,-1,-1,-1
941,15,616,333,13,7,1.0,-1,-1,-1
941,39,85,283,18,9,1.0,-1,-1,-1
961,11,313,190,21,13,1.0,-1,-1,-1
961,15,616,333,13,7,1.0,-1,-1,-1
961,39,106,303,18,7,1.0,-1,-1,-1
981,11,318,217,20,9,1.0,-1,-1,-1
981,39,151,294,16,8,1.0,-1,-1,-1
1001,11,319,240,24,11,1.0,-1,-1,-1
1001,39,152,248,18,9,1.0,-1,-1,-1
1021,11,323,260,22,9,1.0,-1,-1,-1
1021,39,157,216,18,9,1.0,-1,-1,-1
1041,11,333,266,21,9,1.0,-1,-1,-1
1041,39,209,213,15,7,1.0,-1,-1,-1
1061,11,365,265,24,9,1.0,-1,-1,-1
1061,39,292,206,16,8,1.0,-1,-1,-1
1061,41,136,352,7,7,1.0,-1,-1,-1
1081,11,419,262,24,9,1.0,-1,-1,-1
1081,39,363,203,13,7,1.0,-1,-1,-1
1101,11,461,258,20,8,1.0,-1,-1,-1
1101,39,368,201,16,7,1.0,-1,-1,-1
1121,11,430,258,24,10,1.0,-1,-1,-1
1121,39,359,202,14,6,1.0,-1,-1,-1
1141,11,344,268,20,7,1.0,-1,-1,-1
1141,39,315,204,17,8,1.0,-1,-1,-1
1161,11,279,275,22,8,1.0,-1,-1,-1
1161,39,239,206,15,8,1.0,-1,-1,-1
1181,11,283,273,23,8,1.0,-1,-1,-1
1181,39,160,209,18,9,1.0,-1,-1,-1
1201,11,285,266,22,8,1.0,-1,-1,-1
1201,39,145,178,18,9,1.0,-1,-1,-1
1221,11,283,257,22,7,1.0,-1,-1,-1
1221,39,150,138,17,10,1.0,-1,-1,-1
1241,11,303,245,23,9,1.0,-1,-1,-1
1241,39,154,136,15,11,1.0,-1,-1,-1
1261,11,349,232,22,9,1.0,-1,-1,-1
1261,39,198,135,16,10,1.0,-1,-1,-1
1281,11,400,222,19,8,1.0,-1,-1,-1
1281,39,224,135,14,8,1.0,-1,-1,-1
1301,11,419,210,26,11,1.0,-1,-1,-1
1301,39,246,135,16,8,1.0,-1,-1,-1
1321,11,417,204,22,10,1.0,-1,-1,-1
1321,39,250,160,16,9,1.0,-1,-1,-1
1341,11,370,204,21,10,1.0,-1,-1,-1
1341,39,251,190,15,8,1.0,-1,-1,-1
1361,11,292,210,21,10,1.0,-1,-1,-1
1361,42,247,148,17,9,1.0,-1,-1,-1
1381,11,211,216,20,9,1.0,-1,-1,-1
1381,42,247,117,15,8,1.0,-1,-1,-1
1401,11,199,212,23,10,1.0,-1,-1,-1
1401,42,262,114,18,11,1.0,-1,-1,-1
1421,11,218,203,29,13,1.0,-1,-1,-1
1421,42,326,111,15,10,1.0,-1,-1,-1
1441,11,243,198,24,11,1.0,-1,-1,-1
1441,42,375,106,17,11,1.0,-1,-1,-1
1461,11,268,191,23,11,1.0,-1,-1,-1
1461,42,355,104,15,11,1.0,-1,-1,-1
1481,11,287,184,25,13,1.0,-1,-1,-1
1481,42,290,106,16,11,1.0,-1,-1,-1
1501,11,308,178,23,13,1.0,-1,-1,-1
1501,42,268,108,16,10,1.0,-1,-1,-1
1521,11,330,171,25,14,1.0,-1,-1,-1
1521,42,206,111,17,11,1.0,-1,-1,-1
1541,11,361,169,21,11,1.0,-1,-1,-1
1541,42,149,120,16,10,1.0,-1,-1,-1
1561,11,391,161,25,14,1.0,-1,-1,-1
1561,42,147,158,17,9,1.0,-1,-1,-1
1581,11,399,156,25,14,1.0,-1,-1,-1
1581,42,147,212,18,9,1.0,-1,-1,-1
1601,11,387,152,23,15,1.0,-1,-1,-1
1601,42,146,271,16,8,1.0,-1,-1,-1
1621,11,364,151,24,13,1.0,-1,-1,-1
1621,43,148,252,16,8,1.0,-1,-1,-1
1641,11,328,150,25,13,1.0,-1,-1,-1
1641,43,150,203,17,8,1.0,-1,-1,-1
1661,11,281,152,26,13,1.0,-1,-1,-1
1661,43,152,160,17,10,1.0,-1,-1,-1
1681,11,230,149,28,15,1.0,-1,-1,-1
1681,43,155,135,17,8,1.0,-1,-1,-1
1701,11,196,147,26,15,1.0,-1,-1,-1
1701,43,185,132,21,10,1.0,-1,-1,-1
1721,11,186,149,27,15,1.0,-1,-1,-1
1721,43,267,127,15,9,1.0,-1,-1,-1
1741,11,189,154,31,17,1.0,-1,-1,-1
1741,43,359,119,16,11,1.0,-1,-1,-1
1761,11,190,165,28,15,1.0,-1,-1,-1
1761,43,379,96,17,10,1.0,-1,-1,-1
1781,11,192,176,25,13,1.0,-1,-1,-1
1781,43,357,91,17,11,1.0,-1,-1,-1
1801,11,189,190,28,14,1.0,-1,-1,-1
1801,43,283,95,16,11,1.0,-1,-1,-1
1821,11,187,202,27,13,1.0,-1,-1,-1
1821,43,167,102,12,8,1.0,-1,-1,-1
1841,11,197,200,26,12,1.0,-1,-1,-1
1841,43,94,107,16,10,1.0,-1,-1,-1
1861,11,225,193,31,14,1.0,-1,-1,-1
1861,43,125,104,17,11,1.0,-1,-1,-1
1881,11,256,190,25,13,1.0,-1,-1,-1
1881,43,206,99,20,11,1.0,-1,-1,-1
1901,11,280,186,29,14,1.0,-1,-1,-1
1901,43,248,96,16,11,1.0,-1,-1,-1
1921,11,307,184,25,13,1.0,-1,-1,-1
1921,43,224,96,16,11,1.0,-1,-1,-1
1941,11,343,184,21,9,1.0,-1,-1,-1
1941,43,210,134,17,9,1.0,-1,-1,-1
1961,11,382,174,26,13,1.0,-1,-1,-1
1961,43,215,179,16,9,1.0,-1,-1,-1
1981,11,430,172,22,11,1.0,-1,-1,-1
