21,1,272,62,12,7,1.0,-1,-1,-1
21,2,365,191,47,19,1.0,-1,-1,-1
41,1,272,65,13,8,1.0,-1,-1,-1
41,2,371,158,43,23,1.0,-1,-1,-1
61,1,274,88,12,7,1.0,-1,-1,-1
61,5,379,195,41,18,1.0,-1,-1,-1
81,1,275,116,13,7,1.0,-1,-1,-1
81,5,383,250,25,12,1.0,-1,-1,-1
101,1,278,144,12,7,1.0,-1,-1,-1
101,5,386,302,16,7,1.0,-1,-1,-1
121,1,279,171,12,7,1.0,-1,-1,-1
121,5,387,317,20,7,1.0,-1,-1,-1
141,1,280,198,11,6,1.0,-1,-1,-1
141,5,346,322,19,9,1.0,-1,-1,-1
161,1,280,226,12,6,1.0,-1,-1,-1
161,5,336,321,18,7,1.0,-1,-1,-1
181,1,264,238,11,5,1.0,-1,-1,-1
181,5,335,307,17,7,1.0,-1,-1,-1
201,5,332,293,16,7,1.0,-1,-1,-1
221,5,339,279,19,8,1.0,-1,-1,-1
221,6,133,258,16,7,1.0,-1,-1,-1
241,5,381,271,18,7,1.0,-1,-1,-1
241,8,67,239,12,6,1.0,-1,-1,-1
261,5,441,266,18,7,1.0,-1,-1,-1
261,8,65,196,12,6,1.0,-1,-1,-1
281,5,493,262,17,7,1.0,-1,-1,-1
281,8,80,151,14,7,1.0,-1,-1,-1
301,8,114,111,14,7,1.0,-1,-1,-1
301,9,488,259,17,9,1.0,-1,-1,-1
321,8,156,74,15,8,1.0,-1,-1,-1
321,9,439,263,17,7,1.0,-1,-1,-1
341,8,202,45,13,7,1.0,-1,-1,-1
341,9,386,267,18,8,1.0,-1,-1,-1
361,8,245,15,12,8,1.0,-1,-1,-1
361,9,335,271,20,8,1.0,-1,-1,-1
381,8,273,6,12,8,1.0,-1,-1,-1
381,9,316,271,17,7,1.0,-1,-1,-1
401,8,281,35,14,10,1.0,-1,-1,-1
401,9,323,265,18,7,1.0,-1,-1,-1
421,8,288,72,14,9,1.0,-1,-1,-1
421,9,310,264,14,6,1.0,-1,-1,-1
441,8,297,112,13,8,1.0,-1,-1,-1
441,9,277,262,19,7,1.0,-1,-1,-1
461,8,305,154,12,7,1.0,-1,-1,-1
461,9,276,260,18,8,1.0,-1,-1,-1
481,8,314,198,12,7,1.0,-1,-1,-1
481,9,278,269,17,7,1.0,-1,-1,-1
501,9,284,280,17,7,1.0,-1,-1,-1
501,11,317,236,12,6,1.0,-1,-1,-1
521,9,302,288,17,7,1.0,-1,-1,-1
541,9,324,291,17,7,1.0,-1,-1,-1
561,9,348,279,17,7,1.0,-1,-1,-1
561,16,315,284,20,8,1.0,-1,-1,-1
581,9,375,260,17,7,1.0,-1,-1,-1
601,9,400,247,16,7,1.0,-1,-1,-1
621,9,407,242,15,7,1.0,-1,-1,-1
621,24,322,219,13,6,1.0,-1,-1,-1
641,9,405,241,15,7,1.0,-1,-1,-1
641,26,329,182,15,7,1.0,-1,-1,-1
661,9,358,246,16,7,1.0,-1,-1,-1
661,27,328,135,15,7,1.0,-1,-1,-1
681,9,312,254,15,7,1.0,-1,-1,-1
681,27,325,92,14,9,1.0,-1,-1,-1
701,9,278,258,16,7,1.0,-1,-1,-1
701,27,310,80,13,9,1.0,-1,-1,-1
721,9,271,261,16,6,1.0,-1,-1,-1
721,27,275,86,12,7,1.0,-1,-1,-1
741,9,274,257,17,7,1.0,-1,-1,-1
741,27,243,113,14,9,1.0,-1,-1,-1
761,9,276,255,14,5,1.0,-1,-1,-1
761,27,224,150,12,7,1.0,-1,-1,-1
781,9,275,251,16,7,1.0,-1,-1,-1
781,27,223,169,15,8,1.0,-1,-1,-1
801,9,301,247,18,7,1.0,-1,-1,-1
801,27,224,169,14,8,1.0,-1,-1,-1
821,9,314,241,19,8,1.0,-1,-1,-1
821,27,225,169,12,7,1.0,-1,-1,-1
841,9,321,243,15,8,1.0,-1,-1,-1
841,27,226,171,11,6,1.0,-1,-1,-1
861,9,329,258,14,7,1.0,-1,-1,-1
861,27,227,172,12,7,1.0,-1,-1,-1
881,9,336,275,15,7,1.0,-1,-1,-1
881,27,226,172,13,7,1.0,-1,-1,-1
901,9,341,291,13,6,1.0,-1,-1,-1
901,27,224,172,11,7,1.0,-1,-1,-1
921,9,341,301,13,5,1.0,-1,-1,-1
921,27,223,169,15,8,1.0,-1,-1,-1
941,9,342,301,14,7,1.0,-1,-1,-1
941,27,226,170,12,7,1.0,-1,-1,-1
961,9,344,311,13,6,1.0,-1,-1,-1
961,27,226,172,13,7,1.0,-1,-1,-1
981,9,346,324,13,6,1.0,-1,-1,-1
981,27,270,179,13,8,1.0,-1,-1,-1
1001,9,348,322,12,6,1.0,-1,-1,-1
1021,9,350,316,12,7,1.0,-1,-1,-1
1021,47,436,142,8,5,1.0,-1,-1,-1
1041,9,351,311,13,5,1.0,-1,-1,-1
1041,49,487,142,9,6,1.0,-1,-1,-1
1061,9,352,300,13,5,1.0,-1,-1,-1
1061,43,466,144,11,7,1.0,-1,-1,-1
1081,9,350,288,14,5,1.0,-1,-1,-1
1101,51,348,280,15,5,1.0,-1,-1,-1
1101,69,300,171,8,5,1.0,-1,-1,-1
1121,9,353,271,11,4,1.0,-1,-1,-1
1121,64,300,171,9,5,1.0,-1,-1,-1
1121,67,298,171,9,5,1.0,-1,-1,-1
1141,9,352,260,9,5,1.0,-1,-1,-1
1141,51,351,262,11,4,1.0,-1,-1,-1
1141,70,303,184,11,5,1.0,-1,-1,-1
1161,9,360,250,13,6,1.0,-1,-1,-1
1161,74,304,209,13,5,1.0,-1,-1,-1
1181,9,383,247,10,5,1.0,-1,-1,-1
1181,74,304,210,9,5,1.0,-1,-1,-1
1201,9,401,249,9,5,1.0,-1,-1,-1
1201,70,303,209,10,5,1.0,-1,-1,-1
1221,74,303,209,9,3,1.0,-1,-1,-1
1221,76,320,249,7,3,1.0,-1,-1,-1
1241,70,302,205,9,4,1.0,-1,-1,-1
1241,79,425,246,11,5,1.0,-1,-1,-1
1261,79,423,236,11,5,1.0,-1,-1,-1
1261,88,308,261,9,4,1.0,-1,-1,-1
1281,79,423,232,11,5,1.0,-1,-1,-1
1281,90,310,296,11,4,1.0,-1,-1,-1
1301,79,420,222,11,5,1.0,-1,-1,-1
1321,79,428,209,12,6,1.0,-1,-1,-1
1321,93,299,275,10,4,1.0,-1,-1,-1
1341,79,412,206,11,5,1.0,-1,-1,-1
1361,79,401,207,12,7,1.0,-1,-1,-1
1361,108,263,202,15,8,1.0,-1,-1,-1
1381,108,264,195,15,9,1.0,-1,-1,-1
1381,109,404,220,12,5,1.0,-1,-1,-1
1401,108,265,198,13,7,1.0,-1,-1,-1
1401,112,392,234,12,6,1.0,-1,-1,-1
1421,108,268,204,13,7,1.0,-1,-1,-1
1421,109,388,249,12,5,1.0,-1,-1,-1
1441,109,395,264,10,5,1.0,-1,-1,-1
1441,122,272,191,13,6,1.0,-1,-1,-1
1461,112,395,267,10,6,1.0,-1,-1,-1
1461,122,270,154,15,8,1.0,-1,-1,-1
1481,112,397,266,9,5,1.0,-1,-1,-1
1481,122,271,154,13,7,1.0,-1,-1,-1
1501,112,398,268,8,3,1.0,-1,-1,-1
1501,122,262,136,17,9,1.0,-1,-1,-1
1521,122,258,125,16,9,1.0,-1,-1,-1
1541,122,258,150,16,8,1.0,-1,-1,-1
1561,134,264,220,13,5,1.0,-1,-1,-1
1581,134,265,234,11,5,1.0,-1,-1,-1
1601,129,386,296,13,5,1.0,-1,-1,-1
1601,134,261,234,14,5,1.0,-1,-1,-1
1621,134,260,235,15,7,1.0,-1,-1,-1
1621,146,370,288,10,5,1.0,-1,-1,-1
1641,129,356,280,12,4,1.0,-1,-1,-1
1641,134,262,235,15,7,1.0,-1,-1,-1
1641,146,355,280,11,5,1.0,-1,-1,-1
1661,129,354,291,13,6,1.0,-1,-1,-1
1661,134,267,238,13,6,1.0,-1,-1,-1
1681,129,365,306,12,5,1.0,-1,-1,-1
1681,134,270,250,11,5,1.0,-1,-1,-1
1701,129,374,326,13,5,1.0,-1,-1,-1
1701,134,271,254,10,4,1.0,-1,-1,-1
1721,134,268,253,13,5,1.0,-1,-1,-1
1721,149,374,324,12,5,1.0,-1,-1,-1
1741,134,267,255,14,5,1.0,-1,-1,-1
1741,149,364,319,13,5,1.0,-1,-1,-1
1761,134,266,261,13,5,1.0,-1,-1,-1
1761,149,358,314,12,5,1.0,-1,-1,-1
1781,134,266,261,13,5,1.0,-1,-1,-1
1781,149,347,308,13,5,1.0,-1,-1,-1
1801,154,336,302,16,6,1.0,-1,-1,-1
1801,164,270,279,13,5,1.0,-1,-1,-1
1821,154,335,300,14,5,1.0,-1,-1,-1
1821,166,276,300,11,4,1.0,-1,-1,-1
1841,154,335,300,16,6,1.0,-1,-1,-1
1841,169,320,249,7,3,1.0,-1,-1,-1
1861,154,333,300,14,6,1.0,-1,-1,-1
1861,181,473,209,7,3,1.0,-1,-1,-1
1861,186,272,206,13,5,1.0,-1,-1,-1
1881,154,326,294,15,7,1.0,-1,-1,-1
1881,162,325,295,18,6,1.0,-1,-1,-1
1881,186,272,201,13,5,1.0,-1,-1,-1
1901,162,308,281,15,5,1.0,-1,-1,-1
1901,181,473,209,7,3,1.0,-1,-1,-1
1901,188,271,183,13,7,1.0,-1,-1,-1
1921,162,285,262,16,6,1.0,-1,-1,-1
1921,194,268,130,13,7,1.0,-1,-1,-1
1921,195,267,129,16,8,1.0,-1,-1,-1
1941,154,285,257,16,7,1.0,-1,-1,-1
1941,194,270,127,13,6,1.0,-1,-1,-1
1961,154,287,257,16,6,1.0,-1,-1,-1
1961,194,271,127,12,7,1.0,-1,-1,-1
1981,154,287,263,17,7,1.0,-1,-1,-1
1981,194,270,128,13,7,1.0,-1,-1,-1
