21,1,120,40,28,9,1.0,-1,-1,-1
21,2,157,139,13,5,1.0,-1,-1,-1
41,1,117,40,25,9,1.0,-1,-1,-1
41,2,207,159,13,5,1.0,-1,-1,-1
41,4,102,204,33,9,1.0,-1,-1,-1
61,1,125,40,28,9,1.0,-1,-1,-1
61,2,216,177,13,4,1.0,-1,-1,-1
81,1,161,39,24,8,1.0,-1,-1,-1
81,2,241,177,13,5,1.0,-1,-1,-1
101,1,162,28,24,8,1.0,-1,-1,-1
101,4,102,204,32,9,1.0,-1,-1,-1
121,1,153,5,26,8,1.0,-1,-1,-1
121,4,102,204,33,9,1.0,-1,-1,-1
141,4,103,204,31,9,1.0,-1,-1,-1
161,4,102,204,33,9,1.0,-1,-1,-1
161,14,317,182,9,3,1.0,-1,-1,-1
181,15,124,26,33,9,1.0,-1,-1,-1
181,16,285,180,13,5,1.0,-1,-1,-1
201,4,102,204,34,9,1.0,-1,-1,-1
201,15,128,45,29,9,1.0,-1,-1,-1
201,16,284,181,11,3,1.0,-1,-1,-1
221,13,266,181,11,3,1.0,-1,-1,-1
221,15,131,55,26,8,1.0,-1,-1,-1
241,13,232,178,12,5,1.0,-1,-1,-1
241,15,130,103,27,7,1.0,-1,-1,-1
261,13,198,177,14,5,1.0,-1,-1,-1
261,15,156,126,28,8,1.0,-1,-1,-1
281,4,104,204,30,9,1.0,-1,-1,-1
281,13,170,178,11,3,1.0,-1,-1,-1
281,15,224,124,34,10,1.0,-1,-1,-1
301,13,143,176,12,5,1.0,-1,-1,-1
301,15,249,136,28,8,1.0,-1,-1,-1
321,13,116,175,12,5,1.0,-1,-1,-1
321,15,241,138,28,9,1.0,-1,-1,-1
341,13,88,174,13,5,1.0,-1,-1,-1
341,15,233,136,29,9,1.0,-1,-1,-1
361,4,100,203,37,11,1.0,-1,-1,-1
361,13,66,174,13,3,1.0,-1,-1,-1
361,15,211,121,37,11,1.0,-1,-1,-1
381,13,66,167,14,4,1.0,-1,-1,-1
381,15,159,96,40,11,1.0,-1,-1,-1
401,4,103,204,34,9,1.0,-1,-1,-1
401,15,67,56,55,14,1.0,-1,-1,-1
401,20,73,135,11,5,1.0,-1,-1,-1
421,4,102,204,37,9,1.0,-1,-1,-1
421,15,33,2,70,20,1.0,-1,-1,-1
421,20,62,119,14,5,1.0,-1,-1,-1
441,20,16,96,15,5,1.0,-1,-1,-1
461,4,102,204,33,9,1.0,-1,-1,-1
461,22,92,3,98,21,1.0,-1,-1,-1
481,4,102,204,33,9,1.0,-1,-1,-1
481,22,126,25,61,19,1.0,-1,-1,-1
501,22,119,37,62,18,1.0,-1,-1,-1
501,24,21,74,11,5,1.0,-1,-1,-1
521,22,103,43,55,15,1.0,-1,-1,-1
521,24,81,79,13,5,1.0,-1,-1,-1
541,22,141,45,56,17,1.0,-1,-1,-1
541,24,144,83,11,5,1.0,-1,-1,-1
561,22,116,47,48,14,1.0,-1,-1,-1
561,24,195,88,14,5,1.0,-1,-1,-1
581,22,122,61,47,13,1.0,-1,-1,-1
581,24,243,92,11,5,1.0,-1,-1,-1
601,22,193,70,49,14,1.0,-1,-1,-1
601,24,292,96,12,5,1.0,-1,-1,-1
621,22,248,74,49,20,1.0,-1,-1,-1
621,24,324,92,10,4,1.0,-1,-1,-1
641,22,83,95,50,17,1.0,-1,-1,-1
641,25,327,67,11,4,1.0,-1,-1,-1
661,22,39,141,33,9,1.0,-1,-1,-1
661,25,312,61,11,5,1.0,-1,-1,-1
681,22,104,154,45,14,1.0,-1,-1,-1
681,25,265,56,13,6,1.0,-1,-1,-1
701,22,352,151,43,15,1.0,-1,-1,-1
701,25,202,49,13,5,1.0,-1,-1,-1
721,22,404,156,32,9,1.0,-1,-1,-1
721,25,135,43,12,5,1.0,-1,-1,-1
741,22,334,158,36,9,1.0,-1,-1,-1
741,25,64,34,15,7,1.0,-1,-1,-1
761,22,244,159,43,11,1.0,-1,-1,-1
761,25,57,8,13,6,1.0,-1,-1,-1
781,22,222,163,38,10,1.0,-1,-1,-1
781,25,19,5,12,5,1.0,-1,-1,-1
801,22,190,166,38,9,1.0,-1,-1,-1
821,22,110,166,39,9,1.0,-1,-1,-1
841,22,10,165,47,11,1.0,-1,-1,-1
861,22,7,154,50,14,1.0,-1,-1,-1
881,29,105,136,35,9,1.0,-1,-1,-1
901,29,244,124,33,9,1.0,-1,-1,-1
921,29,380,157,32,8,1.0,-1,-1,-1
941,29,440,165,40,11,1.0,-1,-1,-1
941,31,172,185,11,5,1.0,-1,-1,-1
961,29,295,163,27,8,1.0,-1,-1,-1
981,29,68,164,33,9,1.0,-1,-1,-1
981,33,188,14,14,7,1.0,-1,-1,-1
1001,33,184,41,13,6,1.0,-1,-1,-1
1021,33,181,66,11,5,1.0,-1,-1,-1
1041,36,181,106,11,4,1.0,-1,-1,-1
1061,36,179,132,11,4,1.0,-1,-1,-1
1061,37,101,203,35,11,1.0,-1,-1,-1
1081,36,193,136,13,5,1.0,-1,-1,-1
1081,37,103,204,32,9,1.0,-1,-1,-1
1101,36,254,139,10,5,1.0,-1,-1,-1
1121,36,303,144,10,3,1.0,-1,-1,-1
1121,37,101,203,35,10,1.0,-1,-1,-1
1121,39,7,93,33,21,1.0,-1,-1,-1
1141,36,295,142,11,5,1.0,-1,-1,-1
1141,39,75,66,85,27,1.0,-1,-1,-1
1161,36,238,138,10,4,1.0,-1,-1,-1
1161,39,122,66,80,25,1.0,-1,-1,-1
1161,40,230,210,11,3,1.0,-1,-1,-1
1181,36,149,134,11,5,1.0,-1,-1,-1
1181,37,103,204,35,9,1.0,-1,-1,-1
1181,39,121,102,71,20,1.0,-1,-1,-1
1201,36,48,131,12,4,1.0,-1,-1,-1
1201,37,102,204,35,9,1.0,-1,-1,-1
1201,39,109,127,82,19,1.0,-1,-1,-1
1221,39,115,158,80,18,1.0,-1,-1,-1
1241,39,207,163,78,19,1.0,-1,-1,-1
1241,48,39,169,12,5,1.0,-1,-1,-1
1261,39,361,161,75,21,1.0,-1,-1,-1
1261,50,123,171,11,5,1.0,-1,-1,-1
1281,39,397,164,64,19,1.0,-1,-1,-1
1281,51,232,184,10,3,1.0,-1,-1,-1
1301,39,385,174,62,17,1.0,-1,-1,-1
1321,37,102,204,33,9,1.0,-1,-1,-1
1321,39,315,180,55,13,1.0,-1,-1,-1
1321,54,257,202,9,3,1.0,-1,-1,-1
1341,37,101,203,35,11,1.0,-1,-1,-1
1341,39,185,183,55,13,1.0,-1,-1,-1
1361,39,129,186,70,16,1.0,-1,-1,-1
1381,39,141,198,42,11,1.0,-1,-1,-1
1401,39,189,209,28,8,1.0,-1,-1,-1
1421,39,238,218,21,5,1.0,-1,-1,-1
1441,39,302,223,19,6,1.0,-1,-1,-1
1441,72,51,116,13,5,1.0,-1,-1,-1
1461,39,326,225,17,5,1.0,-1,-1,-1
1461,74,130,111,12,5,1.0,-1,-1,-1
1481,39,337,222,19,7,1.0,-1,-1,-1
1481,74,214,116,11,5,1.0,-1,-1,-1
1501,39,309,216,25,7,1.0,-1,-1,-1
1501,74,285,121,12,5,1.0,-1,-1,-1
1521,74,315,123,11,3,1.0,-1,-1,-1
1521,77,129,203,42,11,1.0,-1,-1,-1
1541,74,323,123,11,3,1.0,-1,-1,-1
1561,74,321,108,11,4,1.0,-1,-1,-1
1581,74,320,95,11,4,1.0,-1,-1,-1
1601,74,299,93,11,5,1.0,-1,-1,-1
1621,74,262,90,10,5,1.0,-1,-1,-1
1621,80,3,168,56,21,1.0,-1,-1,-1
1641,74,262,87,11,5,1.0,-1,-1,-1
1641,81,101,180,54,16,1.0,-1,-1,-1
1661,74,312,89,11,5,1.0,-1,-1,-1
1661,81,195,189,54,13,1.0,-1,-1,-1
1681,74,385,94,11,4,1.0,-1,-1,-1
1681,81,226,194,47,12,1.0,-1,-1,-1
1701,74,433,96,12,5,1.0,-1,-1,-1
1701,81,266,203,41,9,1.0,-1,-1,-1
1721,74,419,96,10,3,1.0,-1,-1,-1
1721,84,101,204,35,9,1.0,-1,-1,-1
1721,87,304,215,26,7,1.0,-1,-1,-1
1741,74,360,90,11,4,1.0,-1,-1,-1
1741,87,319,220,26,7,1.0,-1,-1,-1
1761,74,269,83,11,5,1.0,-1,-1,-1
1761,87,349,224,19,5,1.0,-1,-1,-1
1781,74,176,77,14,6,1.0,-1,-1,-1
1781,87,345,225,21,7,1.0,-1,-1,-1
1801,87,292,227,16,5,1.0,-1,-1,-1
1801,88,143,92,11,5,1.0,-1,-1,-1
1821,87,275,226,17,5,1.0,-1,-1,-1
1821,88,137,120,12,5,1.0,-1,-1,-1
1841,88,91,136,12,5,1.0,-1,-1,-1
1861,87,244,226,17,5,1.0,-1,-1,-1
1881,87,245,225,17,5,1.0,-1,-1,-1
1901,90,244,225,18,7,1.0,-1,-1,-1
1901,96,127,146,13,5,1.0,-1,-1,-1
1921,96,191,149,12,5,1.0,-1,-1,-1
1941,96,239,152,11,5,1.0,-1,-1,-1
1961,96,283,152,11,5,1.0,-1,-1,-1
1981,98,311,144,10,4,1.0,-1,-1,-1
1981,100,102,204,33,9,1.0,-1,-1,-1
