21,1,184,104,27,7,1.0,-1,-1,-1
21,2,240,149,11,5,1.0,-1,-1,-1
41,1,183,104,24,7,1.0,-1,-1,-1
41,2,195,146,13,5,1.0,-1,-1,-1
61,1,168,103,28,9,1.0,-1,-1,-1
61,2,142,144,13,5,1.0,-1,-1,-1
81,1,124,105,25,7,1.0,-1,-1,-1
81,2,117,134,12,5,1.0,-1,-1,-1
101,1,61,103,26,8,1.0,-1,-1,-1
101,2,109,121,14,5,1.0,-1,-1,-1
121,1,44,103,24,7,1.0,-1,-1,-1
121,2,81,108,13,5,1.0,-1,-1,-1
141,1,46,99,23,8,1.0,-1,-1,-1
141,8,39,91,14,5,1.0,-1,-1,-1
161,1,68,96,25,7,1.0,-1,-1,-1
161,9,0,60,13,7,1.0,-1,-1,-1
181,1,109,95,26,7,1.0,-1,-1,-1
181,8,0,61,13,5,1.0,-1,-1,-1
181,12,3,61,6,5,1.0,-1,-1,-1
201,1,112,85,29,9,1.0,-1,-1,-1
201,13,49,64,15,5,1.0,-1,-1,-1
221,1,137,71,30,9,1.0,-1,-1,-1
221,13,105,68,14,5,1.0,-1,-1,-1
241,1,206,64,31,11,1.0,-1,-1,-1
241,13,164,73,14,5,1.0,-1,-1,-1
261,1,243,82,29,11,1.0,-1,-1,-1
261,13,227,78,12,5,1.0,-1,-1,-1
281,1,242,112,26,7,1.0,-1,-1,-1
281,13,290,83,12,5,1.0,-1,-1,-1
301,1,239,120,30,9,1.0,-1,-1,-1
301,13,337,87,13,5,1.0,-1,-1,-1
321,1,240,129,32,9,1.0,-1,-1,-1
321,13,329,86,11,5,1.0,-1,-1,-1
341,1,218,132,28,9,1.0,-1,-1,-1
341,13,285,82,11,4,1.0,-1,-1,-1
361,1,139,133,30,9,1.0,-1,-1,-1
361,13,238,74,12,5,1.0,-1,-1,-1
381,1,50,135,30,7,1.0,-1,-1,-1
381,13,232,57,13,5,1.0,-1,-1,-1
401,13,202,51,12,5,1.0,-1,-1,-1
401,16,1,133,23,7,1.0,-1,-1,-1
421,13,126,44,11,5,1.0,-1,-1,-1
421,17,0,125,26,9,1.0,-1,-1,-1
441,13,32,35,15,7,1.0,-1,-1,-1
441,17,10,120,25,7,1.0,-1,-1,-1
461,13,8,47,14,6,1.0,-1,-1,-1
461,16,18,112,31,10,1.0,-1,-1,-1
481,13,8,72,13,5,1.0,-1,-1,-1
481,16,40,108,34,9,1.0,-1,-1,-1
501,13,23,92,13,5,1.0,-1,-1,-1
501,16,76,102,31,8,1.0,-1,-1,-1
521,13,73,112,14,5,1.0,-1,-1,-1
521,16,122,97,34,10,1.0,-1,-1,-1
541,13,155,126,11,5,1.0,-1,-1,-1
541,16,176,93,29,9,1.0,-1,-1,-1
561,13,225,136,13,5,1.0,-1,-1,-1
561,16,185,89,31,9,1.0,-1,-1,-1
581,13,242,139,12,5,1.0,-1,-1,-1
581,16,191,81,33,11,1.0,-1,-1,-1
601,13,242,152,13,5,1.0,-1,-1,-1
601,16,216,80,28,9,1.0,-1,-1,-1
621,13,259,160,13,5,1.0,-1,-1,-1
621,16,220,79,25,9,1.0,-1,-1,-1
641,13,292,169,12,4,1.0,-1,-1,-1
641,16,211,77,31,9,1.0,-1,-1,-1
661,16,199,70,29,9,1.0,-1,-1,-1
681,16,194,97,31,9,1.0,-1,-1,-1
681,24,101,203,37,11,1.0,-1,-1,-1
681,25,263,167,14,5,1.0,-1,-1,-1
701,16,194,117,29,8,1.0,-1,-1,-1
701,25,207,166,12,5,1.0,-1,-1,-1
721,16,191,137,34,10,1.0,-1,-1,-1
721,25,143,162,14,5,1.0,-1,-1,-1
741,16,178,137,31,9,1.0,-1,-1,-1
741,25,112,161,12,5,1.0,-1,-1,-1
761,16,114,138,30,9,1.0,-1,-1,-1
761,24,103,202,35,11,1.0,-1,-1,-1
761,26,82,161,12,5,1.0,-1,-1,-1
781,26,35,160,12,4,1.0,-1,-1,-1
781,27,103,204,31,9,1.0,-1,-1,-1
801,34,38,160,12,5,1.0,-1,-1,-1
821,24,104,204,31,9,1.0,-1,-1,-1
821,25,81,161,15,5,1.0,-1,-1,-1
841,25,111,163,11,3,1.0,-1,-1,-1
861,25,146,164,13,5,1.0,-1,-1,-1
881,25,196,167,11,5,1.0,-1,-1,-1
901,25,248,168,15,5,1.0,-1,-1,-1
901,42,1,117,14,6,1.0,-1,-1,-1
921,24,102,204,35,9,1.0,-1,-1,-1
921,25,279,171,10,3,1.0,-1,-1,-1
921,43,32,103,25,8,1.0,-1,-1,-1
941,24,103,204,31,9,1.0,-1,-1,-1
941,43,90,94,28,8,1.0,-1,-1,-1
961,43,141,89,30,10,1.0,-1,-1,-1
981,43,148,92,29,9,1.0,-1,-1,-1
1001,43,170,92,29,9,1.0,-1,-1,-1
1021,43,202,93,27,8,1.0,-1,-1,-1
1041,43,201,97,31,10,1.0,-1,-1,-1
1041,57,137,200,11,5,1.0,-1,-1,-1
1061,43,200,103,27,7,1.0,-1,-1,-1
1061,58,44,129,11,3,1.0,-1,-1,-1
1081,43,192,104,28,7,1.0,-1,-1,-1
1101,43,161,102,29,9,1.0,-1,-1,-1
1101,63,27,140,11,5,1.0,-1,-1,-1
1121,43,105,102,30,9,1.0,-1,-1,-1
1121,62,29,113,13,5,1.0,-1,-1,-1
1121,68,102,204,33,9,1.0,-1,-1,-1
1141,43,93,103,32,9,1.0,-1,-1,-1
1141,62,31,92,13,4,1.0,-1,-1,-1
1141,68,101,204,35,9,1.0,-1,-1,-1
1161,43,53,105,26,8,1.0,-1,-1,-1
1161,62,59,95,12,5,1.0,-1,-1,-1
1161,68,102,204,35,9,1.0,-1,-1,-1
1181,43,43,104,26,8,1.0,-1,-1,-1
1181,62,119,100,14,6,1.0,-1,-1,-1
1201,43,44,99,28,8,1.0,-1,-1,-1
1201,62,210,106,12,5,1.0,-1,-1,-1
1221,43,44,91,30,8,1.0,-1,-1,-1
1221,62,257,96,12,5,1.0,-1,-1,-1
1221,68,104,204,31,9,1.0,-1,-1,-1
1241,43,47,77,29,9,1.0,-1,-1,-1
1241,62,264,70,14,5,1.0,-1,-1,-1
1261,43,48,63,29,9,1.0,-1,-1,-1
1261,62,297,47,13,5,1.0,-1,-1,-1
1281,43,46,56,34,11,1.0,-1,-1,-1
1281,62,307,45,11,5,1.0,-1,-1,-1
1301,43,105,56,28,11,1.0,-1,-1,-1
1301,62,267,43,11,5,1.0,-1,-1,-1
1321,43,188,56,25,9,1.0,-1,-1,-1
1321,62,219,39,11,5,1.0,-1,-1,-1
1341,43,208,56,26,9,1.0,-1,-1,-1
1341,62,173,35,11,5,1.0,-1,-1,-1
1361,43,194,63,25,9,1.0,-1,-1,-1
1361,62,115,29,11,5,1.0,-1,-1,-1
1381,43,191,72,27,9,1.0,-1,-1,-1
1381,62,88,5,12,5,1.0,-1,-1,-1
1381,72,104,203,31,9,1.0,-1,-1,-1
1401,43,196,70,25,7,1.0,-1,-1,-1
1421,43,199,63,26,9,1.0,-1,-1,-1
1441,43,199,58,27,9,1.0,-1,-1,-1
1461,43,196,49,28,10,1.0,-1,-1,-1
1481,43,198,47,25,9,1.0,-1,-1,-1
1501,43,160,47,25,9,1.0,-1,-1,-1
1501,74,139,15,13,5,1.0,-1,-1,-1
1521,43,115,48,26,9,1.0,-1,-1,-1
1521,74,163,40,12,5,1.0,-1,-1,-1
1541,43,117,50,26,9,1.0,-1,-1,-1
1541,77,223,68,11,5,1.0,-1,-1,-1
1561,43,117,49,27,9,1.0,-1,-1,-1
1561,82,299,89,12,5,1.0,-1,-1,-1
1581,43,106,38,28,9,1.0,-1,-1,-1
1581,81,323,89,11,5,1.0,-1,-1,-1
1601,43,90,21,30,9,1.0,-1,-1,-1
1601,76,299,87,12,5,1.0,-1,-1,-1
1621,43,66,0,36,11,1.0,-1,-1,-1
1621,76,234,80,12,5,1.0,-1,-1,-1
1641,76,159,73,13,6,1.0,-1,-1,-1
1661,86,154,83,12,5,1.0,-1,-1,-1
1681,86,156,102,11,5,1.0,-1,-1,-1
1701,86,153,120,13,5,1.0,-1,-1,-1
1701,87,82,0,48,10,1.0,-1,-1,-1
1721,86,113,136,13,5,1.0,-1,-1,-1
1721,87,77,39,47,14,1.0,-1,-1,-1
1741,87,77,53,43,13,1.0,-1,-1,-1
1741,89,25,141,12,5,1.0,-1,-1,-1
1761,87,104,55,43,13,1.0,-1,-1,-1
1781,87,198,55,42,13,1.0,-1,-1,-1
1801,87,234,56,37,13,1.0,-1,-1,-1
1801,93,135,145,13,5,1.0,-1,-1,-1
1821,87,237,61,35,11,1.0,-1,-1,-1
1821,93,207,148,12,5,1.0,-1,-1,-1
1841,87,251,61,36,11,1.0,-1,-1,-1
1841,93,263,151,12,5,1.0,-1,-1,-1
1861,87,250,62,35,11,1.0,-1,-1,-1
1861,93,271,150,12,5,1.0,-1,-1,-1
1881,87,249,63,39,11,1.0,-1,-1,-1
1881,93,224,144,13,5,1.0,-1,-1,-1
1901,87,195,59,33,11,1.0,-1,-1,-1
1901,93,122,136,13,5,1.0,-1,-1,-1
1921,87,113,53,39,14,1.0,-1,-1,-1
1921,98,45,164,15,5,1.0,-1,-1,-1
1941,87,135,57,36,13,1.0,-1,-1,-1
1961,87,144,61,37,11,1.0,-1,-1,-1
1981,87,143,62,36,10,1.0,-1,-1,-1
1981,102,169,195,14,5,1.0,-1,-1,-1
