21,1,363,236,10,6,1.0,-1,-1,-1
41,4,364,250,15,5,1.0,-1,-1,-1
61,6,393,250,8,4,1.0,-1,-1,-1
81,6,407,249,14,5,1.0,-1,-1,-1
101,7,414,243,6,4,1.0,-1,-1,-1
121,7,415,244,12,6,1.0,-1,-1,-1
141,7,414,251,9,4,1.0,-1,-1,-1
241,12,363,259,12,5,1.0,-1,-1,-1
261,12,337,262,10,4,1.0,-1,-1,-1
281,12,305,263,9,3,1.0,-1,-1,-1
301,12,265,264,21,9,1.0,-1,-1,-1
321,12,234,266,11,4,1.0,-1,-1,-1
421,21,63,273,15,5,1.0,-1,-1,-1
501,25,202,268,13,5,1.0,-1,-1,-1
541,26,201,268,13,5,1.0,-1,-1,-1
561,28,216,267,5,3,1.0,-1,-1,-1
581,25,247,265,18,7,1.0,-1,-1,-1
601,25,280,263,9,4,1.0,-1,-1,-1
621,30,288,263,10,5,1.0,-1,-1,-1
641,31,292,264,6,3,1.0,-1,-1,-1
661,34,320,262,8,4,1.0,-1,-1,-1
781,39,445,236,7,5,1.0,-1,-1,-1
801,39,442,226,11,5,1.0,-1,-1,-1
821,41,454,228,5,4,1.0,-1,-1,-1
841,41,454,232,11,5,1.0,-1,-1,-1
861,41,472,233,7,3,1.0,-1,-1,-1
881,41,513,230,12,5,1.0,-1,-1,-1
901,41,518,230,8,5,1.0,-1,-1,-1
921,41,518,230,11,5,1.0,-1,-1,-1
941,41,535,233,10,5,1.0,-1,-1,-1
961,41,547,233,13,5,1.0,-1,-1,-1
1101,48,380,255,6,3,1.0,-1,-1,-1
1141,49,331,262,6,3,1.0,-1,-1,-1
1161,45,288,264,12,5,1.0,-1,-1,-1
1181,51,269,264,12,7,1.0,-1,-1,-1
1201,45,226,267,13,5,1.0,-1,-1,-1
1221,44,186,261,22,9,1.0,-1,-1,-1
1241,51,189,257,16,9,1.0,-1,-1,-1
1261,51,247,250,18,7,1.0,-1,-1,-1
1281,57,270,249,11,7,1.0,-1,-1,-1
1301,57,294,248,14,5,1.0,-1,-1,-1
1321,57,338,245,10,4,1.0,-1,-1,-1
1341,51,350,243,14,5,1.0,-1,-1,-1
1361,51,356,242,14,7,1.0,-1,-1,-1
1381,51,386,240,14,5,1.0,-1,-1,-1
1401,60,387,239,12,5,1.0,-1,-1,-1
1421,63,343,238,15,7,1.0,-1,-1,-1
1441,63,336,239,12,6,1.0,-1,-1,-1
1461,63,327,238,13,7,1.0,-1,-1,-1
1481,60,291,241,14,7,1.0,-1,-1,-1
1501,60,281,241,15,8,1.0,-1,-1,-1
1541,72,434,236,12,7,1.0,-1,-1,-1
1581,76,456,221,15,6,1.0,-1,-1,-1
1601,77,451,198,9,7,1.0,-1,-1,-1
1621,77,415,199,10,6,1.0,-1,-1,-1
1661,82,366,171,13,6,1.0,-1,-1,-1
1681,82,337,172,13,5,1.0,-1,-1,-1
1701,82,308,172,12,5,1.0,-1,-1,-1
1721,82,254,170,15,6,1.0,-1,-1,-1
1741,82,247,143,14,9,1.0,-1,-1,-1
1761,82,283,141,12,7,1.0,-1,-1,-1
1781,86,335,170,17,7,1.0,-1,-1,-1
1801,92,344,196,12,5,1.0,-1,-1,-1
1821,85,332,200,20,10,1.0,-1,-1,-1
1841,85,323,225,17,8,1.0,-1,-1,-1
1861,95,359,223,28,7,1.0,-1,-1,-1
1881,95,391,248,16,6,1.0,-1,-1,-1
1901,97,355,250,8,3,1.0,-1,-1,-1
1921,97,267,252,23,9,1.0,-1,-1,-1
1941,99,259,254,7,5,1.0,-1,-1,-1
1941,100,260,255,10,7,1.0,-1,-1,-1
1961,101,321,249,16,9,1.0,-1,-1,-1
2001,113,471,205,19,8,1.0,-1,-1,-1
2021,113,469,173,21,8,1.0,-1,-1,-1
2041,111,454,172,18,11,1.0,-1,-1,-1
2061,111,371,180,18,8,1.0,-1,-1,-1
2081,111,319,205,12,7,1.0,-1,-1,-1
2101,111,313,221,15,5,1.0,-1,-1,-1
2121,111,317,221,14,6,1.0,-1,-1,-1
2141,111,315,220,17,7,1.0,-1,-1,-1
2161,111,318,205,15,6,1.0,-1,-1,-1
