1,1,219.43,251.29,36.16,10.53,0.87,-1,-1,-1
1,2,313.78,240.48,12.74,4.50,0.80,-1,-1,-1
1,3,249.23,142.18,10.36,4.01,0.78,-1,-1,-1
21,1,218.02,211.31,38.34,11.64,0.85,-1,-1,-1
21,2,313.32,240.81,12.87,4.16,0.80,-1,-1,-1
21,3,250.40,145.68,10.39,4.14,0.80,-1,-1,-1
41,1,215.33,211.05,38.42,12.51,0.87,-1,-1,-1
41,2,313.65,236.93,12.54,4.30,0.79,-1,-1,-1
41,3,249.84,148.29,10.49,3.86,0.78,-1,-1,-1
61,1,177.25,210.86,40.64,12.96,0.86,-1,-1,-1
61,2,314.89,183.02,12.50,6.67,0.83,-1,-1,-1
61,3,243.18,146.78,10.45,4.26,0.79,-1,-1,-1
81,1,117.34,209.01,42.66,14.24,0.85,-1,-1,-1
81,2,317.78,130.24,13.63,4.73,0.82,-1,-1,-1
81,3,240.59,146.26,10.46,4.20,0.79,-1,-1,-1
101,1,113.25,208.22,43.01,15.16,0.87,-1,-1,-1
101,2,320.34,107.63,14.43,4.81,0.81,-1,-1,-1
101,3,243.11,144.84,10.49,4.04,0.79,-1,-1,-1
121,1,178.63,210.60,41.70,11.96,0.86,-1,-1,-1
121,2,315.45,130.85,17.39,10.78,0.88,-1,-1,-1
121,3,244.70,143.00,10.30,3.90,0.77,-1,-1,-1
141,1,254.07,210.51,37.60,13.92,0.87,-1,-1,-1
141,2,315.30,152.46,17.58,7.60,0.87,-1,-1,-1
141,3,244.29,141.59,10.45,4.17,0.78,-1,-1,-1
161,1,261.78,210.00,37.60,12.71,0.87,-1,-1,-1
161,2,329.41,128.95,17.62,9.10,0.86,-1,-1,-1
161,3,249.63,138.81,10.60,4.25,0.80,-1,-1,-1
181,1,236.61,210.23,38.00,12.99,0.86,-1,-1,-1
181,2,333.27,157.31,15.09,7.39,0.85,-1,-1,-1
181,3,246.09,136.04,10.30,5.31,0.82,-1,-1,-1
201,1,173.98,210.18,39.52,12.34,0.85,-1,-1,-1
201,2,328.06,184.98,12.58,5.22,0.82,-1,-1,-1
201,3,245.29,138.75,10.96,5.18,0.81,-1,-1,-1
221,1,98.82,207.53,46.22,15.36,0.86,-1,-1,-1
221,2,288.86,199.44,12.47,4.02,0.78,-1,-1,-1
221,3,235.10,145.10,10.36,4.28,0.79,-1,-1,-1
241,1,87.08,207.62,44.11,15.88,0.86,-1,-1,-1
241,2,251.83,205.34,10.71,4.91,0.79,-1,-1,-1
241,3,219.92,150.29,9.91,4.13,0.76,-1,-1,-1
261,1,151.69,210.39,40.85,11.72,0.84,-1,-1,-1
261,2,255.62,208.45,10.23,4.69,0.80,-1,-1,-1
261,3,214.93,154.08,9.74,5.50,0.82,-1,-1,-1
281,1,200.77,205.99,36.15,12.14,0.86,-1,-1,-1
281,2,277.36,210.20,10.34,4.45,0.78,-1,-1,-1
281,3,237.42,165.41,9.74,4.62,0.76,-1,-1,-1
301,1,200.76,166.01,37.23,12.11,0.86,-1,-1,-1
301,2,259.44,209.92,10.87,4.02,0.78,-1,-1,-1
301,3,267.98,176.45,9.08,3.69,0.76,-1,-1,-1
321,1,199.44,145.64,37.64,12.54,0.86,-1,-1,-1
321,2,232.56,209.04,10.17,4.22,0.78,-1,-1,-1
321,3,278.25,181.29,9.21,5.12,0.78,-1,-1,-1
341,1,196.19,191.19,38.54,14.59,0.83,-1,-1,-1
341,2,242.44,208.76,10.49,4.44,0.75,-1,-1,-1
341,3,280.66,193.65,8.43,4.02,0.77,-1,-1,-1
361,1,194.93,217.29,40.26,11.84,0.88,-1,-1,-1
361,2,265.42,229.94,10.22,4.48,0.79,-1,-1,-1
361,3,263.58,203.19,8.19,3.46,0.77,-1,-1,-1
381,1,202.20,148.25,34.88,13.18,0.88,-1,-1,-1
381,2,269.10,240.54,11.10,3.84,0.75,-1,-1,-1
381,3,261.39,204.83,7.64,3.05,0.73,-1,-1,-1
401,1,202.53,133.76,35.64,12.02,0.85,-1,-1,-1
401,2,286.30,231.45,11.83,5.20,0.78,-1,-1,-1
401,3,268.21,203.19,8.34,3.17,0.71,-1,-1,-1
421,1,231.89,130.40,37.82,18.50,0.86,-1,-1,-1
421,2,337.98,226.42,12.64,5.78,0.80,-1,-1,-1
421,3,262.01,201.33,7.91,3.62,0.73,-1,-1,-1
441,1,347.38,131.75,39.14,17.69,0.87,-1,-1,-1
441,2,358.44,225.10,12.41,5.05,0.80,-1,-1,-1
441,3,232.76,196.22,8.58,3.92,0.75,-1,-1,-1
461,1,404.49,136.02,35.41,13.42,0.87,-1,-1,-1
461,2,329.87,222.58,12.58,4.89,0.80,-1,-1,-1
461,3,195.06,181.85,8.61,3.95,0.73,-1,-1,-1
481,1,400.83,136.30,35.35,13.43,0.86,-1,-1,-1
481,2,262.73,220.22,14.43,4.44,0.80,-1,-1,-1
481,3,171.17,166.15,9.28,5.66,0.80,-1,-1,-1
501,1,358.89,134.87,36.87,14.02,0.86,-1,-1,-1
501,2,225.15,218.72,11.97,5.10,0.80,-1,-1,-1
501,3,157.98,164.27,9.42,4.58,0.77,-1,-1,-1
521,1,271.55,134.01,37.49,13.57,0.87,-1,-1,-1
521,2,237.36,218.12,12.45,5.14,0.82,-1,-1,-1
521,3,125.02,159.50,9.68,4.30,0.77,-1,-1,-1
541,1,156.11,134.63,40.52,12.71,0.86,-1,-1,-1
541,2,286.73,219.60,13.10,5.14,0.80,-1,-1,-1
541,3,96.06,143.14,10.30,6.21,0.83,-1,-1,-1
561,1,74.83,134.25,40.60,14.99,0.88,-1,-1,-1
561,2,305.04,219.67,11.95,5.33,0.80,-1,-1,-1
581,1,74.56,132.60,41.14,19.15,0.88,-1,-1,-1
581,2,274.06,218.27,12.87,4.87,0.81,-1,-1,-1
601,1,114.79,117.26,39.78,15.00,0.88,-1,-1,-1
601,2,238.52,217.69,11.97,4.57,0.81,-1,-1,-1
601,3,120.97,164.55,9.45,5.56,0.81,-1,-1,-1
621,1,125.96,101.04,36.93,14.10,0.87,-1,-1,-1
621,2,236.00,190.77,12.21,5.06,0.81,-1,-1,-1
621,3,178.19,184.38,8.86,4.26,0.76,-1,-1,-1
641,1,117.01,177.52,40.31,11.94,0.87,-1,-1,-1
641,2,244.90,160.00,11.96,5.64,0.84,-1,-1,-1
641,3,224.23,200.11,7.73,3.63,0.72,-1,-1,-1
661,1,119.11,152.42,37.23,12.45,0.87,-1,-1,-1
661,2,286.01,165.91,12.13,5.84,0.82,-1,-1,-1
661,3,244.45,203.98,7.93,3.39,0.66,-1,-1,-1
681,1,116.25,149.06,39.50,13.68,0.87,-1,-1,-1
681,2,328.58,200.16,12.05,5.24,0.80,-1,-1,-1
681,3,271.83,203.44,7.78,3.51,0.34,-1,-1,-1
701,1,127.11,155.43,34.76,14.23,0.88,-1,-1,-1
701,2,318.81,202.77,12.19,4.97,0.81,-1,-1,-1
701,3,277.67,201.98,7.95,3.62,0.47,-1,-1,-1
721,1,141.90,170.99,33.58,12.65,0.86,-1,-1,-1
721,2,267.14,201.78,14.09,5.11,0.64,-1,-1,-1
721,3,262.21,200.17,11.40,4.85,0.47,-1,-1,-1
741,1,160.78,190.10,32.47,11.22,0.88,-1,-1,-1
741,2,203.70,189.56,11.04,5.27,0.79,-1,-1,-1
741,3,238.82,203.46,7.44,4.02,0.75,-1,-1,-1
761,1,175.77,205.79,32.68,7.45,0.84,-1,-1,-1
761,2,200.45,139.21,11.64,5.95,0.81,-1,-1,-1
761,3,222.14,211.35,7.43,3.24,0.73,-1,-1,-1
781,1,179.87,179.98,28.84,9.24,0.87,-1,-1,-1
781,2,230.72,131.65,12.29,5.55,0.81,-1,-1,-1
781,3,208.65,211.40,7.08,3.26,0.72,-1,-1,-1
801,1,179.18,152.22,29.43,9.58,0.88,-1,-1,-1
801,2,295.71,136.35,13.10,4.44,0.81,-1,-1,-1
801,3,197.69,208.21,7.39,3.47,0.74,-1,-1,-1
821,1,180.42,127.13,28.97,10.25,0.88,-1,-1,-1
821,2,338.84,138.57,11.88,4.72,0.80,-1,-1,-1
821,3,181.82,199.02,7.44,3.73,0.70,-1,-1,-1
841,1,181.70,106.89,28.79,10.71,0.88,-1,-1,-1
841,2,334.93,137.36,12.14,4.84,0.79,-1,-1,-1
841,3,158.31,182.22,8.14,4.40,0.76,-1,-1,-1
861,1,183.40,90.97,28.32,10.44,0.88,-1,-1,-1
861,2,301.22,144.96,12.40,4.73,0.81,-1,-1,-1
861,3,142.86,169.10,8.85,4.88,0.79,-1,-1,-1
881,1,180.60,102.66,29.05,10.38,0.87,-1,-1,-1
881,2,275.61,135.87,13.17,4.54,0.82,-1,-1,-1
881,3,144.16,169.06,8.40,3.76,0.73,-1,-1,-1
901,1,177.58,151.16,27.98,10.44,0.88,-1,-1,-1
901,2,261.60,143.99,14.26,5.41,0.83,-1,-1,-1
901,3,139.12,168.35,8.53,3.96,0.49,-1,-1,-1
921,1,172.52,196.21,29.87,8.91,0.86,-1,-1,-1
921,2,282.35,103.08,14.21,7.95,0.86,-1,-1,-1
921,3,117.47,164.66,8.54,4.50,0.74,-1,-1,-1
941,1,173.46,196.14,29.28,9.11,0.87,-1,-1,-1
941,2,325.51,105.19,14.38,7.83,0.84,-1,-1,-1
941,3,98.43,153.77,9.03,4.80,0.79,-1,-1,-1
961,1,148.60,196.30,30.24,9.36,0.88,-1,-1,-1
961,2,337.37,129.44,12.25,7.48,0.85,-1,-1,-1
961,3,67.02,132.30,9.70,5.97,0.78,-1,-1,-1
981,1,95.72,195.56,31.47,11.32,0.87,-1,-1,-1
981,2,317.58,159.49,10.83,6.01,0.83,-1,-1,-1
981,3,48.99,118.09,10.70,6.25,0.81,-1,-1,-1
1001,1,82.39,194.02,30.26,13.90,0.87,-1,-1,-1
1001,2,277.45,185.01,9.46,3.69,0.77,-1,-1,-1
1001,3,58.76,125.48,10.44,5.93,0.79,-1,-1,-1
1021,1,138.87,195.35,30.40,12.32,0.88,-1,-1,-1
1021,2,248.75,224.84,8.75,4.38,0.76,-1,-1,-1
1021,3,78.07,137.81,9.54,5.15,0.74,-1,-1,-1
1041,1,259.11,197.47,30.90,10.02,0.86,-1,-1,-1
1041,2,232.80,255.49,7.74,3.57,0.63,-1,-1,-1
1041,3,93.16,143.67,9.73,4.81,0.78,-1,-1,-1
1061,1,341.42,197.94,29.31,9.02,0.86,-1,-1,-1
1061,2,230.53,266.22,7.40,3.42,0.72,-1,-1,-1
1061,3,117.00,145.78,9.16,4.76,0.79,-1,-1,-1
1081,1,370.80,197.87,30.34,8.87,0.87,-1,-1,-1
1081,3,168.50,147.80,9.46,4.07,0.76,-1,-1,-1
1081,2,234.14,271.11,7.37,3.73,0.53,-1,-1,-1
1101,1,373.58,198.00,28.77,9.01,0.87,-1,-1,-1
1101,3,239.84,149.32,10.15,3.69,0.67,-1,-1,-1
1121,1,346.18,197.46,29.66,9.67,0.88,-1,-1,-1
1121,3,306.99,149.57,9.39,4.14,0.75,-1,-1,-1
1121,2,236.58,272.26,7.26,3.18,0.31,-1,-1,-1
1141,1,283.83,196.86,31.14,8.86,0.88,-1,-1,-1
1141,3,339.26,149.49,9.39,4.28,0.75,-1,-1,-1
1161,1,198.91,196.49,31.24,8.39,0.86,-1,-1,-1
1161,3,362.95,149.43,9.13,4.29,0.76,-1,-1,-1
1181,1,139.38,193.63,29.94,10.97,0.89,-1,-1,-1
1181,3,399.61,148.79,8.80,4.07,0.75,-1,-1,-1
1181,2,232.36,243.24,7.64,3.76,0.68,-1,-1,-1
1201,1,143.37,193.82,30.47,12.59,0.88,-1,-1,-1
1201,3,405.63,144.16,9.35,3.75,0.78,-1,-1,-1
1201,2,230.77,237.08,7.70,3.36,0.67,-1,-1,-1
1221,1,183.81,194.42,29.33,9.90,0.87,-1,-1,-1
1221,3,404.70,127.73,9.40,4.04,0.78,-1,-1,-1
1221,2,226.82,232.36,8.92,3.98,0.74,-1,-1,-1
1241,1,187.44,166.39,29.19,9.40,0.88,-1,-1,-1
1241,3,403.92,95.41,10.79,6.49,0.84,-1,-1,-1
1241,2,223.21,239.98,8.83,4.04,0.75,-1,-1,-1
1261,1,183.28,174.01,29.84,10.60,0.89,-1,-1,-1
1261,3,398.47,83.42,11.40,6.51,0.83,-1,-1,-1
1261,2,252.22,228.67,10.82,4.83,0.75,-1,-1,-1
1281,1,182.32,231.06,29.30,8.69,0.86,-1,-1,-1
1281,3,390.54,88.17,10.67,4.93,0.80,-1,-1,-1
1281,2,304.35,215.68,12.50,6.38,0.83,-1,-1,-1
1301,1,182.03,213.04,30.37,8.72,0.87,-1,-1,-1
1301,3,351.29,91.32,10.79,4.63,0.79,-1,-1,-1
1301,2,318.29,213.94,11.90,4.05,0.77,-1,-1,-1
1321,1,185.22,212.51,27.69,10.04,0.86,-1,-1,-1
1321,3,283.67,94.05,10.94,4.80,0.77,-1,-1,-1
1321,2,307.79,211.70,11.97,5.73,0.79,-1,-1,-1
1341,1,192.70,219.14,26.49,9.49,0.88,-1,-1,-1
1341,3,241.82,101.49,10.73,6.16,0.82,-1,-1,-1
1341,2,256.57,211.01,12.45,4.70,0.81,-1,-1,-1
1361,1,203.15,229.34,27.28,7.29,0.83,-1,-1,-1
1361,3,227.32,122.85,9.85,5.77,0.81,-1,-1,-1
1361,2,207.31,210.65,11.79,4.60,0.81,-1,-1,-1
1381,1,205.00,218.12,26.20,7.18,0.86,-1,-1,-1
1381,3,231.79,150.71,8.31,4.52,0.76,-1,-1,-1
1381,2,214.41,201.12,11.71,4.68,0.80,-1,-1,-1
1401,1,206.45,193.08,25.05,8.34,0.88,-1,-1,-1
1401,3,253.34,172.22,8.38,3.66,0.77,-1,-1,-1
1401,2,264.62,147.47,11.45,5.82,0.81,-1,-1,-1
1421,1,209.05,156.92,24.53,8.72,0.88,-1,-1,-1
1421,3,267.80,181.25,7.62,3.25,0.70,-1,-1,-1
1421,2,283.08,124.87,11.59,4.68,0.79,-1,-1,-1
1441,1,210.94,129.92,25.44,8.56,0.87,-1,-1,-1
1441,3,263.49,182.47,6.62,3.11,0.66,-1,-1,-1
1441,2,284.14,164.38,11.33,5.45,0.79,-1,-1,-1
1461,1,208.68,166.23,25.58,8.99,0.88,-1,-1,-1
1461,3,244.87,178.94,7.43,3.29,0.67,-1,-1,-1
1461,2,277.18,239.08,11.31,5.81,0.81,-1,-1,-1
1481,1,206.70,229.27,24.31,8.31,0.86,-1,-1,-1
1481,3,211.78,174.20,7.49,4.05,0.72,-1,-1,-1
1481,2,260.84,251.23,12.85,6.65,0.82,-1,-1,-1
1501,1,203.67,255.09,26.24,7.06,0.85,-1,-1,-1
1501,3,190.84,170.37,7.88,3.68,0.77,-1,-1,-1
1501,2,250.60,257.03,11.15,4.61,0.80,-1,-1,-1
1521,1,203.82,240.56,25.55,7.14,0.86,-1,-1,-1
1521,3,172.92,158.33,8.10,4.16,0.74,-1,-1,-1
1521,2,212.00,262.37,10.30,4.33,0.73,-1,-1,-1
1541,1,204.33,235.63,25.46,7.97,0.85,-1,-1,-1
1541,3,151.90,136.57,9.06,5.69,0.81,-1,-1,-1
1541,2,202.01,265.95,10.75,4.72,0.75,-1,-1,-1
1561,1,178.73,235.28,24.53,8.21,0.87,-1,-1,-1
1561,3,142.44,129.95,9.19,4.39,0.78,-1,-1,-1
1561,2,235.80,244.08,10.05,4.74,0.70,-1,-1,-1
1581,1,105.63,233.81,27.58,8.33,0.86,-1,-1,-1
1581,3,125.08,112.60,9.61,4.47,0.77,-1,-1,-1
1581,2,291.26,213.34,10.35,4.41,0.75,-1,-1,-1
1581,7,592.87,360.49,35.25,13.23,0.35,-1,-1,-1
1601,1,19.21,232.43,24.98,10.22,0.88,-1,-1,-1
1601,3,108.39,94.32,10.83,5.72,0.79,-1,-1,-1
1601,2,301.17,212.14,9.68,4.38,0.75,-1,-1,-1
1601,7,593.96,361.64,31.37,13.44,0.36,-1,-1,-1
1621,1,5.51,231.20,23.79,11.29,0.86,-1,-1,-1
1621,3,114.52,96.28,10.09,4.95,0.79,-1,-1,-1
1621,2,271.19,209.96,10.00,4.20,0.78,-1,-1,-1
1621,7,594.31,361.43,38.04,14.63,0.41,-1,-1,-1
1641,1,54.18,232.28,25.19,10.94,0.88,-1,-1,-1
1641,3,133.25,97.15,10.26,4.97,0.79,-1,-1,-1
1641,2,256.77,209.17,9.93,4.64,0.79,-1,-1,-1
1641,7,594.83,361.05,37.27,15.04,0.32,-1,-1,-1
1661,1,175.30,234.10,27.13,9.52,0.87,-1,-1,-1
1661,3,132.41,98.05,10.21,4.68,0.78,-1,-1,-1
1661,2,278.67,206.02,10.51,4.68,0.79,-1,-1,-1
1661,7,591.73,361.89,33.17,14.47,0.35,-1,-1,-1
1681,1,320.32,234.44,24.20,14.44,0.88,-1,-1,-1
1681,3,118.58,83.68,10.55,4.93,0.78,-1,-1,-1
1681,2,311.03,194.30,10.94,4.46,0.80,-1,-1,-1
1701,1,368.90,236.41,25.21,9.39,0.87,-1,-1,-1
1701,3,92.63,52.39,12.08,7.61,0.83,-1,-1,-1
1701,2,321.40,170.10,11.65,4.90,0.80,-1,-1,-1
1721,1,360.65,235.71,25.73,9.27,0.86,-1,-1,-1
1721,3,77.52,56.10,12.12,6.26,0.83,-1,-1,-1
1721,2,283.59,130.85,15.36,8.11,0.86,-1,-1,-1
1741,1,304.05,234.89,26.27,8.67,0.87,-1,-1,-1
1741,3,71.79,76.34,11.64,6.76,0.82,-1,-1,-1
1741,2,240.17,99.28,15.56,8.94,0.87,-1,-1,-1
1761,1,214.72,233.41,28.71,7.82,0.87,-1,-1,-1
1761,3,93.84,87.85,12.35,7.07,0.84,-1,-1,-1
1761,2,248.09,89.93,17.07,9.90,0.87,-1,-1,-1
1781,1,170.96,230.42,25.92,8.81,0.86,-1,-1,-1
1781,3,132.98,111.73,11.39,5.30,0.80,-1,-1,-1
1781,2,279.73,111.90,15.79,4.89,0.84,-1,-1,-1
1801,1,171.21,208.21,26.26,7.97,0.87,-1,-1,-1
1801,3,139.15,131.20,9.82,5.59,0.78,-1,-1,-1
1801,2,292.23,121.73,14.80,5.00,0.83,-1,-1,-1
1821,1,174.25,183.07,25.99,8.32,0.87,-1,-1,-1
1821,3,161.34,148.82,9.06,3.95,0.76,-1,-1,-1
1821,2,290.32,126.21,14.90,7.27,0.85,-1,-1,-1
1841,1,174.44,155.29,27.48,9.29,0.87,-1,-1,-1
1841,2,286.57,157.63,13.19,8.14,0.86,-1,-1,-1
1861,1,178.70,129.48,25.37,8.98,0.88,-1,-1,-1
1861,2,281.85,236.02,12.09,5.13,0.80,-1,-1,-1
1861,3,185.06,154.88,8.71,3.52,0.80,-1,-1,-1
1881,1,177.58,132.45,26.14,8.91,0.85,-1,-1,-1
1881,2,278.73,240.90,10.85,5.03,0.80,-1,-1,-1
1881,3,192.93,152.45,8.54,3.66,0.63,-1,-1,-1
1901,1,175.42,188.40,25.34,9.49,0.88,-1,-1,-1
1901,2,277.02,186.15,10.74,4.61,0.81,-1,-1,-1
1901,3,188.26,150.56,9.18,3.71,0.76,-1,-1,-1
1921,1,172.16,229.78,25.56,7.44,0.85,-1,-1,-1
1921,2,267.92,150.01,10.20,4.49,0.78,-1,-1,-1
1921,3,182.45,149.28,8.62,3.94,0.75,-1,-1,-1
1941,1,171.42,265.79,22.97,7.72,0.84,-1,-1,-1
1941,2,229.96,142.08,11.36,4.22,0.77,-1,-1,-1
1941,3,170.69,137.81,9.13,5.33,0.79,-1,-1,-1
1961,1,168.37,282.28,24.69,6.72,0.85,-1,-1,-1
1961,2,191.10,121.90,10.99,5.49,0.82,-1,-1,-1
1961,3,158.28,138.56,9.55,4.99,0.79,-1,-1,-1
1981,1,169.79,260.97,23.56,7.78,0.83,-1,-1,-1
1981,2,170.52,145.44,12.35,5.98,0.79,-1,-1,-1
1981,3,155.66,143.98,9.53,4.50,0.71,-1,-1,-1
1981,8,158.30,143.99,12.97,5.37,0.57,-1,-1,-1
2001,1,169.72,241.59,24.56,7.57,0.84,-1,-1,-1
2001,2,204.46,150.74,14.03,5.98,0.84,-1,-1,-1
2001,3,173.02,146.41,9.18,3.62,0.77,-1,-1,-1
2021,1,169.66,233.09,25.20,7.38,0.86,-1,-1,-1
2021,2,291.64,153.06,16.63,6.69,0.85,-1,-1,-1
2021,3,185.75,153.66,9.23,3.86,0.78,-1,-1,-1
2041,1,170.68,264.75,23.21,8.08,0.84,-1,-1,-1
2041,2,366.79,189.85,15.37,6.22,0.84,-1,-1,-1
2041,3,182.72,163.23,8.81,3.70,0.76,-1,-1,-1
2061,1,168.90,280.19,24.35,6.96,0.85,-1,-1,-1
2061,2,358.26,188.05,15.90,6.53,0.84,-1,-1,-1
2061,3,177.58,180.93,9.01,4.99,0.79,-1,-1,-1
2061,8,596.74,362.80,38.67,14.84,0.52,-1,-1,-1
2081,1,171.38,254.33,23.33,7.41,0.82,-1,-1,-1
2081,2,294.75,185.24,17.64,5.75,0.84,-1,-1,-1
2081,3,187.98,185.21,9.46,3.72,0.78,-1,-1,-1
2081,8,593.86,361.56,38.02,14.78,0.33,-1,-1,-1
2101,1,169.83,233.70,26.07,7.08,0.85,-1,-1,-1
2101,2,219.74,188.07,15.42,6.41,0.85,-1,-1,-1
2101,3,196.41,187.34,8.47,4.62,0.76,-1,-1,-1
2101,8,593.32,361.97,37.36,14.09,0.40,-1,-1,-1
2121,1,174.02,232.21,24.63,10.44,0.88,-1,-1,-1
2121,2,214.39,188.05,15.78,9.16,0.83,-1,-1,-1
2121,8,592.48,361.50,38.67,14.42,0.44,-1,-1,-1
