frame0000.jpg,103,189,125,198,0
frame0020.jpg,111,185,131,198,0
frame0040.jpg,129,212,148,218,0
frame0060.jpg,135,218,154,224,0
frame0080.jpg,139,221,157,231,0
frame0100.jpg,157,232,173,243,0
frame0120.jpg,229,242,245,247,0
frame0140.jpg,280,258,295,265,0
frame0160.jpg,286,267,301,273,0
frame0180.jpg,285,267,302,273,0
frame0200.jpg,284,299,300,305,0
frame0220.jpg,277,296,296,301,0
frame0240.jpg,273,272,294,285,0
frame0260.jpg,286,261,309,274,0
frame0280.jpg,376,257,402,267,0
frame0300.jpg,433,249,458,260,0
frame0320.jpg,428,223,449,236,0
frame0340.jpg,408,253,427,261,0
frame0360.jpg,400,284,417,292,0
frame0380.jpg,393,302,410,309,0
frame0400.jpg,355,284,372,292,0
frame0420.jpg,345,223,361,230,0
frame0440.jpg,328,208,344,220,0
frame0460.jpg,236,209,255,220,0
frame0480.jpg,188,214,206,223,0
frame0500.jpg,183,248,200,258,0
frame0520.jpg,180,298,198,303,0
frame0540.jpg,174,288,193,294,0
frame0560.jpg,156,266,177,273,0
frame0580.jpg,0,0,0,0,1
frame0600.jpg,73,208,99,223,0
frame0620.jpg,25,148,54,164,0
frame0640.jpg,31,119,58,138,0
frame0660.jpg,63,163,90,181,0
frame0680.jpg,107,218,127,227,0
frame0700.jpg,138,248,156,256,0
frame0720.jpg,199,260,215,269,0
frame0740.jpg,313,267,332,272,0
frame0760.jpg,405,270,421,277,0
frame0780.jpg,438,265,453,270,0
frame0800.jpg,468,247,485,252,0
frame0820.jpg,485,193,503,203,0
frame0840.jpg,473,151,491,165,0
frame0860.jpg,382,133,404,142,0
frame0880.jpg,286,122,307,128,0
frame0900.jpg,224,108,244,124,0
frame0920.jpg,193,153,216,166,0
frame0940.jpg,197,233,217,243,0
frame0960.jpg,200,276,221,289,0
frame0980.jpg,277,277,303,285,0
frame1000.jpg,384,275,408,289,0
frame1020.jpg,435,284,454,294,0
frame1040.jpg,447,242,464,253,0
frame1060.jpg,438,258,455,266,0
frame1080.jpg,429,240,444,246,0
frame1100.jpg,413,231,427,240,0
frame1120.jpg,337,233,356,239,0
frame1140.jpg,270,232,288,238,0
frame1160.jpg,222,207,242,213,0
frame1180.jpg,172,163,191,177,0
frame1200.jpg,136,196,160,210,0
frame1220.jpg,127,217,153,229,0
frame1240.jpg,129,218,154,234,0
frame1260.jpg,149,273,170,287,0
frame1280.jpg,184,311,201,317,0
frame1300.jpg,211,326,227,335,0
frame1320.jpg,266,327,281,338,0
frame1340.jpg,289,318,302,324,0
frame1360.jpg,288,298,302,303,0
frame1380.jpg,288,252,301,258,0
frame1400.jpg,288,224,301,229,0
frame1420.jpg,287,210,301,216,0
frame1440.jpg,284,184,298,190,0
frame1460.jpg,277,150,294,162,0
frame1480.jpg,272,161,292,172,0
frame1500.jpg,271,202,288,210,0
frame1520.jpg,279,243,297,253,0
frame1540.jpg,351,263,371,269,0
frame1560.jpg,409,260,428,269,0
frame1580.jpg,416,261,433,269,0
frame1600.jpg,413,261,432,269,0
frame1620.jpg,413,234,431,244,0
frame1640.jpg,411,192,431,199,0
frame1660.jpg,415,236,432,244,0
frame1680.jpg,408,251,426,259,0
frame1700.jpg,382,251,399,259,0
frame1720.jpg,329,252,349,260,0
frame1740.jpg,267,266,286,272,0
frame1760.jpg,230,262,249,268,0
frame1780.jpg,190,245,212,251,0
frame1800.jpg,144,222,166,237,0
frame1820.jpg,125,211,149,227,0
frame1840.jpg,137,236,159,251,0
frame1860.jpg,167,280,187,287,0
frame1880.jpg,191,286,207,293,0
frame1900.jpg,198,251,213,256,0
frame1920.jpg,205,235,219,245,0
frame1940.jpg,275,235,291,245,0
frame1960.jpg,398,233,414,244,0
frame1980.jpg,456,229,473,236,0
frame2000.jpg,508,202,524,213,0
frame2020.jpg,523,188,542,201,0
frame2040.jpg,476,181,496,191,0
frame2060.jpg,388,174,409,186,0
frame2080.jpg,344,195,363,205,0
frame2100.jpg,343,233,362,243,0
frame2120.jpg,288,255,310,269,0
frame2132.jpg,203,268,227,276,0
