1,1,381.31,281.02,10.00,6.62,0.85,-1,-1,-1
1,2,262.51,363.59,8.05,5.47,0.80,-1,-1,-1
21,1,393.53,340.21,10.34,5.72,0.82,-1,-1,-1
21,2,219.48,371.58,8.06,5.05,0.80,-1,-1,-1
41,1,393.89,346.55,10.58,4.81,0.82,-1,-1,-1
41,2,213.60,411.77,9.05,5.46,0.82,-1,-1,-1
61,1,394.35,346.15,10.68,4.95,0.82,-1,-1,-1
61,2,214.63,451.55,9.01,5.17,0.83,-1,-1,-1
81,1,394.65,344.28,10.84,5.20,0.83,-1,-1,-1
81,2,242.15,457.91,9.84,5.43,0.83,-1,-1,-1
101,1,394.71,341.83,10.57,4.99,0.81,-1,-1,-1
101,2,301.85,457.54,10.57,5.92,0.85,-1,-1,-1
121,1,394.48,340.41,10.26,5.18,0.81,-1,-1,-1
121,2,352.74,469.21,9.74,5.82,0.83,-1,-1,-1
141,1,394.12,340.21,10.41,5.25,0.82,-1,-1,-1
141,2,380.72,488.89,9.90,5.15,0.82,-1,-1,-1
161,1,394.18,340.03,10.32,5.34,0.82,-1,-1,-1
161,2,385.81,502.70,7.04,5.83,0.70,-1,-1,-1
181,1,394.29,340.10,10.58,5.28,0.82,-1,-1,-1
201,1,394.26,340.25,10.70,5.32,0.82,-1,-1,-1
221,1,394.54,340.15,10.72,5.27,0.82,-1,-1,-1
221,2,295.59,501.49,7.53,5.13,0.73,-1,-1,-1
241,1,394.93,339.59,10.61,5.24,0.82,-1,-1,-1
241,2,288.39,476.97,7.57,4.49,0.80,-1,-1,-1
261,1,394.97,338.89,10.59,5.69,0.82,-1,-1,-1
261,2,299.40,471.46,7.77,4.40,0.80,-1,-1,-1
281,1,394.87,338.11,10.64,5.29,0.83,-1,-1,-1
281,2,339.73,466.24,8.53,4.28,0.80,-1,-1,-1
301,1,394.88,337.96,10.69,5.27,0.83,-1,-1,-1
301,2,391.17,457.45,8.14,4.15,0.79,-1,-1,-1
321,1,394.82,338.10,10.61,5.13,0.82,-1,-1,-1
321,2,439.16,439.34,7.79,4.01,0.78,-1,-1,-1
341,1,394.12,338.03,11.10,5.21,0.83,-1,-1,-1
341,2,486.47,411.20,8.37,4.34,0.81,-1,-1,-1
361,1,394.04,337.96,10.98,5.23,0.83,-1,-1,-1
361,2,530.99,380.14,8.38,4.75,0.81,-1,-1,-1
381,1,394.37,337.52,10.85,5.42,0.83,-1,-1,-1
381,2,563.74,353.81,7.35,6.59,0.76,-1,-1,-1
401,1,394.66,337.50,11.06,5.29,0.83,-1,-1,-1
401,2,558.29,333.41,7.79,5.57,0.80,-1,-1,-1
421,1,391.52,336.68,9.46,7.02,0.85,-1,-1,-1
421,2,536.44,323.12,9.44,6.48,0.84,-1,-1,-1
441,1,341.40,335.97,11.27,6.57,0.85,-1,-1,-1
441,2,534.11,339.49,9.15,5.32,0.83,-1,-1,-1
461,1,252.11,333.66,13.23,4.97,0.82,-1,-1,-1
461,2,534.74,361.60,7.47,7.50,0.82,-1,-1,-1
461,3,1.42,216.54,12.53,10.55,0.85,-1,-1,-1
481,1,203.65,332.16,11.24,6.35,0.82,-1,-1,-1
481,2,501.18,399.96,9.85,6.44,0.85,-1,-1,-1
481,3,39.90,215.42,13.78,10.40,0.89,-1,-1,-1
501,1,200.46,350.21,11.40,6.14,0.85,-1,-1,-1
501,2,416.03,408.33,12.16,4.65,0.82,-1,-1,-1
501,3,43.78,215.75,13.75,9.29,0.88,-1,-1,-1
521,1,205.45,358.46,11.44,5.63,0.84,-1,-1,-1
521,2,352.19,410.17,9.98,6.19,0.84,-1,-1,-1
521,3,43.08,216.47,13.42,9.07,0.88,-1,-1,-1
541,1,208.91,366.41,11.56,5.28,0.82,-1,-1,-1
541,2,339.24,443.13,9.91,5.69,0.84,-1,-1,-1
541,3,42.67,216.12,12.86,9.46,0.87,-1,-1,-1
561,1,179.27,358.62,12.40,5.86,0.84,-1,-1,-1
561,2,341.32,480.60,11.06,5.63,0.84,-1,-1,-1
561,3,70.60,214.10,12.71,10.55,0.88,-1,-1,-1
581,1,102.38,336.46,14.62,6.51,0.86,-1,-1,-1
581,2,340.88,472.05,10.63,5.10,0.83,-1,-1,-1
581,3,137.98,212.15,12.80,10.68,0.88,-1,-1,-1
601,1,34.96,313.48,12.37,11.16,0.88,-1,-1,-1
601,2,339.52,440.62,10.67,6.72,0.86,-1,-1,-1
601,3,163.13,212.58,11.86,9.20,0.87,-1,-1,-1
621,1,27.57,316.83,13.54,7.50,0.87,-1,-1,-1
621,2,336.86,452.87,10.70,6.97,0.85,-1,-1,-1
621,3,211.34,211.75,12.23,9.24,0.86,-1,-1,-1
641,1,30.78,319.01,13.07,7.03,0.88,-1,-1,-1
641,2,328.70,480.77,9.86,6.02,0.84,-1,-1,-1
641,3,298.33,209.26,13.39,9.87,0.86,-1,-1,-1
661,1,35.21,316.01,12.74,6.69,0.86,-1,-1,-1
661,2,320.47,504.36,9.01,4.77,0.75,-1,-1,-1
661,3,338.05,209.20,12.16,8.45,0.85,-1,-1,-1
681,1,39.58,290.40,12.30,7.92,0.88,-1,-1,-1
681,3,343.03,208.95,12.97,7.79,0.86,-1,-1,-1
701,1,45.78,240.59,12.88,8.97,0.87,-1,-1,-1
701,3,342.74,208.82,12.87,7.80,0.86,-1,-1,-1
721,1,49.16,244.68,13.10,10.18,0.88,-1,-1,-1
721,3,341.09,208.64,12.90,7.56,0.86,-1,-1,-1
741,1,56.37,288.36,11.51,9.29,0.87,-1,-1,-1
741,3,343.35,222.61,12.64,8.15,0.87,-1,-1,-1
761,1,66.88,340.68,10.56,8.17,0.86,-1,-1,-1
761,3,345.22,238.51,12.82,7.53,0.86,-1,-1,-1
781,1,79.71,391.03,8.81,6.64,0.84,-1,-1,-1
781,3,341.67,206.49,12.90,8.45,0.86,-1,-1,-1
801,1,91.46,423.79,8.30,5.46,0.83,-1,-1,-1
801,3,340.21,187.93,12.87,7.88,0.85,-1,-1,-1
821,1,121.18,437.96,8.09,5.14,0.81,-1,-1,-1
821,3,341.35,188.27,12.92,8.67,0.86,-1,-1,-1
841,1,156.25,444.42,7.82,4.39,0.81,-1,-1,-1
841,3,341.39,204.45,12.43,10.39,0.87,-1,-1,-1
861,1,160.79,445.25,7.77,4.39,0.79,-1,-1,-1
861,3,339.37,249.93,10.06,4.70,0.81,-1,-1,-1
881,1,159.26,445.70,7.87,4.53,0.79,-1,-1,-1
881,3,338.06,267.52,10.39,5.13,0.82,-1,-1,-1
901,1,157.77,446.41,7.93,4.61,0.80,-1,-1,-1
901,3,337.48,269.48,10.88,5.65,0.82,-1,-1,-1
921,1,157.25,447.72,8.04,4.49,0.82,-1,-1,-1
921,3,336.83,268.67,10.96,6.20,0.83,-1,-1,-1
941,1,157.94,448.39,8.45,4.73,0.82,-1,-1,-1
941,3,336.72,268.20,10.82,6.22,0.83,-1,-1,-1
961,1,158.99,449.57,7.82,4.57,0.81,-1,-1,-1
961,3,336.84,267.71,11.07,6.25,0.83,-1,-1,-1
981,1,158.27,451.78,8.29,4.50,0.81,-1,-1,-1
981,3,337.22,267.50,10.72,6.15,0.83,-1,-1,-1
981,4,312.22,503.97,7.79,4.30,0.74,-1,-1,-1
1001,1,157.23,446.74,8.13,4.68,0.81,-1,-1,-1
1001,3,336.77,267.78,10.82,6.35,0.83,-1,-1,-1
1001,4,313.76,495.57,8.60,4.39,0.79,-1,-1,-1
1021,1,154.64,415.88,7.73,4.69,0.80,-1,-1,-1
1021,3,336.54,267.70,10.90,6.28,0.83,-1,-1,-1
1021,4,317.18,475.40,8.71,4.48,0.81,-1,-1,-1
1041,1,153.28,382.55,7.02,4.61,0.78,-1,-1,-1
1041,3,336.74,266.92,10.69,6.45,0.83,-1,-1,-1
1041,4,320.53,428.10,7.61,4.51,0.80,-1,-1,-1
1061,1,153.16,365.81,6.60,3.98,0.76,-1,-1,-1
1061,3,334.05,239.92,10.43,6.79,0.83,-1,-1,-1
1061,4,325.87,387.73,8.19,4.79,0.79,-1,-1,-1
1081,1,150.65,359.07,7.01,3.80,0.75,-1,-1,-1
1081,3,332.89,225.14,10.72,6.37,0.84,-1,-1,-1
1081,4,332.07,371.27,8.71,5.57,0.81,-1,-1,-1
1101,1,145.76,337.28,6.96,4.08,0.78,-1,-1,-1
1101,3,333.97,225.63,10.66,6.44,0.84,-1,-1,-1
1101,4,332.02,373.57,9.03,5.86,0.83,-1,-1,-1
1121,1,141.21,306.00,8.42,6.46,0.83,-1,-1,-1
1121,3,334.27,225.89,10.61,6.17,0.83,-1,-1,-1
1121,4,325.79,384.56,8.58,5.54,0.82,-1,-1,-1
1141,1,141.16,297.88,8.28,4.96,0.82,-1,-1,-1
1141,3,333.18,225.85,10.68,6.25,0.84,-1,-1,-1
1141,4,317.93,393.05,7.77,3.17,0.76,-1,-1,-1
1161,1,140.05,290.87,8.60,5.69,0.82,-1,-1,-1
1161,3,333.03,224.64,10.51,6.34,0.84,-1,-1,-1
1161,4,315.90,387.36,7.14,3.28,0.75,-1,-1,-1
1181,1,141.09,283.74,8.21,5.24,0.81,-1,-1,-1
1181,3,333.34,225.01,10.46,5.98,0.84,-1,-1,-1
1181,4,317.86,376.29,7.50,3.32,0.77,-1,-1,-1
1201,1,143.18,267.42,7.75,4.67,0.79,-1,-1,-1
1201,3,332.94,225.11,10.75,7.78,0.84,-1,-1,-1
1201,4,325.43,353.66,7.92,4.71,0.80,-1,-1,-1
1221,1,144.83,260.16,7.80,4.12,0.78,-1,-1,-1
1221,3,331.55,240.16,10.34,8.33,0.85,-1,-1,-1
1221,4,333.93,346.99,8.73,5.90,0.82,-1,-1,-1
1241,1,145.53,246.16,8.94,6.63,0.83,-1,-1,-1
1241,3,327.85,284.72,9.52,8.13,0.85,-1,-1,-1
1241,4,344.19,393.02,8.30,6.15,0.83,-1,-1,-1
1261,1,147.82,263.20,8.72,6.25,0.83,-1,-1,-1
1261,3,324.12,334.21,8.91,6.93,0.84,-1,-1,-1
1261,4,347.04,431.12,8.87,4.00,0.77,-1,-1,-1
1281,1,151.02,295.14,8.07,6.13,0.82,-1,-1,-1
1281,3,321.56,381.03,7.33,4.07,0.77,-1,-1,-1
1281,4,351.13,419.48,8.25,4.16,0.79,-1,-1,-1
1301,1,155.27,333.85,7.61,5.77,0.81,-1,-1,-1
1301,3,320.79,405.81,6.69,3.40,0.74,-1,-1,-1
1301,4,360.22,381.56,8.78,4.95,0.80,-1,-1,-1
1321,1,159.79,373.18,6.70,5.30,0.77,-1,-1,-1
1321,3,320.16,411.74,6.77,3.58,0.77,-1,-1,-1
1321,4,370.65,351.88,10.10,7.04,0.85,-1,-1,-1
1341,1,164.64,408.28,5.68,3.74,0.75,-1,-1,-1
1341,3,319.63,411.72,7.08,3.97,0.78,-1,-1,-1
1341,4,372.65,339.27,9.41,4.59,0.81,-1,-1,-1
1361,1,168.32,426.95,5.88,3.87,0.77,-1,-1,-1
1361,3,318.85,411.45,7.33,4.32,0.78,-1,-1,-1
1361,4,371.94,307.47,10.23,6.51,0.83,-1,-1,-1
1381,1,171.90,431.04,5.45,3.48,0.71,-1,-1,-1
1381,3,318.15,411.39,7.70,4.23,0.79,-1,-1,-1
1381,4,372.74,305.45,8.98,6.60,0.84,-1,-1,-1
1401,1,173.32,425.46,6.55,4.16,0.78,-1,-1,-1
1401,3,317.78,411.27,7.61,4.30,0.79,-1,-1,-1
1401,4,335.01,308.83,10.89,6.43,0.84,-1,-1,-1
1421,1,174.33,417.32,5.96,3.75,0.77,-1,-1,-1
1421,3,317.70,411.51,7.47,4.17,0.79,-1,-1,-1
1421,4,264.66,313.06,11.91,5.03,0.82,-1,-1,-1
1441,1,174.39,415.89,6.60,4.54,0.80,-1,-1,-1
1441,3,317.84,411.70,7.55,4.17,0.79,-1,-1,-1
1441,4,213.38,314.35,9.85,5.99,0.84,-1,-1,-1
1461,1,174.62,443.11,6.99,4.70,0.80,-1,-1,-1
1461,3,318.46,411.69,7.51,4.20,0.79,-1,-1,-1
1461,4,211.52,316.29,10.02,6.16,0.83,-1,-1,-1
1481,1,173.42,475.15,7.45,4.46,0.79,-1,-1,-1
1481,3,318.49,411.77,7.49,4.12,0.78,-1,-1,-1
1481,4,248.38,316.40,10.83,5.65,0.84,-1,-1,-1
1501,1,175.36,507.71,6.27,3.86,0.58,-1,-1,-1
1501,3,318.90,411.72,7.36,4.21,0.78,-1,-1,-1
1501,4,313.22,315.72,11.19,4.88,0.82,-1,-1,-1
1521,3,319.50,412.05,7.05,3.55,0.76,-1,-1,-1
1521,4,363.78,313.55,9.71,6.49,0.85,-1,-1,-1
1541,3,319.85,407.49,7.32,4.85,0.79,-1,-1,-1
1541,4,373.56,314.25,10.10,4.96,0.83,-1,-1,-1
1561,3,319.53,393.50,7.11,4.78,0.80,-1,-1,-1
1561,4,378.33,313.84,10.00,5.24,0.82,-1,-1,-1
1561,1,188.55,506.42,7.89,4.37,0.59,-1,-1,-1
1581,3,316.11,351.90,6.78,5.13,0.79,-1,-1,-1
1581,4,381.39,314.45,10.00,4.95,0.83,-1,-1,-1
1581,1,192.38,484.01,7.24,5.05,0.79,-1,-1,-1
1601,3,313.36,312.61,7.07,4.53,0.79,-1,-1,-1
1601,4,389.33,314.92,9.56,5.35,0.82,-1,-1,-1
1601,1,194.65,453.93,8.42,5.26,0.81,-1,-1,-1
1621,3,313.62,301.90,6.81,3.92,0.75,-1,-1,-1
1621,4,390.92,314.91,9.62,5.45,0.84,-1,-1,-1
1621,1,196.62,408.34,9.73,6.95,0.86,-1,-1,-1
1641,3,308.12,301.72,6.27,5.09,0.76,-1,-1,-1
1641,4,388.37,301.78,9.58,4.98,0.81,-1,-1,-1
1641,1,200.98,375.18,10.18,7.16,0.86,-1,-1,-1
1661,3,275.15,303.90,6.78,5.10,0.79,-1,-1,-1
1661,4,386.50,302.67,9.72,6.97,0.85,-1,-1,-1
1661,1,186.56,369.35,10.20,6.96,0.85,-1,-1,-1
1681,3,220.48,306.14,7.60,4.61,0.78,-1,-1,-1
1681,4,378.72,328.49,9.53,6.23,0.85,-1,-1,-1
1681,1,128.05,366.68,10.57,6.72,0.86,-1,-1,-1
1701,3,187.30,307.21,6.29,5.01,0.78,-1,-1,-1
1701,4,369.97,359.00,8.30,4.68,0.80,-1,-1,-1
1701,1,112.16,355.85,9.85,5.64,0.83,-1,-1,-1
1721,3,181.55,307.39,7.01,4.80,0.78,-1,-1,-1
1721,4,365.30,373.30,8.20,4.47,0.79,-1,-1,-1
1721,1,115.41,347.00,9.77,4.43,0.81,-1,-1,-1
1741,3,187.96,306.33,6.49,5.36,0.79,-1,-1,-1
1741,4,362.27,381.54,8.56,5.32,0.81,-1,-1,-1
1741,1,119.63,332.07,10.50,7.18,0.85,-1,-1,-1
1761,3,220.69,305.42,6.99,4.98,0.79,-1,-1,-1
1761,4,357.08,399.53,7.87,4.51,0.80,-1,-1,-1
1761,1,125.72,339.33,10.43,7.38,0.85,-1,-1,-1
1781,3,274.91,303.81,7.42,4.90,0.80,-1,-1,-1
1781,4,351.35,418.07,7.39,4.25,0.79,-1,-1,-1
1781,1,131.80,368.00,10.09,6.72,0.86,-1,-1,-1
1801,3,307.07,303.53,6.15,4.73,0.78,-1,-1,-1
1801,4,346.42,432.53,7.59,3.60,0.78,-1,-1,-1
1801,1,138.99,404.43,9.36,6.32,0.84,-1,-1,-1
1821,3,311.11,303.61,6.75,4.11,0.77,-1,-1,-1
1821,4,345.15,437.26,7.43,3.51,0.76,-1,-1,-1
1821,1,146.44,442.16,8.47,5.08,0.82,-1,-1,-1
1841,3,311.02,303.30,6.72,4.10,0.76,-1,-1,-1
1841,4,348.40,427.97,7.51,3.58,0.77,-1,-1,-1
1841,1,153.98,464.18,8.39,5.11,0.82,-1,-1,-1
1861,3,309.21,303.03,7.01,4.22,0.77,-1,-1,-1
1861,4,355.10,406.23,7.52,4.05,0.76,-1,-1,-1
1861,1,173.20,471.75,9.04,5.18,0.83,-1,-1,-1
1881,3,307.85,303.00,6.67,4.05,0.76,-1,-1,-1
1881,4,362.67,381.44,8.06,4.60,0.78,-1,-1,-1
1881,1,222.35,474.52,8.90,4.91,0.83,-1,-1,-1
1901,3,305.92,302.34,6.90,4.64,0.77,-1,-1,-1
1901,4,367.41,368.44,8.34,4.97,0.81,-1,-1,-1
1901,1,289.97,476.05,9.08,4.50,0.80,-1,-1,-1
1921,3,290.78,303.22,6.81,4.49,0.77,-1,-1,-1
1921,4,369.04,368.45,8.31,4.26,0.80,-1,-1,-1
1921,1,332.55,476.21,7.65,4.65,0.79,-1,-1,-1
1941,3,262.64,304.33,7.02,4.47,0.79,-1,-1,-1
1941,4,368.92,369.01,8.44,4.39,0.80,-1,-1,-1
1941,1,339.25,476.90,7.99,3.88,0.79,-1,-1,-1
1961,3,226.09,305.37,7.39,4.61,0.79,-1,-1,-1
1961,4,358.92,370.41,7.62,5.84,0.81,-1,-1,-1
1961,1,342.50,470.69,7.74,4.08,0.77,-1,-1,-1
1981,3,191.41,305.91,6.53,5.39,0.79,-1,-1,-1
1981,4,316.34,372.11,8.63,5.49,0.81,-1,-1,-1
1981,1,349.60,453.86,7.37,3.96,0.77,-1,-1,-1
2001,3,181.07,306.75,7.23,4.74,0.78,-1,-1,-1
2001,4,304.47,374.32,8.41,4.22,0.78,-1,-1,-1
2001,1,361.57,425.78,7.90,4.59,0.80,-1,-1,-1
2021,3,171.54,306.70,7.21,4.71,0.80,-1,-1,-1
2021,4,305.75,375.22,8.47,4.13,0.78,-1,-1,-1
2021,1,378.19,383.97,8.71,6.64,0.84,-1,-1,-1
2041,3,171.51,306.28,6.83,4.86,0.78,-1,-1,-1
2041,4,309.42,375.21,8.31,4.07,0.78,-1,-1,-1
2041,1,382.23,347.45,8.27,5.44,0.81,-1,-1,-1
2061,3,190.02,305.54,7.25,4.83,0.80,-1,-1,-1
2061,4,311.75,374.65,7.23,5.31,0.79,-1,-1,-1
2061,1,376.31,321.59,7.28,5.56,0.81,-1,-1,-1
2081,3,221.68,304.41,7.75,4.61,0.80,-1,-1,-1
2081,4,286.48,374.60,8.28,5.05,0.80,-1,-1,-1
2081,1,342.36,323.61,8.44,5.43,0.80,-1,-1,-1
2101,3,263.88,303.31,7.59,3.92,0.77,-1,-1,-1
2101,4,268.40,375.45,8.74,4.42,0.80,-1,-1,-1
2101,1,276.86,325.32,9.14,5.39,0.80,-1,-1,-1
2121,3,311.11,301.90,7.40,3.86,0.75,-1,-1,-1
2121,4,261.79,372.28,8.51,4.71,0.79,-1,-1,-1
2121,1,185.48,326.17,11.55,5.25,0.81,-1,-1,-1
2141,3,351.82,300.52,7.30,4.29,0.78,-1,-1,-1
2141,4,264.16,345.15,8.30,5.80,0.83,-1,-1,-1
2141,1,105.71,324.33,9.02,6.71,0.84,-1,-1,-1
2161,3,385.19,299.13,7.43,4.13,0.79,-1,-1,-1
2161,4,267.09,347.49,8.14,5.80,0.81,-1,-1,-1
2161,1,85.11,327.03,8.88,4.71,0.81,-1,-1,-1
2181,3,413.55,297.63,5.97,4.89,0.78,-1,-1,-1
2181,4,268.41,377.37,7.98,5.27,0.82,-1,-1,-1
2181,1,81.33,316.40,9.90,6.55,0.85,-1,-1,-1
2201,3,419.73,297.45,6.54,4.92,0.79,-1,-1,-1
2201,4,266.27,411.63,7.65,5.08,0.81,-1,-1,-1
2201,1,81.36,339.98,9.65,6.43,0.84,-1,-1,-1
