1,1,312.21,67.02,13.64,6.87,0.84,-1,-1,-1
1,2,155.37,153.21,13.30,4.71,0.81,-1,-1,-1
21,1,313.62,27.75,13.59,6.83,0.84,-1,-1,-1
21,2,154.75,139.87,13.21,5.70,0.83,-1,-1,-1
41,1,305.92,26.08,13.66,7.68,0.85,-1,-1,-1
41,2,156.57,96.23,13.63,5.46,0.82,-1,-1,-1
61,1,275.19,26.00,13.24,7.76,0.86,-1,-1,-1
61,2,154.36,118.70,13.49,5.91,0.83,-1,-1,-1
81,1,264.92,27.77,13.61,6.70,0.84,-1,-1,-1
81,2,151.65,180.97,12.91,5.15,0.80,-1,-1,-1
101,1,267.07,29.09,13.32,6.26,0.83,-1,-1,-1
101,2,151.42,172.95,14.00,5.57,0.82,-1,-1,-1
121,1,267.79,29.86,13.60,6.36,0.84,-1,-1,-1
121,2,154.73,120.12,13.51,5.64,0.82,-1,-1,-1
141,1,267.62,29.96,13.58,6.71,0.85,-1,-1,-1
141,2,154.98,121.14,13.68,5.28,0.82,-1,-1,-1
161,1,262.39,29.68,13.12,7.01,0.85,-1,-1,-1
161,2,155.78,115.41,13.54,5.62,0.82,-1,-1,-1
181,1,240.01,27.86,13.49,7.08,0.85,-1,-1,-1
181,2,158.74,86.42,13.52,5.68,0.82,-1,-1,-1
201,1,212.91,25.32,13.58,7.34,0.86,-1,-1,-1
201,2,157.06,114.37,13.70,5.46,0.82,-1,-1,-1
221,1,203.16,23.70,14.08,6.41,0.84,-1,-1,-1
221,2,164.59,119.17,12.70,7.74,0.86,-1,-1,-1
241,1,190.71,21.26,14.09,7.13,0.84,-1,-1,-1
241,2,211.00,120.22,13.26,6.79,0.85,-1,-1,-1
261,1,176.86,34.73,13.85,7.45,0.84,-1,-1,-1
261,2,220.28,119.79,13.47,7.34,0.86,-1,-1,-1
281,1,176.30,46.41,14.30,6.83,0.85,-1,-1,-1
281,2,188.18,117.95,11.85,8.56,0.86,-1,-1,-1
301,1,184.14,4.45,13.52,7.20,0.83,-1,-1,-1
301,2,217.15,119.21,12.92,7.33,0.84,-1,-1,-1
321,1,199.81,-0.76,12.70,4.89,0.69,-1,-1,-1
321,2,271.59,123.12,12.92,5.60,0.82,-1,-1,-1
341,1,249.17,-0.67,13.46,4.62,0.65,-1,-1,-1
341,2,279.83,124.94,12.72,4.79,0.80,-1,-1,-1
361,1,327.76,-0.33,13.76,5.08,0.76,-1,-1,-1
361,2,280.36,125.41,12.67,4.82,0.80,-1,-1,-1
381,1,425.33,3.91,14.90,7.74,0.83,-1,-1,-1
381,2,280.22,125.34,12.95,5.03,0.80,-1,-1,-1
401,1,520.35,55.12,15.07,10.61,0.87,-1,-1,-1
401,2,254.59,118.75,12.90,7.43,0.85,-1,-1,-1
421,1,569.04,142.16,13.29,8.27,0.84,-1,-1,-1
421,2,194.04,110.91,12.53,7.48,0.85,-1,-1,-1
441,1,568.67,177.66,15.26,7.58,0.86,-1,-1,-1
441,2,187.09,109.96,13.36,5.56,0.81,-1,-1,-1
461,1,523.22,171.39,13.90,7.78,0.84,-1,-1,-1
461,2,189.23,108.94,13.33,5.55,0.80,-1,-1,-1
481,1,430.72,157.61,16.04,6.20,0.84,-1,-1,-1
481,2,191.30,99.67,12.89,5.78,0.81,-1,-1,-1
501,1,317.92,97.83,15.76,10.30,0.88,-1,-1,-1
501,2,194.79,55.53,12.72,6.00,0.83,-1,-1,-1
521,1,242.64,86.63,12.63,10.80,0.83,-1,-1,-1
521,2,196.30,46.82,13.24,5.71,0.81,-1,-1,-1
541,1,234.37,85.30,14.55,6.87,0.84,-1,-1,-1
541,2,200.98,7.20,11.99,6.25,0.82,-1,-1,-1
561,1,236.06,82.74,15.06,6.54,0.84,-1,-1,-1
561,2,332.50,259.71,10.97,4.67,0.62,-1,-1,-1
581,1,238.71,80.74,14.91,6.30,0.85,-1,-1,-1
581,2,332.34,251.51,10.27,4.56,0.64,-1,-1,-1
601,1,242.92,71.83,14.69,6.75,0.83,-1,-1,-1
601,2,331.46,246.12,10.83,4.41,0.67,-1,-1,-1
621,1,245.21,88.45,15.05,6.77,0.85,-1,-1,-1
621,2,331.03,242.33,10.81,3.91,0.69,-1,-1,-1
641,1,245.69,147.41,14.50,6.39,0.84,-1,-1,-1
641,2,332.21,237.52,9.88,4.37,0.73,-1,-1,-1
661,1,217.97,153.39,15.69,7.13,0.86,-1,-1,-1
661,2,332.86,233.15,10.86,4.39,0.72,-1,-1,-1
661,4,131.25,40.34,13.39,6.20,0.83,-1,-1,-1
681,1,180.59,147.95,14.95,7.38,0.84,-1,-1,-1
681,2,333.00,230.90,10.85,4.71,0.72,-1,-1,-1
681,4,132.16,45.23,12.48,6.06,0.79,-1,-1,-1
701,1,181.15,150.20,16.14,6.61,0.84,-1,-1,-1
701,2,333.13,230.15,11.06,4.53,0.72,-1,-1,-1
701,4,155.04,47.24,13.42,5.70,0.82,-1,-1,-1
721,1,185.16,180.26,16.66,7.09,0.85,-1,-1,-1
721,2,333.63,230.60,11.24,4.46,0.73,-1,-1,-1
721,4,181.28,48.35,13.00,7.19,0.86,-1,-1,-1
741,1,187.62,220.24,16.56,7.69,0.84,-1,-1,-1
741,2,333.03,232.19,10.72,4.65,0.72,-1,-1,-1
741,4,234.23,51.94,13.61,6.24,0.83,-1,-1,-1
761,1,147.96,215.06,16.48,10.16,0.89,-1,-1,-1
761,2,333.08,234.03,11.45,4.65,0.71,-1,-1,-1
761,4,264.91,54.09,13.09,6.28,0.82,-1,-1,-1
781,1,44.91,206.92,18.52,9.03,0.88,-1,-1,-1
781,2,334.43,235.43,11.35,4.77,0.66,-1,-1,-1
781,4,270.02,71.55,12.98,5.62,0.82,-1,-1,-1
801,2,335.95,233.37,11.44,5.08,0.73,-1,-1,-1
801,4,270.28,94.01,13.13,5.73,0.82,-1,-1,-1
821,2,338.91,227.74,11.10,4.79,0.76,-1,-1,-1
821,4,268.80,123.22,13.26,5.16,0.82,-1,-1,-1
841,2,343.68,220.73,12.22,5.67,0.78,-1,-1,-1
841,4,268.61,133.76,13.73,5.51,0.81,-1,-1,-1
861,2,346.42,218.69,12.23,4.46,0.80,-1,-1,-1
861,4,268.70,149.37,13.25,5.11,0.80,-1,-1,-1
881,2,348.76,217.43,12.64,4.83,0.80,-1,-1,-1
881,4,267.82,159.10,13.56,5.05,0.81,-1,-1,-1
901,2,351.21,214.22,12.09,4.91,0.80,-1,-1,-1
901,4,273.92,155.74,13.00,7.90,0.85,-1,-1,-1
921,2,353.11,214.83,12.35,5.45,0.80,-1,-1,-1
921,4,324.47,155.88,14.10,6.87,0.85,-1,-1,-1
941,2,354.82,224.34,12.17,4.61,0.80,-1,-1,-1
941,4,346.23,154.66,12.29,8.00,0.86,-1,-1,-1
961,2,354.41,230.38,11.37,4.88,0.78,-1,-1,-1
961,4,298.14,151.56,14.21,6.17,0.84,-1,-1,-1
981,2,352.39,230.96,12.40,4.50,0.76,-1,-1,-1
981,4,249.74,143.58,12.23,8.67,0.87,-1,-1,-1
1001,2,350.21,229.70,12.44,4.69,0.78,-1,-1,-1
1001,4,291.65,144.92,13.46,7.30,0.86,-1,-1,-1
1021,2,347.33,228.83,12.11,4.65,0.75,-1,-1,-1
1021,4,305.71,145.42,12.55,7.01,0.84,-1,-1,-1
1041,2,343.07,227.81,12.47,5.14,0.73,-1,-1,-1
1041,4,291.55,144.59,13.81,4.89,0.81,-1,-1,-1
1061,2,335.63,227.84,12.02,4.47,0.77,-1,-1,-1
1061,4,293.70,144.58,13.57,4.93,0.81,-1,-1,-1
1081,2,327.61,226.83,12.12,4.39,0.79,-1,-1,-1
1081,4,295.70,145.80,13.32,4.68,0.82,-1,-1,-1
1101,2,317.68,226.99,12.09,4.42,0.81,-1,-1,-1
1101,4,295.89,147.52,13.16,4.93,0.81,-1,-1,-1
1121,2,304.47,227.15,11.84,4.38,0.80,-1,-1,-1
1121,4,296.42,149.37,13.18,4.88,0.79,-1,-1,-1
1141,2,289.16,225.86,12.06,4.81,0.81,-1,-1,-1
1141,4,296.49,150.55,13.32,4.87,0.79,-1,-1,-1
1161,2,272.09,227.42,12.04,4.69,0.79,-1,-1,-1
1161,4,295.81,150.58,13.42,5.09,0.81,-1,-1,-1
1181,2,252.89,233.82,12.23,4.98,0.80,-1,-1,-1
1181,4,296.41,151.68,13.33,4.82,0.81,-1,-1,-1
1181,6,449.77,67.94,14.41,9.10,0.85,-1,-1,-1
1201,2,232.73,233.55,12.51,4.89,0.81,-1,-1,-1
1201,4,287.44,152.56,12.77,7.14,0.86,-1,-1,-1
1201,6,449.32,156.21,15.88,10.78,0.88,-1,-1,-1
1221,2,215.62,232.73,12.44,4.85,0.81,-1,-1,-1
1221,4,226.30,148.55,12.33,8.70,0.86,-1,-1,-1
1221,6,443.83,195.12,13.01,7.53,0.77,-1,-1,-1
1241,2,200.81,230.83,12.56,4.94,0.78,-1,-1,-1
1241,4,214.55,151.68,13.49,4.87,0.81,-1,-1,-1
1241,6,426.89,223.17,11.14,6.35,0.51,-1,-1,-1
1261,2,188.68,226.58,12.90,4.93,0.80,-1,-1,-1
1261,4,217.35,151.33,13.66,5.15,0.80,-1,-1,-1
1261,6,411.02,252.94,10.70,4.06,0.64,-1,-1,-1
1281,2,179.26,222.91,12.66,4.87,0.80,-1,-1,-1
1281,4,219.62,152.32,13.64,4.81,0.81,-1,-1,-1
1281,6,400.21,276.68,9.21,4.04,0.50,-1,-1,-1
1301,2,174.08,220.25,12.87,4.98,0.79,-1,-1,-1
1301,4,220.94,153.48,14.10,5.22,0.82,-1,-1,-1
1301,6,394.35,294.64,12.28,4.87,0.58,-1,-1,-1
1321,2,174.96,218.63,13.19,4.54,0.82,-1,-1,-1
1321,4,227.56,156.42,14.03,5.20,0.81,-1,-1,-1
1321,6,392.68,294.61,11.34,4.89,0.55,-1,-1,-1
1341,2,181.73,217.23,13.71,4.86,0.81,-1,-1,-1
1341,4,231.60,157.45,13.39,6.16,0.83,-1,-1,-1
1341,6,387.23,295.38,11.31,4.86,0.58,-1,-1,-1
1361,2,196.60,215.82,13.91,5.07,0.81,-1,-1,-1
1361,4,259.96,160.54,14.11,4.73,0.82,-1,-1,-1
1361,6,369.65,295.82,9.58,4.09,0.57,-1,-1,-1
1381,2,215.78,214.91,14.06,5.05,0.78,-1,-1,-1
1381,4,279.99,161.84,13.61,4.73,0.82,-1,-1,-1
1381,6,341.94,290.43,11.82,4.74,0.58,-1,-1,-1
1401,2,236.70,215.26,14.97,4.96,0.81,-1,-1,-1
1401,4,283.60,161.83,13.75,4.84,0.82,-1,-1,-1
1401,6,311.55,273.98,11.68,5.03,0.53,-1,-1,-1
1421,2,261.53,216.52,13.85,5.16,0.82,-1,-1,-1
1421,4,284.24,161.12,14.40,4.73,0.81,-1,-1,-1
1421,6,278.19,265.84,11.75,5.79,0.63,-1,-1,-1
1441,2,286.84,218.40,13.87,4.78,0.83,-1,-1,-1
1441,4,284.74,154.78,13.44,4.79,0.82,-1,-1,-1
1441,6,247.90,244.22,9.90,5.13,0.73,-1,-1,-1
1461,2,311.09,219.87,13.44,5.21,0.82,-1,-1,-1
1461,4,284.65,150.13,13.49,4.92,0.80,-1,-1,-1
1461,6,215.59,271.22,10.21,4.98,0.80,-1,-1,-1
1481,2,333.08,221.61,14.16,4.85,0.79,-1,-1,-1
1481,4,284.69,146.35,13.38,5.04,0.82,-1,-1,-1
1481,6,182.96,308.55,9.01,4.07,0.75,-1,-1,-1
1501,2,352.68,222.09,13.72,4.97,0.81,-1,-1,-1
1501,4,284.83,143.86,13.33,4.94,0.82,-1,-1,-1
1501,6,152.24,300.50,10.52,5.14,0.80,-1,-1,-1
1521,2,370.62,221.32,13.66,5.10,0.81,-1,-1,-1
1521,4,285.37,141.37,13.52,5.07,0.81,-1,-1,-1
1521,6,127.35,239.63,10.01,6.59,0.81,-1,-1,-1
1541,2,386.08,221.60,13.66,4.98,0.81,-1,-1,-1
1541,4,285.78,138.21,13.44,5.08,0.83,-1,-1,-1
1541,6,108.04,156.35,9.86,6.99,0.83,-1,-1,-1
1561,2,394.17,221.77,13.57,5.32,0.81,-1,-1,-1
1561,4,286.58,134.45,13.27,5.08,0.81,-1,-1,-1
1561,6,91.98,82.39,10.15,7.38,0.81,-1,-1,-1
1581,2,390.86,222.99,13.51,5.06,0.81,-1,-1,-1
1581,4,285.86,133.85,13.15,5.02,0.81,-1,-1,-1
1581,6,80.85,48.53,9.34,6.74,0.82,-1,-1,-1
1601,2,369.34,221.83,13.47,5.23,0.81,-1,-1,-1
1601,4,285.78,132.80,13.30,5.05,0.81,-1,-1,-1
1601,6,79.29,51.13,10.29,5.85,0.79,-1,-1,-1
1621,2,335.30,220.58,13.50,5.14,0.81,-1,-1,-1
1621,4,285.77,132.20,13.41,5.25,0.80,-1,-1,-1
1621,6,80.15,71.96,10.31,6.10,0.81,-1,-1,-1
1641,2,293.43,219.13,13.89,4.68,0.82,-1,-1,-1
1641,4,286.55,134.57,13.38,5.04,0.81,-1,-1,-1
1641,6,76.10,106.79,10.68,6.33,0.81,-1,-1,-1
1661,2,247.04,217.72,14.56,4.90,0.83,-1,-1,-1
1661,4,286.67,136.51,13.16,5.07,0.82,-1,-1,-1
1661,6,71.40,150.37,9.74,6.24,0.82,-1,-1,-1
1681,2,216.81,217.35,13.61,5.57,0.82,-1,-1,-1
1681,4,287.05,138.55,13.05,4.99,0.82,-1,-1,-1
1681,6,70.36,170.58,10.06,5.42,0.82,-1,-1,-1
1701,2,214.84,217.25,13.96,4.97,0.82,-1,-1,-1
1701,4,286.89,140.71,13.11,5.23,0.81,-1,-1,-1
1701,6,71.68,170.00,9.71,6.17,0.82,-1,-1,-1
1721,2,216.81,216.28,14.31,5.43,0.82,-1,-1,-1
1721,4,286.02,141.96,13.62,5.12,0.81,-1,-1,-1
1721,6,92.80,170.83,9.79,5.80,0.81,-1,-1,-1
1741,2,223.01,215.76,13.69,5.06,0.81,-1,-1,-1
1741,4,286.07,142.55,13.54,5.12,0.82,-1,-1,-1
1741,6,128.64,172.05,10.21,5.14,0.80,-1,-1,-1
1761,2,237.97,216.16,14.22,4.98,0.81,-1,-1,-1
1761,4,286.62,142.33,14.07,5.09,0.82,-1,-1,-1
1761,6,164.25,172.27,10.01,6.09,0.80,-1,-1,-1
1781,2,252.05,217.18,14.56,4.99,0.81,-1,-1,-1
1781,4,285.67,141.86,15.05,5.04,0.82,-1,-1,-1
1781,6,173.32,176.45,9.86,4.90,0.80,-1,-1,-1
1801,2,259.18,217.46,13.71,5.02,0.81,-1,-1,-1
1801,4,286.63,141.04,12.63,5.91,0.81,-1,-1,-1
1801,6,172.69,187.07,10.05,4.97,0.80,-1,-1,-1
1821,2,266.56,213.35,13.49,5.42,0.79,-1,-1,-1
1821,4,287.80,141.34,10.97,6.24,0.82,-1,-1,-1
1821,6,170.96,201.79,10.28,5.50,0.81,-1,-1,-1
1841,2,278.55,210.71,13.71,4.80,0.82,-1,-1,-1
1841,4,287.52,143.78,11.54,6.12,0.83,-1,-1,-1
1841,6,171.02,233.43,10.30,5.18,0.80,-1,-1,-1
1861,2,292.56,210.00,14.31,5.21,0.82,-1,-1,-1
1861,4,287.52,145.69,11.11,6.11,0.83,-1,-1,-1
1861,6,171.85,241.95,9.95,5.19,0.79,-1,-1,-1
1881,2,307.12,210.59,13.80,5.14,0.81,-1,-1,-1
1881,4,285.09,147.97,13.69,5.87,0.82,-1,-1,-1
1881,6,191.30,242.10,9.62,6.03,0.81,-1,-1,-1
1901,2,322.90,211.88,13.62,5.39,0.81,-1,-1,-1
1901,4,284.65,149.33,13.75,5.74,0.81,-1,-1,-1
1901,6,225.52,243.88,10.04,5.80,0.77,-1,-1,-1
1921,2,342.11,213.88,14.16,5.20,0.80,-1,-1,-1
1921,4,284.35,149.80,14.07,5.71,0.82,-1,-1,-1
1921,6,233.45,243.98,9.87,5.33,0.75,-1,-1,-1
1941,2,362.19,215.27,14.08,5.13,0.81,-1,-1,-1
1941,4,283.83,150.12,15.17,5.54,0.83,-1,-1,-1
1941,6,232.90,243.36,10.18,5.28,0.75,-1,-1,-1
1961,2,382.17,219.92,14.61,5.23,0.80,-1,-1,-1
1961,4,283.21,150.19,15.37,5.75,0.83,-1,-1,-1
1961,6,233.39,235.50,9.88,5.50,0.76,-1,-1,-1
1981,2,400.14,227.53,13.77,5.12,0.80,-1,-1,-1
1981,4,283.13,153.33,15.59,5.27,0.83,-1,-1,-1
1981,6,233.87,225.68,10.39,5.01,0.79,-1,-1,-1
2001,2,407.64,239.54,13.26,4.67,0.77,-1,-1,-1
2001,4,285.22,156.54,13.70,5.21,0.81,-1,-1,-1
2001,6,235.25,207.52,10.11,5.37,0.78,-1,-1,-1
2021,2,408.24,252.35,13.81,4.76,0.66,-1,-1,-1
2021,4,284.84,157.80,13.91,5.01,0.81,-1,-1,-1
2021,6,237.30,173.84,9.17,5.08,0.79,-1,-1,-1
2041,2,404.74,256.18,14.05,6.41,0.62,-1,-1,-1
2041,4,285.81,159.03,13.56,4.90,0.83,-1,-1,-1
2041,6,238.20,145.81,8.90,4.79,0.79,-1,-1,-1
2061,2,382.42,255.82,14.96,5.75,0.62,-1,-1,-1
2061,4,286.42,161.35,13.55,4.91,0.82,-1,-1,-1
2061,6,247.36,128.14,8.61,7.04,0.82,-1,-1,-1
2081,2,351.73,255.09,14.35,5.56,0.64,-1,-1,-1
2081,4,288.20,163.49,13.51,6.89,0.85,-1,-1,-1
2081,6,297.00,123.44,9.15,5.50,0.81,-1,-1,-1
2101,2,316.25,254.84,13.32,4.61,0.79,-1,-1,-1
2101,4,247.59,162.12,14.20,4.55,0.82,-1,-1,-1
2101,6,380.33,120.35,10.14,5.48,0.81,-1,-1,-1
2121,2,277.41,253.19,14.11,5.04,0.74,-1,-1,-1
2121,4,217.95,159.75,13.93,5.61,0.83,-1,-1,-1
2121,6,473.82,139.26,9.31,5.80,0.78,-1,-1,-1
