1,708,304.97,272.02,5.68,3.58,1,-1,-1,-1
1,709,222.76,135.43,7.27,3.23,1,-1,-1,-1
1,710,215.62,246.14,9.13,5.51,1,-1,-1,-1
21,708,301.45,269.64,7.22,4.02,1,-1,-1,-1
21,709,222.44,134.82,7.81,4.20,1,-1,-1,-1
21,710,200.27,251.84,9.76,5.06,1,-1,-1,-1
41,708,302.34,268.84,6.54,4.32,1,-1,-1,-1
41,709,222.52,135.69,6.64,3.57,1,-1,-1,-1
41,710,178.42,259.62,8.56,4.29,1,-1,-1,-1
61,708,301.59,269.01,7.59,3.00,1,-1,-1,-1
61,709,223.07,136.12,5.94,4.14,1,-1,-1,-1
61,710,168.94,263.15,8.81,3.62,1,-1,-1,-1
81,708,298.64,266.99,7.55,3.30,1,-1,-1,-1
81,709,222.13,136.14,6.43,4.77,1,-1,-1,-1
81,710,168.62,262.30,8.81,4.63,1,-1,-1,-1
101,708,285.98,258.81,7.85,3.74,1,-1,-1,-1
101,709,222.34,136.64,6.47,4.02,1,-1,-1,-1
101,710,169.34,262.56,9.35,4.21,1,-1,-1,-1
121,708,264.67,246.24,6.78,4.13,1,-1,-1,-1
121,709,223.87,137.35,5.76,4.43,1,-1,-1,-1
121,710,173.39,261.18,8.98,4.29,1,-1,-1,-1
141,708,239.52,232.60,8.08,4.41,1,-1,-1,-1
141,709,223.73,138.22,5.52,3.40,1,-1,-1,-1
141,710,186.89,255.96,9.76,4.45,1,-1,-1,-1
161,708,217.45,219.98,7.87,5.49,1,-1,-1,-1
161,709,222.98,138.54,6.14,3.81,1,-1,-1,-1
161,710,211.70,246.97,10.05,4.20,1,-1,-1,-1
181,708,197.09,208.59,8.70,5.84,1,-1,-1,-1
181,709,222.44,144.33,6.43,4.45,1,-1,-1,-1
181,710,245.44,234.43,8.85,5.05,1,-1,-1,-1
201,708,181.56,199.63,9.06,4.68,1,-1,-1,-1
201,709,222.61,152.69,6.75,4.37,1,-1,-1,-1
201,710,269.95,225.74,7.69,5.64,1,-1,-1,-1
221,708,172.23,192.93,9.95,5.79,1,-1,-1,-1
221,709,224.28,153.35,6.70,3.57,1,-1,-1,-1
221,710,272.38,223.51,9.12,5.62,1,-1,-1,-1
241,708,172.44,191.99,9.29,4.42,1,-1,-1,-1
241,709,222.47,151.57,5.46,3.32,1,-1,-1,-1
241,710,268.62,225.17,7.54,5.60,1,-1,-1,-1
261,708,180.30,187.50,10.93,5.21,1,-1,-1,-1
261,709,212.28,142.08,6.65,4.40,1,-1,-1,-1
261,710,257.68,228.50,10.06,5.27,1,-1,-1,-1
281,708,197.47,179.96,11.49,6.20,1,-1,-1,-1
281,709,196.50,126.64,7.75,4.96,1,-1,-1,-1
281,710,245.33,233.35,8.06,5.00,1,-1,-1,-1
301,708,220.95,171.31,9.81,5.95,1,-1,-1,-1
301,709,180.99,111.02,8.40,5.67,1,-1,-1,-1
301,710,229.52,238.46,9.24,5.16,1,-1,-1,-1
321,708,245.45,160.02,10.81,6.26,1,-1,-1,-1
321,709,173.39,101.61,8.28,5.58,1,-1,-1,-1
321,710,213.94,244.09,8.79,5.62,1,-1,-1,-1
341,708,273.30,147.47,10.95,7.17,1,-1,-1,-1
341,709,172.46,99.94,8.19,5.83,1,-1,-1,-1
341,710,197.13,249.16,9.46,4.90,1,-1,-1,-1
361,708,302.20,135.48,11.90,7.00,1,-1,-1,-1
361,709,170.07,99.27,9.91,5.18,1,-1,-1,-1
361,710,180.95,254.15,9.96,5.22,1,-1,-1,-1
381,708,333.61,121.53,12.34,5.98,1,-1,-1,-1
381,709,170.99,98.69,8.30,5.34,1,-1,-1,-1
381,710,169.08,258.97,8.17,3.96,1,-1,-1,-1
401,708,364.10,107.95,10.54,7.10,1,-1,-1,-1
401,709,172.56,99.49,8.55,5.54,1,-1,-1,-1
401,710,165.62,259.77,9.33,3.99,1,-1,-1,-1
421,708,390.81,96.00,12.01,7.69,1,-1,-1,-1
421,709,177.42,103.81,8.80,6.08,1,-1,-1,-1
421,710,175.84,256.99,8.26,4.25,1,-1,-1,-1
441,708,413.98,87.02,10.59,7.43,1,-1,-1,-1
441,709,183.01,110.05,8.32,5.81,1,-1,-1,-1
441,710,197.77,248.88,9.18,4.31,1,-1,-1,-1
461,708,424.06,81.31,10.66,9.22,1,-1,-1,-1
461,709,189.16,115.40,7.49,5.16,1,-1,-1,-1
461,710,228.71,237.13,9.28,6.46,1,-1,-1,-1
481,708,423.96,82.34,12.71,7.82,1,-1,-1,-1
481,709,194.70,120.95,8.76,5.42,1,-1,-1,-1
481,710,237.79,231.08,9.06,6.19,1,-1,-1,-1
501,708,428.43,79.59,14.55,9.52,1,-1,-1,-1
501,709,201.12,126.44,8.48,5.52,1,-1,-1,-1
501,710,236.26,223.58,8.86,5.27,1,-1,-1,-1
521,708,433.52,77.13,11.93,8.52,1,-1,-1,-1
521,709,207.09,131.46,7.22,4.43,1,-1,-1,-1
521,710,235.09,220.29,9.02,4.22,1,-1,-1,-1
541,708,433.39,77.06,13.38,8.62,1,-1,-1,-1
541,709,211.40,136.02,8.32,5.15,1,-1,-1,-1
541,710,233.63,220.14,9.11,4.82,1,-1,-1,-1
561,708,434.32,78.15,12.14,8.70,1,-1,-1,-1
561,709,216.96,139.89,7.89,4.79,1,-1,-1,-1
561,710,228.84,220.64,10.53,5.98,1,-1,-1,-1
581,708,441.60,87.46,12.02,9.27,1,-1,-1,-1
581,709,222.15,144.00,6.87,4.51,1,-1,-1,-1
581,710,224.87,222.71,7.78,5.47,1,-1,-1,-1
601,708,456.94,112.88,9.79,8.50,1,-1,-1,-1
601,709,223.78,145.54,7.88,4.65,1,-1,-1,-1
601,710,214.37,226.07,9.75,5.51,1,-1,-1,-1
621,708,477.14,144.61,9.23,6.45,1,-1,-1,-1
621,709,224.32,146.33,7.23,4.66,1,-1,-1,-1
621,710,206.02,230.22,8.86,3.97,1,-1,-1,-1
641,708,492.15,169.73,9.31,5.81,1,-1,-1,-1
641,709,225.64,146.18,7.02,4.33,1,-1,-1,-1
641,710,202.16,231.46,8.58,4.50,1,-1,-1,-1
661,708,504.10,186.27,7.01,4.39,1,-1,-1,-1
661,709,229.80,145.46,7.56,4.27,1,-1,-1,-1
661,710,202.01,231.28,9.03,4.63,1,-1,-1,-1
681,708,505.05,189.05,7.44,5.64,1,-1,-1,-1
681,709,236.12,141.16,6.84,4.71,1,-1,-1,-1
681,710,205.73,229.35,9.36,4.47,1,-1,-1,-1
701,708,504.59,189.02,9.42,6.76,1,-1,-1,-1
701,709,248.21,136.88,6.82,3.99,1,-1,-1,-1
701,710,219.66,224.06,8.75,4.18,1,-1,-1,-1
721,708,505.38,192.60,9.69,5.83,1,-1,-1,-1
721,709,257.84,132.15,7.04,4.99,1,-1,-1,-1
721,710,245.55,212.68,9.33,4.85,1,-1,-1,-1
741,708,509.67,197.59,8.99,5.96,1,-1,-1,-1
741,709,261.13,129.96,6.05,4.53,1,-1,-1,-1
741,710,284.60,197.33,9.03,4.74,1,-1,-1,-1
761,708,513.76,203.94,6.14,6.40,1,-1,-1,-1
761,709,262.68,128.99,5.38,4.31,1,-1,-1,-1
761,710,325.51,179.89,9.41,7.96,1,-1,-1,-1
781,708,515.87,209.98,7.79,4.57,1,-1,-1,-1
781,709,265.10,127.41,7.41,4.75,1,-1,-1,-1
781,710,340.57,175.44,8.53,6.83,1,-1,-1,-1
801,708,515.91,210.70,7.45,4.63,1,-1,-1,-1
801,709,283.55,121.41,6.99,4.01,1,-1,-1,-1
801,710,340.87,175.82,9.13,5.89,1,-1,-1,-1
821,708,512.76,211.44,7.15,4.94,1,-1,-1,-1
821,709,305.04,112.19,8.69,5.96,1,-1,-1,-1
821,710,333.34,177.13,9.82,6.06,1,-1,-1,-1
841,708,503.45,216.05,6.79,3.91,1,-1,-1,-1
841,709,327.52,104.42,7.35,5.87,1,-1,-1,-1
841,710,320.52,182.48,8.48,6.43,1,-1,-1,-1
861,708,482.54,221.75,7.05,4.56,1,-1,-1,-1
861,709,344.32,99.72,6.99,4.96,1,-1,-1,-1
861,710,301.46,188.27,8.55,6.60,1,-1,-1,-1
881,708,455.30,231.34,7.27,4.50,1,-1,-1,-1
881,709,346.68,96.86,6.93,6.94,1,-1,-1,-1
881,710,278.30,195.75,9.78,6.43,1,-1,-1,-1
901,708,425.44,241.25,6.19,4.64,1,-1,-1,-1
901,709,345.22,98.02,9.57,4.87,1,-1,-1,-1
901,710,253.24,204.83,8.57,5.95,1,-1,-1,-1
921,708,395.14,252.03,7.15,3.41,1,-1,-1,-1
921,709,343.49,92.13,7.05,5.43,1,-1,-1,-1
921,710,228.23,212.55,10.15,5.92,1,-1,-1,-1
941,708,367.88,263.32,4.11,2.91,1,-1,-1,-1
941,709,337.13,81.69,7.45,5.78,1,-1,-1,-1
941,710,216.78,217.47,9.48,5.06,1,-1,-1,-1
961,708,340.67,271.98,6.83,3.64,1,-1,-1,-1
961,709,330.07,72.80,9.05,6.38,1,-1,-1,-1
961,710,202.11,223.74,8.83,3.93,1,-1,-1,-1
981,708,319.83,278.54,7.20,4.79,1,-1,-1,-1
981,709,326.46,72.46,8.75,5.87,1,-1,-1,-1
981,710,192.28,226.64,8.65,4.36,1,-1,-1,-1
1001,708,314.19,281.08,5.06,3.94,1,-1,-1,-1
1001,709,314.76,76.82,8.25,6.97,1,-1,-1,-1
1001,710,191.01,226.89,9.24,4.08,1,-1,-1,-1
1021,708,311.17,280.44,6.28,3.46,1,-1,-1,-1
1021,709,295.72,84.54,7.60,5.76,1,-1,-1,-1
1021,710,201.68,222.94,9.22,3.97,1,-1,-1,-1
1041,708,299.50,275.02,5.76,2.97,1,-1,-1,-1
1041,709,274.44,92.31,8.05,5.30,1,-1,-1,-1
1041,710,228.09,210.94,9.54,5.89,1,-1,-1,-1
1061,708,280.85,264.40,5.68,2.69,1,-1,-1,-1
1061,709,255.92,99.41,6.17,6.07,1,-1,-1,-1
1061,710,244.34,205.39,9.64,5.74,1,-1,-1,-1
1081,708,262.40,253.54,5.58,4.37,1,-1,-1,-1
1081,709,240.67,105.18,8.18,5.58,1,-1,-1,-1
1081,710,245.68,206.00,8.98,4.95,1,-1,-1,-1
1101,708,244.93,243.62,9.46,4.78,1,-1,-1,-1
1101,709,238.08,107.71,7.89,4.70,1,-1,-1,-1
1101,710,245.29,213.29,9.43,4.79,1,-1,-1,-1
1121,708,233.28,236.59,7.03,5.04,1,-1,-1,-1
1121,709,236.52,108.43,9.14,5.02,1,-1,-1,-1
1121,710,244.67,211.72,9.71,5.86,1,-1,-1,-1
1141,708,221.71,231.17,8.20,4.40,1,-1,-1,-1
1141,709,236.40,109.41,9.46,6.22,1,-1,-1,-1
1141,710,245.49,207.71,8.13,4.32,1,-1,-1,-1
1161,708,213.83,227.55,9.39,4.90,1,-1,-1,-1
1161,709,235.35,110.23,8.52,5.07,1,-1,-1,-1
1161,710,244.99,206.55,8.83,4.81,1,-1,-1,-1
1181,708,215.42,227.65,8.62,4.75,1,-1,-1,-1
1181,709,233.92,112.19,8.46,4.57,1,-1,-1,-1
1181,710,244.67,205.69,9.23,5.12,1,-1,-1,-1
1201,708,223.91,224.41,8.09,4.54,1,-1,-1,-1
1201,709,235.32,112.08,7.14,4.51,1,-1,-1,-1
1201,710,244.72,205.48,9.04,5.47,1,-1,-1,-1
1221,708,237.95,218.65,8.61,3.92,1,-1,-1,-1
1221,709,233.22,111.66,8.95,5.39,1,-1,-1,-1
1221,710,245.51,205.44,8.39,5.94,1,-1,-1,-1
1241,708,242.58,207.29,8.64,4.99,1,-1,-1,-1
1241,709,229.72,113.14,8.34,4.90,1,-1,-1,-1
1241,710,242.58,207.29,8.64,4.99,1,-1,-1,-1
1261,708,235.01,209.15,9.96,5.66,1,-1,-1,-1
1261,709,223.57,115.13,7.23,5.42,1,-1,-1,-1
1261,710,235.01,209.15,9.96,5.66,1,-1,-1,-1
1281,708,229.04,213.17,8.94,5.21,1,-1,-1,-1
1281,709,220.22,115.96,7.96,5.56,1,-1,-1,-1
1281,710,229.04,213.17,8.94,5.21,1,-1,-1,-1
1301,708,229.01,219.78,9.19,5.71,1,-1,-1,-1
1301,709,219.38,116.88,8.69,5.02,1,-1,-1,-1
1301,710,229.01,219.78,9.19,5.71,1,-1,-1,-1
1321,708,228.53,219.68,9.20,6.18,1,-1,-1,-1
1321,709,220.66,117.65,9.76,5.52,1,-1,-1,-1
1321,710,228.53,219.68,9.20,6.18,1,-1,-1,-1
1341,708,222.98,221.09,8.32,6.60,1,-1,-1,-1
1341,709,227.02,123.70,7.60,4.93,1,-1,-1,-1
1341,710,222.98,221.09,8.32,6.60,1,-1,-1,-1
1361,709,235.25,132.69,7.63,5.28,1,-1,-1,-1
1381,708,190.67,233.82,9.83,4.14,1,-1,-1,-1
1381,709,244.90,142.57,7.78,5.11,1,-1,-1,-1
1381,710,190.67,233.82,9.83,4.14,1,-1,-1,-1
1401,708,188.49,233.76,9.34,5.10,1,-1,-1,-1
1401,709,253.88,151.66,5.99,3.77,1,-1,-1,-1
1401,710,188.49,233.76,9.34,5.10,1,-1,-1,-1
1421,708,186.69,234.42,8.68,5.08,1,-1,-1,-1
1421,709,259.83,159.02,6.12,3.52,1,-1,-1,-1
1421,710,186.69,234.42,8.68,5.08,1,-1,-1,-1
1441,708,183.58,235.25,9.58,5.15,1,-1,-1,-1
1441,709,262.46,160.80,7.25,4.64,1,-1,-1,-1
1441,710,183.58,235.25,9.58,5.15,1,-1,-1,-1
1461,708,184.67,235.12,9.41,4.85,1,-1,-1,-1
1461,709,262.49,161.55,7.06,3.92,1,-1,-1,-1
1461,710,184.67,235.12,9.41,4.85,1,-1,-1,-1
1481,709,263.12,161.08,7.05,4.31,1,-1,-1,-1
1501,708,209.82,225.76,10.43,5.15,1,-1,-1,-1
1501,709,261.82,161.23,8.16,4.47,1,-1,-1,-1
1501,710,209.82,225.76,10.43,5.15,1,-1,-1,-1
1521,709,257.74,156.56,5.86,3.47,1,-1,-1,-1
1541,709,244.25,143.81,7.71,4.38,1,-1,-1,-1
1561,709,229.78,127.27,7.20,5.02,1,-1,-1,-1
1581,709,214.70,112.74,8.59,6.08,1,-1,-1,-1
1601,709,208.94,109.13,8.51,5.95,1,-1,-1,-1
1621,709,201.71,110.17,6.98,5.13,1,-1,-1,-1
1641,709,188.19,114.89,7.34,4.19,1,-1,-1,-1
1661,711,557.49,258.16,6.36,4.31,1,-1,-1,-1
1661,712,333.80,175.97,9.84,6.64,1,-1,-1,-1
1661,709,175.70,117.61,7.91,5.32,1,-1,-1,-1
1681,711,542.28,263.28,7.69,3.75,1,-1,-1,-1
1681,712,321.60,180.75,8.68,6.00,1,-1,-1,-1
1681,709,169.98,118.20,8.19,5.24,1,-1,-1,-1
1701,711,529.11,267.47,4.62,3.14,1,-1,-1,-1
1701,712,300.13,187.67,9.89,6.03,1,-1,-1,-1
1701,709,170.10,119.07,7.73,4.34,1,-1,-1,-1
1721,711,516.07,271.45,5.72,3.54,1,-1,-1,-1
1721,712,275.71,196.63,9.44,5.29,1,-1,-1,-1
1721,709,168.75,118.02,8.76,4.95,1,-1,-1,-1
1741,711,499.04,275.91,6.85,4.04,1,-1,-1,-1
1741,712,249.19,206.14,9.70,5.47,1,-1,-1,-1
1741,709,177.15,125.47,7.49,5.17,1,-1,-1,-1
1761,711,488.01,280.03,4.54,3.96,1,-1,-1,-1
1761,712,224.54,214.57,8.20,6.68,1,-1,-1,-1
1761,709,191.72,137.17,7.51,5.37,1,-1,-1,-1
1781,711,472.18,284.40,5.77,3.74,1,-1,-1,-1
1781,712,204.14,222.33,9.80,4.52,1,-1,-1,-1
1781,709,205.31,148.88,7.61,5.02,1,-1,-1,-1
1801,711,459.59,288.81,6.45,3.58,1,-1,-1,-1
1801,712,201.62,222.64,9.13,5.85,1,-1,-1,-1
1801,709,216.15,160.64,7.10,3.64,1,-1,-1,-1
1821,711,447.40,292.44,6.97,4.51,1,-1,-1,-1
1821,712,195.44,225.20,10.49,5.94,1,-1,-1,-1
1821,709,226.65,169.18,6.23,4.15,1,-1,-1,-1
1841,711,430.53,298.67,5.71,3.58,1,-1,-1,-1
1841,712,182.95,230.24,8.79,6.03,1,-1,-1,-1
1841,709,231.41,174.86,4.91,2.33,1,-1,-1,-1
1861,711,412.05,305.68,2.94,2.21,1,-1,-1,-1
1861,712,162.76,238.66,10.18,4.51,1,-1,-1,-1
1861,709,231.02,175.01,7.82,3.82,1,-1,-1,-1
1881,711,390.47,311.41,5.75,2.79,1,-1,-1,-1
1881,712,145.80,244.70,9.07,4.29,1,-1,-1,-1
1881,709,232.37,176.57,7.29,5.99,1,-1,-1,-1
1901,711,374.47,315.94,6.34,3.34,1,-1,-1,-1
1901,712,143.79,246.38,9.42,4.63,1,-1,-1,-1
1901,709,239.65,181.14,5.09,4.58,1,-1,-1,-1
1921,711,360.31,321.32,5.55,3.35,1,-1,-1,-1
1921,712,145.64,246.14,10.44,4.69,1,-1,-1,-1
1921,709,243.01,185.82,5.66,5.28,1,-1,-1,-1
1941,711,341.96,324.71,8.31,5.01,1,-1,-1,-1
1941,712,157.47,242.48,10.27,4.72,1,-1,-1,-1
1941,709,248.50,192.49,6.24,3.87,1,-1,-1,-1
1961,711,329.46,330.30,7.10,3.55,1,-1,-1,-1
1961,712,181.70,233.60,9.93,4.18,1,-1,-1,-1
1961,709,250.25,194.64,6.08,4.04,1,-1,-1,-1
1981,711,319.85,334.24,5.44,3.00,1,-1,-1,-1
1981,712,216.58,220.13,9.39,5.47,1,-1,-1,-1
1981,709,250.02,195.53,6.74,3.66,1,-1,-1,-1
2001,711,306.24,333.33,6.11,4.64,1,-1,-1,-1
2001,712,247.75,208.62,9.22,5.33,1,-1,-1,-1
2001,709,247.89,192.84,5.36,3.23,1,-1,-1,-1
2021,711,281.20,328.73,5.56,3.19,1,-1,-1,-1
2021,712,276.49,196.59,9.38,8.29,1,-1,-1,-1
2021,709,236.65,183.36,5.87,3.58,1,-1,-1,-1
2041,711,250.90,319.32,7.98,4.14,1,-1,-1,-1
2041,712,282.26,195.36,9.33,6.25,1,-1,-1,-1
2041,709,220.91,169.46,5.41,4.45,1,-1,-1,-1
2061,711,241.95,316.71,7.45,3.73,1,-1,-1,-1
2061,712,277.61,197.85,10.11,6.15,1,-1,-1,-1
2061,709,202.56,153.35,6.51,3.09,1,-1,-1,-1
2081,711,240.54,316.42,6.76,4.14,1,-1,-1,-1
2081,712,264.83,202.41,11.17,7.02,1,-1,-1,-1
2081,709,181.35,134.72,8.41,5.07,1,-1,-1,-1
2101,711,239.87,316.23,6.24,3.57,1,-1,-1,-1
2101,712,244.19,210.60,10.18,6.54,1,-1,-1,-1
2101,709,168.17,124.32,7.84,5.48,1,-1,-1,-1
2121,711,236.82,315.21,6.81,2.98,1,-1,-1,-1
2121,712,216.80,220.79,9.94,5.86,1,-1,-1,-1
2121,709,166.03,124.75,8.34,4.49,1,-1,-1,-1
2141,711,229.44,311.91,5.85,3.40,1,-1,-1,-1
2141,712,194.63,230.03,10.58,5.37,1,-1,-1,-1
2141,709,166.49,124.12,8.80,4.27,1,-1,-1,-1
2161,711,217.39,307.10,6.38,3.07,1,-1,-1,-1
2161,712,185.21,234.12,9.98,4.94,1,-1,-1,-1
2161,709,168.15,123.78,6.58,4.17,1,-1,-1,-1
2181,711,205.34,301.50,5.88,3.84,1,-1,-1,-1
2181,712,177.67,237.20,11.07,4.73,1,-1,-1,-1
2181,709,167.70,124.35,6.40,4.61,1,-1,-1,-1
2201,711,189.76,294.93,7.26,3.46,1,-1,-1,-1
2201,712,178.51,251.91,9.33,4.79,1,-1,-1,-1
2201,709,168.51,123.77,6.28,4.45,1,-1,-1,-1
