1,634,92.70,164.03,22.10,10.33,1,-1,-1,-1
21,634,130.80,176.73,23.37,7.59,1,-1,-1,-1
41,634,126.45,204.82,26.39,10.28,1,-1,-1,-1
61,634,130.56,225.44,22.30,11.41,1,-1,-1,-1
81,634,189.42,227.65,21.10,9.85,1,-1,-1,-1
101,634,254.94,229.06,24.87,11.29,1,-1,-1,-1
121,634,315.66,238.22,17.58,7.86,1,-1,-1,-1
141,634,324.27,266.82,26.64,9.99,1,-1,-1,-1
161,634,310.68,273.67,22.36,10.87,1,-1,-1,-1
181,634,287.25,292.00,16.66,7.72,1,-1,-1,-1
201,634,267.88,301.53,21.98,9.63,1,-1,-1,-1
221,634,263.07,303.27,18.93,8.16,1,-1,-1,-1
241,634,263.11,303.37,19.36,8.33,1,-1,-1,-1
261,634,264.81,304.29,17.81,7.89,1,-1,-1,-1
281,634,263.21,303.75,18.95,8.57,1,-1,-1,-1
301,634,252.10,302.28,18.89,8.04,1,-1,-1,-1
321,634,241.92,299.18,19.81,9.88,1,-1,-1,-1
341,634,225.52,296.20,18.14,8.59,1,-1,-1,-1
361,634,191.08,283.40,20.48,8.68,1,-1,-1,-1
381,634,157.76,273.75,25.43,10.54,1,-1,-1,-1
401,634,150.09,272.27,24.42,10.76,1,-1,-1,-1
421,634,145.71,266.75,23.70,9.66,1,-1,-1,-1
441,634,140.45,254.18,25.35,10.74,1,-1,-1,-1
461,634,132.83,239.74,28.95,10.88,1,-1,-1,-1
481,634,121.45,222.22,29.20,12.25,1,-1,-1,-1
501,634,106.05,203.07,36.74,11.17,1,-1,-1,-1
521,634,90.41,178.69,41.70,9.21,1,-1,-1,-1
541,634,74.74,147.20,49.99,13.54,1,-1,-1,-1
561,634,54.68,121.59,53.24,21.45,1,-1,-1,-1
581,634,42.95,190.57,56.30,15.25,1,-1,-1,-1
601,634,45.91,239.69,52.98,19.29,1,-1,-1,-1
621,634,61.71,249.99,47.21,16.11,1,-1,-1,-1
641,634,87.01,269.94,40.38,13.08,1,-1,-1,-1
661,634,111.50,286.71,34.74,12.38,1,-1,-1,-1
681,634,139.38,296.20,27.68,11.29,1,-1,-1,-1
701,634,160.55,293.02,24.48,9.80,1,-1,-1,-1
721,634,173.93,289.19,21.24,8.76,1,-1,-1,-1
741,634,182.32,282.23,22.41,8.84,1,-1,-1,-1
761,634,189.03,279.77,21.92,9.15,1,-1,-1,-1
781,634,191.50,279.29,21.53,8.99,1,-1,-1,-1
801,634,191.13,270.05,21.99,9.69,1,-1,-1,-1
821,634,187.97,255.59,23.19,9.85,1,-1,-1,-1
841,634,179.98,238.03,23.80,9.66,1,-1,-1,-1
861,634,170.81,216.33,25.16,10.91,1,-1,-1,-1
881,634,144.31,203.98,38.05,16.43,1,-1,-1,-1
901,634,139.93,256.06,37.82,12.72,1,-1,-1,-1
921,634,171.04,271.31,33.50,14.23,1,-1,-1,-1
941,634,246.11,270.43,26.41,12.18,1,-1,-1,-1
961,634,274.41,262.44,45.30,13.25,1,-1,-1,-1
981,634,317.21,235.48,34.21,12.63,1,-1,-1,-1
1001,634,349.67,193.88,60.37,23.52,1,-1,-1,-1
1021,634,360.24,253.34,56.94,16.00,1,-1,-1,-1
1041,634,277.31,272.63,54.27,23.12,1,-1,-1,-1
1061,634,63.02,275.64,58.89,19.78,1,-1,-1,-1
1081,634,1.34,279.09,60.98,22.34,1,-1,-1,-1
1101,634,-0.30,256.87,17.26,12.63,1,-1,-1,-1
1121,634,-0.34,242.85,19.41,13.90,1,-1,-1,-1
1141,634,62.04,224.81,89.43,23.90,1,-1,-1,-1
1161,634,159.31,256.23,61.17,24.09,1,-1,-1,-1
1181,634,205.68,291.39,43.19,19.67,1,-1,-1,-1
1201,634,204.95,259.33,46.65,20.30,1,-1,-1,-1
1221,634,221.88,274.75,32.49,12.70,1,-1,-1,-1
1241,634,225.86,276.93,27.61,10.65,1,-1,-1,-1
1261,634,239.63,284.69,25.92,11.30,1,-1,-1,-1
1281,634,297.63,288.01,23.55,11.98,1,-1,-1,-1
1301,634,349.31,282.46,23.76,10.05,1,-1,-1,-1
1321,634,366.57,280.87,20.28,8.11,1,-1,-1,-1
1341,634,309.29,279.38,29.81,10.90,1,-1,-1,-1
1361,634,260.09,270.42,31.47,14.35,1,-1,-1,-1
1381,634,246.94,267.54,29.50,11.50,1,-1,-1,-1
1401,634,243.02,263.47,27.88,10.38,1,-1,-1,-1
1421,634,245.59,253.48,34.00,14.26,1,-1,-1,-1
1441,634,245.14,207.46,42.05,23.93,1,-1,-1,-1
1461,634,240.45,193.73,41.85,14.54,1,-1,-1,-1
1481,634,235.24,244.12,28.39,11.48,1,-1,-1,-1
1501,634,219.90,279.79,37.82,17.10,1,-1,-1,-1
1521,634,138.33,281.22,51.94,15.46,1,-1,-1,-1
1541,634,133.84,237.22,52.33,14.24,1,-1,-1,-1
1561,634,141.68,247.03,35.87,12.95,1,-1,-1,-1
1581,634,150.96,264.66,32.10,12.11,1,-1,-1,-1
1601,634,155.27,267.00,32.75,11.89,1,-1,-1,-1
1621,635,379.34,205.28,18.65,5.26,1,-1,-1,-1
1621,634,162.14,275.61,26.44,11.25,1,-1,-1,-1
1641,635,402.18,202.20,16.73,9.03,1,-1,-1,-1
1641,634,171.36,286.90,22.86,10.58,1,-1,-1,-1
1661,635,511.17,202.63,19.62,8.51,1,-1,-1,-1
1661,634,148.13,288.13,29.17,11.46,1,-1,-1,-1
1681,635,614.93,203.54,16.66,7.36,1,-1,-1,-1
1681,634,139.37,279.45,24.33,9.67,1,-1,-1,-1
1701,635,624.43,205.98,14.53,4.41,1,-1,-1,-1
1701,634,143.08,282.05,23.01,10.19,1,-1,-1,-1
1721,635,612.55,204.60,18.13,4.55,1,-1,-1,-1
1721,634,150.67,228.64,23.69,9.89,1,-1,-1,-1
1741,635,610.46,204.72,16.59,4.16,1,-1,-1,-1
1741,634,149.76,209.08,25.11,9.89,1,-1,-1,-1
1761,635,615.40,205.90,16.25,4.41,1,-1,-1,-1
1761,634,142.23,185.51,23.29,7.16,1,-1,-1,-1
1781,635,618.77,207.42,16.18,4.02,1,-1,-1,-1
1781,634,118.44,137.40,36.74,17.42,1,-1,-1,-1
1801,635,619.60,207.22,18.64,4.10,1,-1,-1,-1
1801,634,101.79,189.43,36.82,12.56,1,-1,-1,-1
1821,635,619.40,208.01,19.03,3.85,1,-1,-1,-1
1821,634,100.17,235.02,40.82,15.31,1,-1,-1,-1
1841,635,621.99,207.28,17.02,4.32,1,-1,-1,-1
1841,634,70.73,199.06,46.86,18.73,1,-1,-1,-1
1861,635,619.47,205.54,17.27,8.17,1,-1,-1,-1
1861,634,97.09,165.74,61.41,23.61,1,-1,-1,-1
1881,635,549.79,203.42,17.39,7.10,1,-1,-1,-1
1881,634,161.53,187.23,59.46,18.39,1,-1,-1,-1
1901,635,447.60,202.55,15.74,4.87,1,-1,-1,-1
1901,634,168.26,257.24,49.19,15.23,1,-1,-1,-1
1921,635,354.14,195.67,16.80,9.47,1,-1,-1,-1
1921,634,151.04,274.08,53.64,21.75,1,-1,-1,-1
1941,635,297.54,197.34,16.44,6.27,1,-1,-1,-1
1941,634,70.73,274.55,52.68,19.66,1,-1,-1,-1
1961,635,293.04,221.46,15.80,7.67,1,-1,-1,-1
1961,634,82.87,278.23,55.42,17.69,1,-1,-1,-1
1981,635,303.27,258.21,18.90,8.33,1,-1,-1,-1
1981,634,109.10,285.98,43.51,15.22,1,-1,-1,-1
2001,635,358.04,257.21,18.44,8.02,1,-1,-1,-1
2001,634,118.20,256.45,46.46,19.51,1,-1,-1,-1
2021,635,420.47,255.77,18.52,8.45,1,-1,-1,-1
2021,634,144.00,273.65,35.11,14.29,1,-1,-1,-1
2041,635,486.63,250.49,19.82,8.07,1,-1,-1,-1
2041,634,151.66,237.70,32.64,11.58,1,-1,-1,-1
2061,635,558.94,209.81,22.21,5.83,1,-1,-1,-1
2061,634,163.33,251.12,22.00,9.39,1,-1,-1,-1
2081,635,584.68,125.29,19.70,11.92,1,-1,-1,-1
2081,634,168.23,246.40,28.82,10.49,1,-1,-1,-1
2101,635,555.87,144.08,21.46,11.24,1,-1,-1,-1
2101,634,176.48,239.29,24.76,10.59,1,-1,-1,-1
2121,635,498.50,185.61,16.28,5.55,1,-1,-1,-1
2121,634,198.87,245.32,23.01,10.29,1,-1,-1,-1
2141,635,456.98,212.75,13.74,4.78,1,-1,-1,-1
2141,634,208.83,247.27,24.38,9.37,1,-1,-1,-1
