1,80,126.31,123.03,26.95,7.74,1,-1,-1,-1
21,80,127.74,122.55,21.24,8.80,1,-1,-1,-1
41,81,405.47,252.21,8.19,3.64,1,-1,-1,-1
41,80,128.74,123.03,21.13,8.49,1,-1,-1,-1
61,80,126.27,117.94,23.36,8.09,1,-1,-1,-1
81,80,126.90,149.85,22.04,8.12,1,-1,-1,-1
101,80,123.95,201.99,16.84,4.95,1,-1,-1,-1
121,80,350.16,257.53,6.50,3.23,1,-1,-1,-1
141,80,327.65,256.24,4.44,2.88,1,-1,-1,-1
161,82,148.86,189.43,22.77,6.32,1,-1,-1,-1
181,83,303.06,218.16,9.47,3.18,1,-1,-1,-1
181,82,166.45,106.53,21.83,14.42,1,-1,-1,-1
201,83,296.14,216.75,8.49,3.27,1,-1,-1,-1
201,82,194.06,143.78,25.85,7.46,1,-1,-1,-1
221,83,262.78,215.56,8.88,2.98,1,-1,-1,-1
221,82,205.55,196.45,21.64,6.28,1,-1,-1,-1
261,83,193.25,241.25,6.09,3.39,1,-1,-1,-1
281,83,195.17,258.21,5.56,3.38,1,-1,-1,-1
301,84,238.30,164.90,22.95,8.34,1,-1,-1,-1
301,83,204.54,267.50,5.65,3.07,1,-1,-1,-1
321,84,258.07,164.98,24.15,7.33,1,-1,-1,-1
321,83,249.59,268.58,5.60,3.61,1,-1,-1,-1
341,84,277.46,213.11,22.32,6.17,1,-1,-1,-1
361,84,279.92,245.41,13.78,5.35,1,-1,-1,-1
361,83,322.55,270.95,5.54,2.63,1,-1,-1,-1
381,84,301.77,244.99,10.52,3.36,1,-1,-1,-1
381,83,323.14,271.39,5.82,2.96,1,-1,-1,-1
401,84,313.83,207.62,21.96,5.57,1,-1,-1,-1
401,83,314.39,271.43,8.56,3.41,1,-1,-1,-1
421,84,321.84,188.05,22.16,7.10,1,-1,-1,-1
441,84,337.38,216.11,21.61,5.06,1,-1,-1,-1
481,84,378.48,249.46,8.20,3.60,1,-1,-1,-1
521,85,383.54,219.58,16.49,5.09,1,-1,-1,-1
541,85,393.32,177.48,21.89,8.56,1,-1,-1,-1
561,85,416.37,201.16,22.04,6.18,1,-1,-1,-1
641,87,251.41,190.12,8.05,3.33,1,-1,-1,-1
661,87,250.36,169.66,8.66,3.56,1,-1,-1,-1
681,87,229.37,170.05,9.20,3.58,1,-1,-1,-1
701,87,207.96,200.34,8.41,2.98,1,-1,-1,-1
721,88,406.32,176.35,22.90,7.70,1,-1,-1,-1
741,89,208.05,250.96,8.55,3.85,1,-1,-1,-1
741,88,389.02,216.96,19.59,5.43,1,-1,-1,-1
761,89,229.33,252.33,5.98,3.13,1,-1,-1,-1
781,89,374.93,232.99,19.82,4.67,1,-1,-1,-1
801,89,343.78,193.13,21.89,6.25,1,-1,-1,-1
821,89,292.68,192.59,20.84,8.48,1,-1,-1,-1
841,89,267.19,232.94,18.78,5.57,1,-1,-1,-1
861,89,266.33,240.10,8.11,3.14,1,-1,-1,-1
881,89,348.02,254.07,6.54,3.44,1,-1,-1,-1
901,90,205.65,173.59,26.03,9.53,1,-1,-1,-1
901,89,379.91,220.79,8.42,3.17,1,-1,-1,-1
921,90,156.38,206.96,25.03,6.86,1,-1,-1,-1
921,89,386.54,192.68,7.47,3.10,1,-1,-1,-1
941,89,373.68,190.97,7.87,3.21,1,-1,-1,-1
961,89,344.32,196.68,8.81,4.02,1,-1,-1,-1
981,91,94.30,127.60,26.61,8.36,1,-1,-1,-1
981,89,338.41,209.17,9.76,2.86,1,-1,-1,-1
1001,91,74.66,148.26,22.84,8.77,1,-1,-1,-1
1001,89,341.77,208.93,8.12,2.84,1,-1,-1,-1
1021,91,72.43,150.18,27.22,7.50,1,-1,-1,-1
1021,89,342.03,208.27,8.71,2.82,1,-1,-1,-1
1041,91,75.55,150.00,25.91,7.82,1,-1,-1,-1
1061,91,78.81,149.81,24.24,8.21,1,-1,-1,-1
1061,89,344.84,247.89,5.38,3.03,1,-1,-1,-1
1081,91,77.71,153.31,25.22,9.16,1,-1,-1,-1
1081,89,345.01,255.97,4.65,2.90,1,-1,-1,-1
1101,89,344.56,270.41,5.66,3.26,1,-1,-1,-1
1121,89,344.79,275.19,4.91,2.67,1,-1,-1,-1
1141,89,328.47,274.25,5.07,3.01,1,-1,-1,-1
1161,92,80.88,120.60,27.66,13.54,1,-1,-1,-1
1181,92,111.09,130.62,26.03,8.06,1,-1,-1,-1
1181,89,252.32,267.33,6.68,3.55,1,-1,-1,-1
1201,92,110.53,186.17,26.50,7.09,1,-1,-1,-1
1201,89,247.85,266.49,8.04,3.77,1,-1,-1,-1
1221,92,105.66,202.46,25.82,6.48,1,-1,-1,-1
1221,89,271.70,267.24,5.30,2.86,1,-1,-1,-1
1241,92,107.14,202.59,25.84,6.41,1,-1,-1,-1
1241,89,300.06,269.32,6.76,3.09,1,-1,-1,-1
1261,92,109.91,207.98,20.86,6.87,1,-1,-1,-1
1281,89,309.70,223.45,7.65,2.97,1,-1,-1,-1
1301,89,308.92,214.41,7.72,3.16,1,-1,-1,-1
1321,89,290.59,214.70,7.72,2.79,1,-1,-1,-1
1341,93,163.34,159.61,26.26,7.45,1,-1,-1,-1
1341,89,252.14,216.31,7.28,3.06,1,-1,-1,-1
1361,93,167.20,211.30,20.09,5.32,1,-1,-1,-1
1381,94,235.26,260.22,4.34,2.81,1,-1,-1,-1
1401,94,234.09,270.15,5.44,2.92,1,-1,-1,-1
1421,94,214.77,268.90,5.43,3.03,1,-1,-1,-1
1441,95,216.11,84.59,22.88,9.47,1,-1,-1,-1
1441,94,198.54,268.31,5.86,3.22,1,-1,-1,-1
1461,95,220.78,138.18,21.11,8.20,1,-1,-1,-1
1461,94,178.40,257.23,6.96,4.32,1,-1,-1,-1
1481,95,217.92,192.97,20.01,6.89,1,-1,-1,-1
1541,96,296.64,219.58,9.07,3.54,1,-1,-1,-1
1561,96,360.92,222.49,9.44,3.14,1,-1,-1,-1
1581,97,254.75,115.58,22.24,10.00,1,-1,-1,-1
1601,97,279.43,124.44,21.16,8.27,1,-1,-1,-1
1621,97,291.03,177.49,24.06,6.90,1,-1,-1,-1
1641,97,288.36,223.49,20.66,5.48,1,-1,-1,-1
1661,98,444.99,253.02,5.56,3.18,1,-1,-1,-1
1661,97,295.47,232.36,22.35,5.57,1,-1,-1,-1
1681,97,317.88,200.44,24.79,5.12,1,-1,-1,-1
1701,97,341.46,196.39,21.45,5.24,1,-1,-1,-1
1721,97,357.93,236.78,17.82,4.33,1,-1,-1,-1
1741,99,419.17,240.97,8.03,3.66,1,-1,-1,-1
1741,97,358.35,255.05,12.41,4.63,1,-1,-1,-1
1761,97,358.34,254.94,11.79,4.16,1,-1,-1,-1
1781,97,347.99,193.42,23.43,5.47,1,-1,-1,-1
1801,97,352.37,88.41,21.25,9.95,1,-1,-1,-1
1821,97,367.63,92.39,20.98,8.53,1,-1,-1,-1
1841,97,377.45,142.97,23.22,6.99,1,-1,-1,-1
1861,97,377.26,191.49,22.07,5.45,1,-1,-1,-1
1881,97,375.12,233.28,17.12,4.47,1,-1,-1,-1
1901,97,301.47,267.48,8.03,3.49,1,-1,-1,-1
1921,97,275.70,267.21,7.53,3.43,1,-1,-1,-1
1941,100,401.56,169.16,20.42,6.10,1,-1,-1,-1
1941,97,231.09,249.06,6.42,3.40,1,-1,-1,-1
1961,100,410.81,146.19,20.22,8.45,1,-1,-1,-1
1961,97,224.67,186.78,11.42,3.56,1,-1,-1,-1
1981,100,427.44,192.34,19.62,6.32,1,-1,-1,-1
1981,97,221.92,168.46,11.23,3.79,1,-1,-1,-1
2001,97,209.62,169.48,11.88,4.44,1,-1,-1,-1
2021,97,210.34,148.38,11.47,3.81,1,-1,-1,-1
2041,97,212.82,111.90,11.23,4.23,1,-1,-1,-1
2061,97,212.18,117.19,10.91,4.34,1,-1,-1,-1
2081,97,210.65,171.97,11.75,3.30,1,-1,-1,-1
2121,97,207.71,243.04,6.26,3.29,1,-1,-1,-1
