1,417,329.32,26.50,11.18,5.16,1,-1,-1,-1
1,418,349.21,212.07,5.03,2.44,1,-1,-1,-1
1,419,202.53,107.91,10.85,3.60,1,-1,-1,-1
21,417,330.22,-0.18,10.51,5.27,1,-1,-1,-1
21,418,351.58,211.88,5.99,2.42,1,-1,-1,-1
21,419,204.88,88.86,7.95,4.32,1,-1,-1,-1
41,417,321.62,-0.35,10.27,5.36,1,-1,-1,-1
41,418,354.66,213.28,5.51,2.34,1,-1,-1,-1
41,419,202.95,56.87,11.08,4.68,1,-1,-1,-1
61,417,296.75,-0.49,10.08,5.89,1,-1,-1,-1
61,418,355.54,216.47,5.28,2.91,1,-1,-1,-1
61,419,200.96,84.18,10.44,3.73,1,-1,-1,-1
81,417,290.53,-0.11,10.57,6.27,1,-1,-1,-1
81,418,356.31,219.06,6.49,3.34,1,-1,-1,-1
81,419,200.27,128.91,10.35,5.05,1,-1,-1,-1
101,417,292.24,0.69,10.32,6.36,1,-1,-1,-1
101,418,352.48,219.82,6.07,3.03,1,-1,-1,-1
101,419,201.21,115.94,9.34,3.64,1,-1,-1,-1
121,417,292.33,2.06,10.75,5.35,1,-1,-1,-1
121,418,340.02,219.76,5.79,3.26,1,-1,-1,-1
121,419,201.56,74.49,10.98,4.40,1,-1,-1,-1
141,417,292.51,0.97,10.30,6.68,1,-1,-1,-1
141,418,336.53,219.53,7.64,3.09,1,-1,-1,-1
141,419,201.55,79.83,10.42,4.13,1,-1,-1,-1
161,417,285.31,1.56,10.98,5.94,1,-1,-1,-1
161,418,339.12,219.71,7.26,3.02,1,-1,-1,-1
161,419,203.70,67.90,9.74,3.58,1,-1,-1,-1
181,417,264.31,-0.10,11.30,6.29,1,-1,-1,-1
181,418,343.86,220.11,6.13,2.86,1,-1,-1,-1
181,419,204.93,50.79,10.38,4.34,1,-1,-1,-1
201,417,245.25,-0.95,10.42,4.70,1,-1,-1,-1
201,418,345.74,219.52,6.80,2.99,1,-1,-1,-1
201,419,204.27,77.13,10.16,3.74,1,-1,-1,-1
221,417,236.86,-1.68,10.51,3.50,1,-1,-1,-1
221,418,345.20,219.47,7.17,3.37,1,-1,-1,-1
221,419,217.91,76.76,10.54,5.46,1,-1,-1,-1
241,418,343.58,218.73,7.68,3.54,1,-1,-1,-1
241,419,254.54,78.54,8.67,4.32,1,-1,-1,-1
261,418,343.78,217.84,7.11,3.44,1,-1,-1,-1
261,419,250.67,77.59,8.78,5.28,1,-1,-1,-1
281,417,217.06,-5.39,14.39,18.64,1,-1,-1,-1
281,418,343.69,218.12,7.23,3.62,1,-1,-1,-1
281,419,230.98,76.49,8.98,5.94,1,-1,-1,-1
301,418,343.27,223.19,6.19,3.72,1,-1,-1,-1
301,419,275.08,78.86,11.17,4.19,1,-1,-1,-1
321,418,342.22,228.54,7.98,3.44,1,-1,-1,-1
321,419,302.12,80.19,9.32,4.23,1,-1,-1,-1
341,418,343.58,228.63,8.19,3.55,1,-1,-1,-1
341,419,304.98,81.10,10.05,4.28,1,-1,-1,-1
361,418,344.56,227.62,7.87,3.54,1,-1,-1,-1
361,419,304.80,81.27,10.36,4.51,1,-1,-1,-1
381,418,344.65,225.34,8.19,3.35,1,-1,-1,-1
381,419,302.47,79.27,10.33,5.00,1,-1,-1,-1
401,420,531.45,53.15,11.34,8.00,1,-1,-1,-1
401,418,344.41,220.99,9.05,4.11,1,-1,-1,-1
401,419,256.69,72.85,8.57,5.29,1,-1,-1,-1
421,420,547.69,111.54,12.95,4.93,1,-1,-1,-1
421,418,344.15,216.43,8.27,3.32,1,-1,-1,-1
421,419,229.52,70.80,10.14,4.29,1,-1,-1,-1
441,420,530.32,116.13,10.71,6.68,1,-1,-1,-1
441,418,344.09,211.31,8.51,3.74,1,-1,-1,-1
441,419,228.67,68.48,10.48,4.78,1,-1,-1,-1
461,420,469.87,111.17,11.69,5.69,1,-1,-1,-1
461,418,346.16,205.64,7.44,2.90,1,-1,-1,-1
461,419,230.98,68.56,9.08,4.60,1,-1,-1,-1
481,420,380.83,84.48,12.50,5.65,1,-1,-1,-1
481,418,345.95,200.28,9.85,4.74,1,-1,-1,-1
481,419,232.35,41.22,11.06,5.41,1,-1,-1,-1
501,420,297.61,50.41,10.01,9.20,1,-1,-1,-1
501,418,346.48,197.16,8.49,4.19,1,-1,-1,-1
501,419,233.48,17.22,10.12,4.96,1,-1,-1,-1
521,420,268.32,50.84,10.44,5.73,1,-1,-1,-1
521,418,346.45,193.74,8.13,4.22,1,-1,-1,-1
521,419,234.16,5.11,10.43,5.04,1,-1,-1,-1
541,420,266.17,48.09,12.12,5.58,1,-1,-1,-1
541,418,346.87,189.37,9.54,4.89,1,-1,-1,-1
561,420,268.80,45.66,12.25,6.23,1,-1,-1,-1
561,418,347.90,184.82,8.70,3.59,1,-1,-1,-1
581,420,272.36,41.67,10.84,5.52,1,-1,-1,-1
581,418,347.32,180.03,10.04,4.51,1,-1,-1,-1
601,420,273.17,41.14,13.64,5.64,1,-1,-1,-1
601,418,346.91,176.69,8.18,4.22,1,-1,-1,-1
621,420,277.32,83.01,10.90,5.02,1,-1,-1,-1
621,418,349.24,173.76,7.27,3.94,1,-1,-1,-1
641,420,268.98,106.29,9.69,7.00,1,-1,-1,-1
641,418,347.98,169.67,7.76,3.24,1,-1,-1,-1
661,420,229.03,100.95,10.92,8.12,1,-1,-1,-1
661,418,348.56,167.00,8.37,3.15,1,-1,-1,-1
681,420,224.00,99.97,12.01,4.52,1,-1,-1,-1
681,418,349.08,166.03,6.99,3.09,1,-1,-1,-1
701,420,228.52,117.64,11.61,5.34,1,-1,-1,-1
701,418,349.45,165.70,8.32,3.17,1,-1,-1,-1
721,421,250.67,20.47,9.36,4.58,1,-1,-1,-1
721,420,231.96,152.86,10.95,4.68,1,-1,-1,-1
721,418,348.53,167.30,7.60,2.95,1,-1,-1,-1
741,421,288.14,20.79,10.13,5.97,1,-1,-1,-1
741,420,214.52,157.79,12.52,7.56,1,-1,-1,-1
741,418,349.42,168.98,7.31,2.96,1,-1,-1,-1
761,421,294.36,31.40,10.81,4.97,1,-1,-1,-1
761,420,141.82,151.91,12.50,7.24,1,-1,-1,-1
761,418,349.61,169.76,8.83,4.42,1,-1,-1,-1
781,421,296.25,49.55,10.62,4.92,1,-1,-1,-1
781,420,23.26,144.97,13.96,6.61,1,-1,-1,-1
781,418,350.33,169.61,8.98,3.25,1,-1,-1,-1
801,421,296.61,71.83,9.74,5.40,1,-1,-1,-1
801,418,352.46,165.93,8.30,3.05,1,-1,-1,-1
821,421,296.72,88.03,9.39,3.88,1,-1,-1,-1
821,418,356.34,159.62,8.96,3.69,1,-1,-1,-1
841,421,296.57,95.20,9.30,5.26,1,-1,-1,-1
841,418,358.67,156.81,9.25,3.48,1,-1,-1,-1
861,421,296.87,108.57,8.35,4.24,1,-1,-1,-1
861,418,361.18,155.62,7.69,3.60,1,-1,-1,-1
881,421,297.35,107.65,8.19,4.46,1,-1,-1,-1
881,418,363.52,152.90,8.20,4.03,1,-1,-1,-1
901,421,328.82,107.04,10.35,3.73,1,-1,-1,-1
901,418,365.69,152.57,8.12,3.34,1,-1,-1,-1
921,421,357.72,105.33,9.40,4.98,1,-1,-1,-1
921,418,366.59,157.60,8.46,4.10,1,-1,-1,-1
941,421,336.26,103.69,8.81,4.79,1,-1,-1,-1
941,418,366.72,164.92,8.60,3.68,1,-1,-1,-1
961,421,283.97,97.42,7.91,5.82,1,-1,-1,-1
961,418,365.58,165.92,9.10,3.23,1,-1,-1,-1
981,421,305.97,99.23,8.70,2.88,1,-1,-1,-1
981,418,363.90,165.82,7.94,2.91,1,-1,-1,-1
1001,421,328.34,97.69,8.26,5.04,1,-1,-1,-1
1001,418,360.69,165.03,9.78,3.15,1,-1,-1,-1
1021,421,315.99,97.11,9.68,4.16,1,-1,-1,-1
1021,418,358.37,164.12,8.65,3.37,1,-1,-1,-1
1041,421,316.26,96.93,9.88,4.38,1,-1,-1,-1
1041,418,352.41,164.08,9.05,3.14,1,-1,-1,-1
1061,421,318.60,97.11,8.57,4.79,1,-1,-1,-1
1061,418,346.33,163.12,9.10,3.71,1,-1,-1,-1
1081,421,317.42,99.27,10.13,3.75,1,-1,-1,-1
1081,418,338.70,163.44,9.22,3.46,1,-1,-1,-1
1101,421,318.25,100.53,11.06,4.30,1,-1,-1,-1
1101,418,327.71,163.90,9.41,3.09,1,-1,-1,-1
1121,421,319.46,101.00,9.49,4.86,1,-1,-1,-1
1121,418,315.68,163.03,9.45,3.70,1,-1,-1,-1
1141,421,318.62,101.85,9.22,4.00,1,-1,-1,-1
1141,418,301.51,163.85,8.85,3.39,1,-1,-1,-1
1161,422,443.56,20.97,10.86,6.11,1,-1,-1,-1
1161,421,319.69,103.19,8.77,3.23,1,-1,-1,-1
1161,418,286.01,169.10,8.79,3.97,1,-1,-1,-1
1181,422,441.45,96.87,13.12,6.37,1,-1,-1,-1
1181,421,315.58,103.79,7.76,5.08,1,-1,-1,-1
1181,418,270.91,169.69,8.84,3.61,1,-1,-1,-1
1201,422,437.95,132.66,13.47,7.38,1,-1,-1,-1
1201,421,267.45,100.71,9.53,6.93,1,-1,-1,-1
1201,418,255.70,169.53,9.26,3.69,1,-1,-1,-1
1221,422,425.52,154.83,11.42,7.41,1,-1,-1,-1
1221,421,252.57,103.96,10.52,3.25,1,-1,-1,-1
1221,418,244.19,168.31,9.11,3.55,1,-1,-1,-1
1241,422,410.74,182.72,9.26,2.65,1,-1,-1,-1
1241,421,255.72,103.90,9.61,3.22,1,-1,-1,-1
1241,418,233.08,164.72,9.41,4.09,1,-1,-1,-1
1261,422,400.20,201.09,11.04,4.42,1,-1,-1,-1
1261,421,257.11,103.99,9.97,4.01,1,-1,-1,-1
1261,418,225.21,161.73,9.20,3.14,1,-1,-1,-1
1281,421,257.77,104.91,10.64,4.44,1,-1,-1,-1
1281,418,220.81,159.96,9.90,3.59,1,-1,-1,-1
1301,421,263.66,107.52,10.44,3.64,1,-1,-1,-1
1301,418,222.63,158.53,8.23,3.47,1,-1,-1,-1
1321,421,265.70,108.04,10.50,4.72,1,-1,-1,-1
1321,418,225.92,156.58,11.34,4.52,1,-1,-1,-1
1341,422,426.41,229.02,4.91,2.87,1,-1,-1,-1
1341,421,288.37,110.99,9.78,3.17,1,-1,-1,-1
1341,418,237.80,155.94,10.62,3.45,1,-1,-1,-1
1361,422,426.14,228.93,5.70,3.09,1,-1,-1,-1
1361,421,306.01,111.23,9.79,3.79,1,-1,-1,-1
1361,418,253.88,155.12,10.32,3.24,1,-1,-1,-1
1381,422,425.90,228.98,5.58,3.03,1,-1,-1,-1
1381,421,308.88,111.19,9.61,3.81,1,-1,-1,-1
1381,418,272.63,155.26,8.49,3.18,1,-1,-1,-1
1401,421,309.20,110.69,9.59,3.56,1,-1,-1,-1
1401,418,292.05,155.88,10.28,3.25,1,-1,-1,-1
1421,421,308.68,104.57,10.01,4.62,1,-1,-1,-1
1421,418,313.34,157.12,10.25,3.40,1,-1,-1,-1
1441,423,252.19,203.97,6.69,3.13,1,-1,-1,-1
1441,421,309.35,100.74,10.12,4.70,1,-1,-1,-1
1441,418,332.47,157.87,10.53,3.98,1,-1,-1,-1
1461,423,225.47,232.77,7.67,3.49,1,-1,-1,-1
1461,421,309.25,97.39,10.02,5.32,1,-1,-1,-1
1461,418,349.75,158.94,11.51,3.30,1,-1,-1,-1
1481,423,199.75,224.16,7.78,2.73,1,-1,-1,-1
1481,421,309.56,96.28,9.59,4.38,1,-1,-1,-1
1481,418,365.05,159.09,10.78,3.51,1,-1,-1,-1
1501,423,178.36,172.01,7.63,3.05,1,-1,-1,-1
1501,421,310.10,94.69,9.40,3.86,1,-1,-1,-1
1501,418,380.16,157.76,9.91,3.81,1,-1,-1,-1
1521,423,161.53,104.27,7.23,3.32,1,-1,-1,-1
1521,421,309.71,91.92,10.88,4.05,1,-1,-1,-1
1521,418,393.01,157.66,9.95,4.11,1,-1,-1,-1
1541,423,143.94,43.29,7.71,3.69,1,-1,-1,-1
1541,421,309.87,88.94,10.73,4.10,1,-1,-1,-1
1541,418,398.38,157.94,10.12,3.86,1,-1,-1,-1
1561,423,132.92,16.47,8.06,4.74,1,-1,-1,-1
1561,421,309.46,88.89,10.21,3.34,1,-1,-1,-1
1561,418,395.09,158.89,9.61,3.94,1,-1,-1,-1
1581,423,133.25,19.91,8.16,4.34,1,-1,-1,-1
1581,421,309.43,87.25,9.74,4.25,1,-1,-1,-1
1581,418,375.00,158.76,9.28,3.33,1,-1,-1,-1
1601,423,133.63,41.20,9.06,4.35,1,-1,-1,-1
1601,421,309.78,87.06,10.49,4.31,1,-1,-1,-1
1601,418,346.05,157.72,11.16,4.10,1,-1,-1,-1
1621,423,132.35,72.32,8.78,4.13,1,-1,-1,-1
1621,421,310.23,89.12,9.96,4.53,1,-1,-1,-1
1621,418,312.23,156.95,9.37,3.83,1,-1,-1,-1
1641,423,130.01,108.89,7.63,4.26,1,-1,-1,-1
1641,421,310.00,91.09,9.33,4.05,1,-1,-1,-1
1641,418,273.66,156.70,11.50,3.51,1,-1,-1,-1
1661,423,129.91,120.38,7.76,3.57,1,-1,-1,-1
1661,421,310.66,92.17,10.31,4.83,1,-1,-1,-1
1661,418,255.66,157.15,9.46,3.76,1,-1,-1,-1
1681,423,132.45,120.24,8.89,4.77,1,-1,-1,-1
1681,421,310.52,93.90,10.69,4.46,1,-1,-1,-1
1681,418,254.22,157.14,9.67,3.13,1,-1,-1,-1
1701,423,154.27,121.05,7.42,3.94,1,-1,-1,-1
1701,421,309.44,95.53,9.95,3.52,1,-1,-1,-1
1701,418,256.67,156.07,10.20,3.41,1,-1,-1,-1
1721,423,185.95,121.57,8.50,4.24,1,-1,-1,-1
1721,421,310.46,95.80,9.75,4.15,1,-1,-1,-1
1721,418,263.55,155.40,8.86,3.60,1,-1,-1,-1
1741,423,212.24,122.12,7.84,3.43,1,-1,-1,-1
1741,421,311.34,95.42,7.65,3.95,1,-1,-1,-1
1741,418,275.43,155.39,10.37,3.61,1,-1,-1,-1
1761,423,217.31,126.55,7.47,3.56,1,-1,-1,-1
1761,421,310.09,94.60,10.60,4.58,1,-1,-1,-1
1761,418,284.55,156.65,10.71,3.29,1,-1,-1,-1
1781,423,217.03,134.98,7.71,3.26,1,-1,-1,-1
1781,421,311.43,94.47,7.71,4.37,1,-1,-1,-1
1781,418,289.69,155.90,11.04,3.95,1,-1,-1,-1
1801,423,217.25,149.09,6.56,3.08,1,-1,-1,-1
1801,421,310.68,95.14,9.02,4.73,1,-1,-1,-1
1801,418,297.45,152.82,8.68,4.18,1,-1,-1,-1
1821,423,217.54,175.16,7.00,2.45,1,-1,-1,-1
1821,421,312.31,97.05,6.99,4.74,1,-1,-1,-1
1821,418,306.68,150.80,9.43,3.47,1,-1,-1,-1
1841,423,218.47,178.41,7.59,3.64,1,-1,-1,-1
1841,421,310.93,98.88,9.99,4.21,1,-1,-1,-1
1841,418,318.07,149.81,11.36,4.27,1,-1,-1,-1
1861,423,240.35,178.96,6.69,3.06,1,-1,-1,-1
1861,421,309.32,100.08,9.85,4.77,1,-1,-1,-1
1861,418,330.31,150.74,10.23,3.47,1,-1,-1,-1
1881,423,264.27,179.74,6.59,3.09,1,-1,-1,-1
1881,421,309.65,100.98,8.84,4.97,1,-1,-1,-1
1881,418,343.60,151.82,10.50,3.42,1,-1,-1,-1
1901,423,268.52,179.46,6.38,2.70,1,-1,-1,-1
1901,421,307.75,101.00,11.18,5.02,1,-1,-1,-1
1901,418,360.02,152.38,9.76,3.63,1,-1,-1,-1
1921,423,267.39,179.10,7.35,3.09,1,-1,-1,-1
1921,421,307.61,100.87,11.28,5.05,1,-1,-1,-1
1921,418,376.23,153.93,9.77,4.06,1,-1,-1,-1
1941,423,268.42,169.50,7.04,2.60,1,-1,-1,-1
1941,421,308.37,102.18,10.25,4.49,1,-1,-1,-1
1941,418,390.85,157.69,11.40,4.07,1,-1,-1,-1
1961,423,268.49,163.98,6.99,3.10,1,-1,-1,-1
1961,421,307.63,104.82,10.77,4.47,1,-1,-1,-1
1961,418,405.12,164.83,11.05,3.57,1,-1,-1,-1
1981,423,269.74,142.11,6.44,4.41,1,-1,-1,-1
1981,421,309.58,107.30,10.25,3.52,1,-1,-1,-1
1981,418,410.34,175.11,10.07,3.62,1,-1,-1,-1
2001,423,269.49,118.04,7.65,3.31,1,-1,-1,-1
2001,421,309.30,108.04,10.42,3.90,1,-1,-1,-1
2001,418,409.90,184.02,10.19,3.57,1,-1,-1,-1
2021,423,270.29,95.47,6.62,3.10,1,-1,-1,-1
2021,421,309.80,109.06,9.64,4.54,1,-1,-1,-1
2021,418,404.69,185.76,10.14,3.98,1,-1,-1,-1
2041,423,282.92,84.12,7.27,5.92,1,-1,-1,-1
2041,421,311.58,111.18,8.56,4.09,1,-1,-1,-1
2041,418,384.19,185.87,9.67,3.18,1,-1,-1,-1
2061,423,333.70,80.02,7.45,3.87,1,-1,-1,-1
2061,421,308.70,113.13,9.55,5.26,1,-1,-1,-1
2061,418,355.90,185.27,12.27,4.57,1,-1,-1,-1
2081,423,415.89,78.99,6.57,3.10,1,-1,-1,-1
2081,421,264.18,109.00,9.95,5.52,1,-1,-1,-1
2081,418,324.58,184.96,10.33,3.79,1,-1,-1,-1
2101,423,488.96,104.56,7.62,5.39,1,-1,-1,-1
2101,421,255.97,109.81,10.14,4.24,1,-1,-1,-1
2101,418,292.30,184.62,9.20,3.13,1,-1,-1,-1
2121,423,528.02,147.40,7.36,4.42,1,-1,-1,-1
2121,421,258.57,108.20,10.29,4.77,1,-1,-1,-1
2121,418,270.56,184.34,10.75,3.48,1,-1,-1,-1
