1,997,394.10,54.11,9.81,4.78,1,-1,-1,-1
1,998,308.88,154.08,9.07,4.23,1,-1,-1,-1
1,999,73.50,9.15,7.34,4.71,1,-1,-1,-1
21,997,398.22,54.04,11.09,5.21,1,-1,-1,-1
21,998,307.97,157.67,10.54,4.28,1,-1,-1,-1
41,997,389.19,53.48,10.24,5.29,1,-1,-1,-1
41,998,314.71,160.84,9.48,3.74,1,-1,-1,-1
61,1000,156.44,12.01,8.04,4.76,1,-1,-1,-1
61,997,381.36,53.38,9.58,4.66,1,-1,-1,-1
61,998,323.28,165.08,9.65,3.21,1,-1,-1,-1
81,1000,161.18,46.66,7.96,3.38,1,-1,-1,-1
81,997,370.84,52.22,9.15,4.77,1,-1,-1,-1
81,998,332.66,168.31,8.18,3.42,1,-1,-1,-1
101,1000,157.77,96.03,7.65,3.29,1,-1,-1,-1
101,997,366.33,51.24,10.47,4.77,1,-1,-1,-1
101,998,341.37,171.64,8.46,3.39,1,-1,-1,-1
121,1000,155.56,145.87,7.31,3.80,1,-1,-1,-1
121,997,364.39,50.14,10.76,4.86,1,-1,-1,-1
121,998,349.70,171.98,8.77,3.25,1,-1,-1,-1
141,1000,161.87,155.93,7.24,3.68,1,-1,-1,-1
141,997,368.73,49.21,10.04,4.58,1,-1,-1,-1
141,998,356.57,168.32,9.08,3.53,1,-1,-1,-1
161,1000,192.69,155.44,7.28,3.83,1,-1,-1,-1
161,997,382.91,48.63,11.21,5.20,1,-1,-1,-1
161,998,366.67,167.23,7.37,2.81,1,-1,-1,-1
181,1000,244.73,128.74,8.46,3.36,1,-1,-1,-1
181,997,408.30,48.00,9.90,6.30,1,-1,-1,-1
181,998,374.27,164.43,8.42,3.42,1,-1,-1,-1
201,1000,275.61,68.22,7.13,5.25,1,-1,-1,-1
201,997,404.53,47.92,10.26,4.18,1,-1,-1,-1
201,998,384.22,162.18,7.76,3.82,1,-1,-1,-1
221,1000,281.84,11.83,6.98,4.13,1,-1,-1,-1
221,997,406.02,50.44,10.76,4.97,1,-1,-1,-1
221,998,388.46,160.88,9.65,3.53,1,-1,-1,-1
241,997,407.50,59.55,10.09,5.21,1,-1,-1,-1
241,998,394.70,158.84,8.52,3.07,1,-1,-1,-1
261,997,374.04,57.90,10.81,4.49,1,-1,-1,-1
261,998,401.37,155.37,9.56,3.63,1,-1,-1,-1
281,997,346.97,54.25,10.93,5.72,1,-1,-1,-1
281,998,409.01,151.57,8.34,3.29,1,-1,-1,-1
301,997,348.21,54.16,10.26,4.38,1,-1,-1,-1
301,998,417.41,146.28,9.68,3.72,1,-1,-1,-1
321,1001,279.48,71.06,6.92,3.30,1,-1,-1,-1
321,997,351.14,53.75,8.98,4.82,1,-1,-1,-1
321,998,417.46,144.79,9.15,3.32,1,-1,-1,-1
341,1001,277.51,121.65,8.31,4.34,1,-1,-1,-1
341,997,351.27,54.94,10.16,4.00,1,-1,-1,-1
341,998,405.00,147.99,9.21,2.99,1,-1,-1,-1
361,1001,271.41,164.46,6.62,4.37,1,-1,-1,-1
361,997,350.13,54.12,9.85,4.86,1,-1,-1,-1
361,998,377.97,143.67,11.30,3.30,1,-1,-1,-1
381,1001,230.85,171.23,7.03,3.65,1,-1,-1,-1
381,997,350.18,53.73,9.36,4.85,1,-1,-1,-1
381,998,349.45,141.27,9.85,4.95,1,-1,-1,-1
401,1001,164.79,169.84,6.96,4.23,1,-1,-1,-1
401,997,339.25,56.38,8.42,4.85,1,-1,-1,-1
401,998,311.88,140.29,10.08,4.33,1,-1,-1,-1
421,1001,81.39,167.57,8.57,3.52,1,-1,-1,-1
421,997,301.64,55.15,10.72,5.31,1,-1,-1,-1
421,998,271.57,136.66,10.20,4.60,1,-1,-1,-1
441,1001,20.77,176.51,7.53,5.18,1,-1,-1,-1
441,997,323.31,58.91,10.17,4.71,1,-1,-1,-1
441,998,251.92,136.17,11.34,3.94,1,-1,-1,-1
461,1001,9.56,177.80,9.40,3.46,1,-1,-1,-1
461,997,379.98,62.07,9.65,5.38,1,-1,-1,-1
461,998,254.86,139.21,11.41,3.79,1,-1,-1,-1
481,1001,13.61,144.34,8.39,3.70,1,-1,-1,-1
481,997,380.21,60.81,9.26,6.09,1,-1,-1,-1
481,998,256.90,151.76,11.10,3.43,1,-1,-1,-1
501,1001,23.71,135.43,7.51,4.16,1,-1,-1,-1
501,997,320.97,58.05,10.09,4.36,1,-1,-1,-1
501,998,255.86,159.48,10.09,3.97,1,-1,-1,-1
521,1001,61.61,135.56,8.25,4.14,1,-1,-1,-1
521,997,274.72,51.91,10.10,7.22,1,-1,-1,-1
521,998,256.13,164.93,10.41,3.83,1,-1,-1,-1
541,1001,121.97,135.69,7.57,3.76,1,-1,-1,-1
541,997,294.34,52.80,10.12,5.49,1,-1,-1,-1
541,998,256.49,164.42,10.75,3.36,1,-1,-1,-1
561,1001,200.23,135.65,6.25,3.37,1,-1,-1,-1
561,997,302.08,54.08,11.56,4.05,1,-1,-1,-1
561,998,256.44,160.65,10.88,3.99,1,-1,-1,-1
581,1001,256.99,133.83,6.76,5.91,1,-1,-1,-1
581,997,304.76,53.43,11.68,4.69,1,-1,-1,-1
581,998,256.15,155.71,11.25,4.28,1,-1,-1,-1
601,1001,279.53,135.40,6.56,3.42,1,-1,-1,-1
601,997,305.60,52.79,11.88,5.06,1,-1,-1,-1
601,998,257.95,150.83,12.05,4.41,1,-1,-1,-1
621,1001,308.14,135.75,7.48,3.48,1,-1,-1,-1
621,997,304.39,51.38,11.63,5.76,1,-1,-1,-1
621,998,261.54,146.59,12.45,4.11,1,-1,-1,-1
641,1001,358.58,136.61,7.39,3.50,1,-1,-1,-1
641,997,288.99,49.35,10.17,6.63,1,-1,-1,-1
641,998,267.76,142.26,12.82,4.92,1,-1,-1,-1
661,1001,418.23,137.94,7.51,3.62,1,-1,-1,-1
661,997,217.93,43.99,12.04,6.60,1,-1,-1,-1
661,998,273.28,140.50,13.13,4.48,1,-1,-1,-1
681,997,188.21,39.60,9.76,7.03,1,-1,-1,-1
681,998,279.81,137.14,14.16,4.83,1,-1,-1,-1
701,1001,492.87,193.46,9.27,3.60,1,-1,-1,-1
701,997,236.33,40.81,11.15,5.43,1,-1,-1,-1
701,998,285.32,132.27,13.83,4.70,1,-1,-1,-1
721,1001,494.99,172.41,9.39,4.21,1,-1,-1,-1
721,997,280.99,40.90,10.19,5.28,1,-1,-1,-1
721,998,290.20,126.17,13.68,5.76,1,-1,-1,-1
741,1001,496.58,152.38,11.82,4.53,1,-1,-1,-1
741,997,284.61,40.04,10.58,6.10,1,-1,-1,-1
741,998,292.79,125.36,14.03,5.11,1,-1,-1,-1
761,1001,497.08,151.38,11.54,4.53,1,-1,-1,-1
761,997,275.92,39.72,11.18,4.67,1,-1,-1,-1
761,998,292.76,130.86,14.01,4.21,1,-1,-1,-1
781,1001,496.74,151.47,11.44,4.19,1,-1,-1,-1
781,997,276.87,38.19,10.55,5.60,1,-1,-1,-1
781,998,293.19,135.23,13.35,4.71,1,-1,-1,-1
801,1001,494.34,151.77,9.39,3.68,1,-1,-1,-1
801,997,277.21,38.56,11.55,5.05,1,-1,-1,-1
801,998,292.58,143.17,13.91,4.63,1,-1,-1,-1
821,1001,488.34,151.33,8.88,3.79,1,-1,-1,-1
821,997,268.39,37.83,11.47,6.41,1,-1,-1,-1
821,998,291.94,153.80,15.17,4.67,1,-1,-1,-1
841,1001,473.18,151.27,7.13,3.21,1,-1,-1,-1
841,997,207.49,35.00,10.18,5.23,1,-1,-1,-1
841,998,293.31,160.56,14.17,4.68,1,-1,-1,-1
861,1001,450.36,150.74,7.80,3.42,1,-1,-1,-1
861,997,176.82,31.32,10.77,6.75,1,-1,-1,-1
861,998,297.10,163.92,14.49,5.08,1,-1,-1,-1
881,1001,425.12,149.44,9.36,4.31,1,-1,-1,-1
881,997,227.90,31.77,10.21,6.53,1,-1,-1,-1
881,998,306.72,168.35,13.63,4.71,1,-1,-1,-1
901,1001,402.62,150.00,7.60,3.26,1,-1,-1,-1
901,997,248.37,32.19,11.84,6.59,1,-1,-1,-1
901,998,317.81,172.25,13.69,4.33,1,-1,-1,-1
921,1001,381.50,149.09,7.68,4.23,1,-1,-1,-1
921,997,204.90,30.69,10.09,5.59,1,-1,-1,-1
921,998,327.83,174.06,15.56,4.61,1,-1,-1,-1
941,1001,374.54,149.47,7.36,4.02,1,-1,-1,-1
941,997,183.95,29.41,12.66,6.01,1,-1,-1,-1
941,998,338.44,175.96,16.22,4.55,1,-1,-1,-1
961,1001,375.67,149.95,7.65,3.09,1,-1,-1,-1
961,997,194.41,28.76,11.87,6.11,1,-1,-1,-1
961,998,348.42,175.38,14.92,4.65,1,-1,-1,-1
981,1001,375.78,150.45,7.04,3.48,1,-1,-1,-1
981,997,192.64,29.39,13.59,5.58,1,-1,-1,-1
981,998,357.65,176.39,14.03,4.62,1,-1,-1,-1
1001,1001,371.92,150.48,6.81,3.71,1,-1,-1,-1
1001,997,192.91,29.70,12.31,5.33,1,-1,-1,-1
1001,998,364.65,178.55,14.15,4.34,1,-1,-1,-1
1021,1001,360.45,150.77,6.90,3.34,1,-1,-1,-1
1021,997,192.05,29.62,13.30,5.52,1,-1,-1,-1
1021,998,368.99,180.82,15.07,4.23,1,-1,-1,-1
1041,1001,344.24,150.69,7.22,3.39,1,-1,-1,-1
1041,997,193.33,29.56,12.25,5.66,1,-1,-1,-1
1041,998,375.19,181.33,14.61,4.48,1,-1,-1,-1
1061,1001,324.28,159.13,6.50,3.21,1,-1,-1,-1
1061,997,205.00,29.77,12.22,5.43,1,-1,-1,-1
1061,998,381.28,178.10,14.53,4.74,1,-1,-1,-1
1081,1001,302.28,173.87,7.94,3.15,1,-1,-1,-1
1081,997,230.26,26.88,12.31,5.39,1,-1,-1,-1
1081,998,389.69,173.60,16.53,4.20,1,-1,-1,-1
1101,1001,277.31,187.41,7.89,2.90,1,-1,-1,-1
1101,998,396.52,168.78,13.42,4.34,1,-1,-1,-1
1121,1001,253.10,200.84,8.23,3.27,1,-1,-1,-1
1121,998,401.10,163.86,15.05,4.43,1,-1,-1,-1
1141,1001,229.02,212.94,7.20,3.52,1,-1,-1,-1
1141,998,401.11,161.59,13.04,5.36,1,-1,-1,-1
1161,1001,204.26,226.06,7.50,3.00,1,-1,-1,-1
1161,998,397.41,162.45,15.15,5.78,1,-1,-1,-1
1181,1002,229.09,15.92,12.09,7.11,1,-1,-1,-1
1181,1001,177.70,240.15,8.21,2.67,1,-1,-1,-1
1181,998,392.68,166.08,13.57,4.95,1,-1,-1,-1
1201,1002,195.04,11.93,11.23,7.33,1,-1,-1,-1
1201,1001,153.82,236.03,9.07,3.09,1,-1,-1,-1
1201,998,387.00,171.23,14.25,4.77,1,-1,-1,-1
1221,1002,224.89,10.11,14.37,7.45,1,-1,-1,-1
1221,1001,133.65,221.96,8.41,3.30,1,-1,-1,-1
1221,998,382.56,176.57,12.03,4.11,1,-1,-1,-1
1241,1002,235.88,9.52,12.20,6.27,1,-1,-1,-1
1241,1001,115.65,204.66,8.05,2.82,1,-1,-1,-1
1241,998,378.68,182.07,11.44,3.88,1,-1,-1,-1
1261,1002,261.06,9.21,12.28,7.21,1,-1,-1,-1
1261,1001,99.63,182.99,8.27,3.04,1,-1,-1,-1
1261,998,374.00,185.48,11.17,4.40,1,-1,-1,-1
1281,1002,266.05,8.01,11.32,6.69,1,-1,-1,-1
1281,1001,85.40,164.12,8.65,3.93,1,-1,-1,-1
1281,998,368.85,184.56,10.92,4.31,1,-1,-1,-1
1301,1002,249.49,6.18,12.93,5.65,1,-1,-1,-1
1301,1001,79.59,156.59,8.18,3.64,1,-1,-1,-1
1301,998,362.39,182.90,10.98,3.66,1,-1,-1,-1
1321,1002,244.34,3.41,12.68,6.32,1,-1,-1,-1
1321,1001,80.65,152.70,8.89,4.76,1,-1,-1,-1
1321,998,351.88,179.41,11.66,4.26,1,-1,-1,-1
1341,1002,234.48,0.88,12.97,6.98,1,-1,-1,-1
1341,1001,99.22,149.64,7.90,3.29,1,-1,-1,-1
1341,998,336.50,173.55,11.18,4.10,1,-1,-1,-1
1361,1002,237.02,0.61,13.12,6.81,1,-1,-1,-1
1361,1001,134.03,135.32,8.09,4.26,1,-1,-1,-1
1361,998,316.72,168.94,9.88,3.82,1,-1,-1,-1
1381,1002,240.05,1.79,12.38,5.77,1,-1,-1,-1
1381,1001,177.38,120.95,7.36,4.34,1,-1,-1,-1
1381,998,291.95,164.72,11.18,4.16,1,-1,-1,-1
1401,1002,241.99,3.16,11.58,5.65,1,-1,-1,-1
1401,1001,224.66,108.06,6.46,3.16,1,-1,-1,-1
1401,998,265.90,161.59,11.56,4.23,1,-1,-1,-1
1421,1002,240.36,1.24,12.86,6.42,1,-1,-1,-1
1421,1001,273.62,89.40,7.39,3.68,1,-1,-1,-1
1421,998,240.99,160.86,10.09,3.92,1,-1,-1,-1
1441,1002,249.27,1.00,12.19,6.92,1,-1,-1,-1
1441,1001,323.76,84.89,6.99,4.45,1,-1,-1,-1
1441,998,222.32,160.31,9.49,3.53,1,-1,-1,-1
1461,1002,223.42,0.10,10.81,6.31,1,-1,-1,-1
1461,1001,371.36,102.89,6.77,3.22,1,-1,-1,-1
1461,998,220.93,156.70,9.88,4.23,1,-1,-1,-1
1481,1002,172.12,-1.10,8.68,4.23,1,-1,-1,-1
1481,1001,415.54,126.12,6.65,3.48,1,-1,-1,-1
1481,998,222.19,153.15,11.18,5.00,1,-1,-1,-1
1501,1002,205.54,-1.44,12.02,4.09,1,-1,-1,-1
1501,1001,456.80,148.11,6.54,2.70,1,-1,-1,-1
1501,998,223.50,149.46,9.16,3.57,1,-1,-1,-1
1521,1002,249.85,-1.33,12.64,5.11,1,-1,-1,-1
1521,998,222.97,143.96,11.15,4.17,1,-1,-1,-1
1541,1002,236.92,-1.27,13.43,2.95,1,-1,-1,-1
1541,1001,527.75,171.97,7.93,3.12,1,-1,-1,-1
1541,998,222.10,140.95,11.73,4.58,1,-1,-1,-1
1561,1001,549.75,173.98,7.95,3.81,1,-1,-1,-1
1561,998,223.70,135.55,9.16,3.92,1,-1,-1,-1
1581,1002,284.04,-2.31,8.16,4.62,1,-1,-1,-1
1581,1001,552.67,176.29,7.12,3.31,1,-1,-1,-1
1581,998,223.42,126.54,10.42,4.55,1,-1,-1,-1
1601,1002,297.20,-1.93,9.06,3.87,1,-1,-1,-1
1601,1001,543.36,189.94,5.78,2.63,1,-1,-1,-1
1601,998,224.03,120.06,10.67,4.00,1,-1,-1,-1
1621,1001,528.12,190.99,5.64,2.33,1,-1,-1,-1
1621,998,224.23,114.13,11.15,4.37,1,-1,-1,-1
1641,1001,512.12,190.85,7.58,2.46,1,-1,-1,-1
1641,998,224.99,107.46,9.96,4.44,1,-1,-1,-1
1661,1001,509.15,190.35,5.58,2.83,1,-1,-1,-1
1661,998,225.19,100.79,9.73,3.88,1,-1,-1,-1
1681,1001,509.16,188.11,6.09,2.61,1,-1,-1,-1
1681,998,226.53,96.14,9.21,3.94,1,-1,-1,-1
1701,1003,288.23,13.03,14.16,5.79,1,-1,-1,-1
1701,1001,512.03,184.19,6.35,2.77,1,-1,-1,-1
1701,998,227.79,92.05,10.82,4.20,1,-1,-1,-1
1721,1003,289.44,72.98,12.96,5.55,1,-1,-1,-1
1721,1001,518.64,179.02,6.65,2.57,1,-1,-1,-1
1721,998,228.41,88.31,10.82,4.38,1,-1,-1,-1
1741,1003,285.39,108.94,14.00,4.86,1,-1,-1,-1
1741,1001,527.17,172.08,7.45,2.61,1,-1,-1,-1
1741,998,229.52,87.23,11.23,4.63,1,-1,-1,-1
1761,1003,281.41,138.86,13.10,7.33,1,-1,-1,-1
1761,1001,538.01,163.03,9.95,3.93,1,-1,-1,-1
1761,998,230.67,87.50,10.14,4.25,1,-1,-1,-1
1781,1003,222.78,138.26,12.21,5.65,1,-1,-1,-1
1781,1001,547.20,154.49,9.44,4.69,1,-1,-1,-1
1781,998,230.09,88.86,12.10,4.24,1,-1,-1,-1
1801,1003,156.35,135.77,13.28,5.31,1,-1,-1,-1
1801,1001,539.54,146.50,9.83,4.72,1,-1,-1,-1
1801,998,229.02,88.79,12.41,4.19,1,-1,-1,-1
1821,1003,148.90,148.89,13.91,4.51,1,-1,-1,-1
1821,1001,513.82,139.63,8.58,4.39,1,-1,-1,-1
1821,998,229.30,88.22,10.46,4.70,1,-1,-1,-1
1841,1003,151.24,147.87,13.80,5.14,1,-1,-1,-1
1841,1001,466.86,133.01,14.69,5.37,1,-1,-1,-1
1841,998,228.57,88.27,10.57,4.30,1,-1,-1,-1
1861,1003,161.16,146.45,13.72,6.88,1,-1,-1,-1
1861,1001,414.41,127.54,9.29,4.54,1,-1,-1,-1
1861,998,227.67,88.81,10.24,4.14,1,-1,-1,-1
1881,1003,229.20,146.20,11.86,7.19,1,-1,-1,-1
1881,1001,358.74,118.31,9.80,8.41,1,-1,-1,-1
1881,998,224.05,87.25,11.07,4.67,1,-1,-1,-1
1901,1003,241.70,144.31,13.06,7.79,1,-1,-1,-1
1901,1001,347.20,110.15,10.03,5.03,1,-1,-1,-1
1901,998,219.73,81.16,12.93,5.10,1,-1,-1,-1
1921,1003,179.98,139.49,14.35,7.80,1,-1,-1,-1
1921,1001,347.85,95.17,10.85,4.81,1,-1,-1,-1
1921,998,214.11,71.41,13.45,5.60,1,-1,-1,-1
1941,1003,183.84,139.26,14.11,6.96,1,-1,-1,-1
1941,1001,349.56,102.60,9.42,4.37,1,-1,-1,-1
1941,998,208.54,59.87,14.25,5.17,1,-1,-1,-1
1961,1003,220.87,139.82,14.10,6.13,1,-1,-1,-1
1961,1001,348.77,107.25,10.54,4.73,1,-1,-1,-1
1961,998,209.68,48.38,15.03,6.31,1,-1,-1,-1
1981,1003,211.74,140.20,13.95,5.04,1,-1,-1,-1
1981,1001,349.13,111.96,9.75,4.11,1,-1,-1,-1
1981,998,216.22,37.44,15.20,7.15,1,-1,-1,-1
2001,1003,194.78,139.69,13.39,5.23,1,-1,-1,-1
2001,1001,349.48,118.24,9.42,4.64,1,-1,-1,-1
2001,998,225.11,29.87,17.55,7.13,1,-1,-1,-1
2021,1003,158.80,137.93,15.76,6.00,1,-1,-1,-1
2021,1001,349.07,124.06,9.17,4.99,1,-1,-1,-1
2021,998,234.58,35.55,19.73,7.97,1,-1,-1,-1
2041,1003,153.65,138.18,14.22,5.64,1,-1,-1,-1
2041,1001,348.88,129.74,10.57,4.27,1,-1,-1,-1
2041,998,236.83,65.89,18.84,6.94,1,-1,-1,-1
2061,1003,132.58,137.73,17.25,5.62,1,-1,-1,-1
2061,1001,348.39,135.09,9.61,4.07,1,-1,-1,-1
2061,998,245.36,102.47,17.31,7.05,1,-1,-1,-1
2081,1003,104.30,119.32,17.14,4.55,1,-1,-1,-1
2081,1001,348.36,138.96,9.50,3.98,1,-1,-1,-1
2081,998,255.10,129.94,18.30,5.69,1,-1,-1,-1
2101,1003,106.38,71.73,18.78,5.89,1,-1,-1,-1
2101,1001,347.35,142.05,9.94,4.16,1,-1,-1,-1
2101,998,272.76,149.34,17.09,5.84,1,-1,-1,-1
2121,1003,113.15,48.53,14.49,7.21,1,-1,-1,-1
2121,1001,346.40,144.08,9.60,5.15,1,-1,-1,-1
2121,998,294.07,160.97,17.41,5.91,1,-1,-1,-1
