1,463,207.92,187.29,6.72,2.94,1,-1,-1,-1
1,464,164.49,0.15,15.00,3.98,1,-1,-1,-1
21,463,209.11,189.06,6.62,3.14,1,-1,-1,-1
41,463,210.87,189.93,6.80,2.10,1,-1,-1,-1
61,463,212.41,190.30,6.53,2.81,1,-1,-1,-1
81,465,211.86,20.66,13.61,5.91,1,-1,-1,-1
81,463,212.67,198.10,6.89,2.47,1,-1,-1,-1
101,465,209.02,39.33,13.59,7.47,1,-1,-1,-1
101,463,212.36,189.42,6.81,2.77,1,-1,-1,-1
121,465,149.51,36.49,15.79,6.37,1,-1,-1,-1
121,463,213.65,181.29,7.24,4.00,1,-1,-1,-1
141,465,108.38,32.56,12.38,8.92,1,-1,-1,-1
141,463,235.37,181.72,6.62,4.54,1,-1,-1,-1
161,465,124.45,32.92,14.35,4.73,1,-1,-1,-1
161,463,283.54,174.11,6.32,3.12,1,-1,-1,-1
181,465,116.79,2.90,19.89,11.33,1,-1,-1,-1
181,463,345.79,151.18,7.17,3.05,1,-1,-1,-1
201,465,107.47,42.26,20.10,7.49,1,-1,-1,-1
201,463,401.46,123.27,6.31,2.89,1,-1,-1,-1
221,465,99.40,106.01,17.22,6.49,1,-1,-1,-1
221,463,447.45,97.12,6.80,5.56,1,-1,-1,-1
241,465,61.01,68.46,25.24,13.08,1,-1,-1,-1
241,463,473.23,110.36,7.46,4.79,1,-1,-1,-1
261,465,38.02,65.50,27.49,11.06,1,-1,-1,-1
261,463,480.30,133.24,7.53,3.97,1,-1,-1,-1
281,465,26.44,125.25,29.91,7.39,1,-1,-1,-1
301,465,59.64,127.40,25.54,9.85,1,-1,-1,-1
301,463,479.72,178.03,10.14,3.97,1,-1,-1,-1
321,465,138.40,128.91,26.17,10.58,1,-1,-1,-1
341,465,160.21,125.15,25.57,6.54,1,-1,-1,-1
361,465,148.92,91.91,35.14,15.21,1,-1,-1,-1
361,463,439.58,187.71,10.40,3.95,1,-1,-1,-1
381,465,135.14,76.91,36.13,12.64,1,-1,-1,-1
381,463,400.58,165.77,6.55,3.19,1,-1,-1,-1
401,465,53.70,66.80,40.19,19.23,1,-1,-1,-1
401,463,354.91,142.64,6.99,3.44,1,-1,-1,-1
421,463,310.49,153.24,6.66,4.00,1,-1,-1,-1
441,463,262.27,189.17,6.46,2.90,1,-1,-1,-1
461,466,136.55,66.21,36.38,12.35,1,-1,-1,-1
461,463,219.53,204.74,7.35,3.49,1,-1,-1,-1
481,466,276.71,65.04,31.46,15.98,1,-1,-1,-1
481,463,180.77,181.17,6.87,2.98,1,-1,-1,-1
501,466,427.89,62.37,33.44,18.80,1,-1,-1,-1
501,463,150.15,148.74,7.68,3.19,1,-1,-1,-1
521,466,364.40,50.89,31.28,22.26,1,-1,-1,-1
521,463,124.67,128.99,8.17,3.09,1,-1,-1,-1
541,466,187.25,37.22,33.13,25.12,1,-1,-1,-1
541,463,101.31,149.76,7.75,3.82,1,-1,-1,-1
561,466,250.98,38.28,30.51,23.08,1,-1,-1,-1
561,463,78.84,189.06,8.92,3.09,1,-1,-1,-1
581,466,493.70,49.26,32.48,23.62,1,-1,-1,-1
581,463,65.26,195.85,8.19,3.51,1,-1,-1,-1
601,466,585.65,51.27,42.30,12.80,1,-1,-1,-1
601,463,53.61,187.52,7.49,3.37,1,-1,-1,-1
621,463,51.83,182.84,8.35,3.77,1,-1,-1,-1
641,463,74.39,180.06,7.69,3.47,1,-1,-1,-1
661,467,487.08,41.77,25.24,12.42,1,-1,-1,-1
661,463,113.86,175.96,8.31,3.57,1,-1,-1,-1
681,467,434.39,22.20,17.37,9.84,1,-1,-1,-1
681,463,165.53,172.12,6.70,3.03,1,-1,-1,-1
701,467,403.88,16.34,12.25,6.95,1,-1,-1,-1
701,463,220.06,160.21,7.81,2.99,1,-1,-1,-1
721,467,384.03,20.55,6.41,4.28,1,-1,-1,-1
721,463,270.58,147.94,6.97,4.03,1,-1,-1,-1
741,467,372.46,28.73,6.45,2.99,1,-1,-1,-1
741,463,290.15,154.20,6.69,4.09,1,-1,-1,-1
761,463,293.93,167.86,6.14,3.39,1,-1,-1,-1
781,463,292.92,185.73,7.12,3.62,1,-1,-1,-1
801,467,303.60,55.76,6.69,2.91,1,-1,-1,-1
801,463,297.59,187.59,6.49,3.83,1,-1,-1,-1
821,467,293.85,53.87,5.71,3.34,1,-1,-1,-1
821,463,324.80,184.14,6.30,2.94,1,-1,-1,-1
841,467,251.34,52.00,4.29,3.04,1,-1,-1,-1
841,463,365.56,167.85,7.97,3.15,1,-1,-1,-1
861,467,217.41,49.55,5.51,3.97,1,-1,-1,-1
861,463,414.35,148.34,6.46,3.64,1,-1,-1,-1
881,467,215.13,51.20,5.10,2.85,1,-1,-1,-1
881,463,465.13,156.03,7.66,3.17,1,-1,-1,-1
901,467,217.70,52.26,5.25,2.47,1,-1,-1,-1
901,463,505.46,188.83,6.12,3.38,1,-1,-1,-1
921,467,216.78,52.65,6.35,3.38,1,-1,-1,-1
921,463,511.47,199.12,8.40,3.02,1,-1,-1,-1
941,467,216.33,53.78,5.99,3.01,1,-1,-1,-1
941,463,512.97,184.12,6.77,2.77,1,-1,-1,-1
961,467,214.93,50.00,4.84,2.52,1,-1,-1,-1
961,463,513.51,170.40,5.31,2.89,1,-1,-1,-1
981,467,209.38,39.81,6.05,3.01,1,-1,-1,-1
981,463,509.10,167.24,8.22,3.46,1,-1,-1,-1
1001,467,203.13,23.71,7.89,4.85,1,-1,-1,-1
1001,463,498.14,166.81,8.32,3.98,1,-1,-1,-1
1021,467,201.72,19.16,6.94,3.10,1,-1,-1,-1
1041,467,199.68,11.99,7.40,3.56,1,-1,-1,-1
1041,463,447.36,156.25,6.65,3.24,1,-1,-1,-1
1061,467,196.23,-1.00,6.84,3.48,1,-1,-1,-1
1061,463,433.55,137.00,6.51,3.94,1,-1,-1,-1
1081,467,192.18,-5.90,10.38,12.05,1,-1,-1,-1
1081,463,432.24,139.60,6.38,2.74,1,-1,-1,-1
1101,467,192.50,34.71,6.20,3.47,1,-1,-1,-1
1101,463,432.90,151.15,8.12,3.81,1,-1,-1,-1
1121,467,184.62,35.03,9.60,3.70,1,-1,-1,-1
1121,463,431.08,168.04,9.62,4.61,1,-1,-1,-1
1141,467,174.41,16.12,11.21,5.77,1,-1,-1,-1
1141,463,419.90,173.57,7.07,4.03,1,-1,-1,-1
1161,467,171.87,24.30,11.52,5.88,1,-1,-1,-1
1161,463,387.98,181.53,5.64,4.39,1,-1,-1,-1
1181,467,170.77,31.94,11.46,4.37,1,-1,-1,-1
1201,467,165.66,31.65,11.26,5.78,1,-1,-1,-1
1221,467,142.03,31.49,10.75,4.42,1,-1,-1,-1
1241,467,143.95,29.54,11.01,7.01,1,-1,-1,-1
1261,468,371.67,190.33,6.98,3.46,1,-1,-1,-1
1261,467,177.47,32.43,10.94,5.24,1,-1,-1,-1
1281,468,371.94,180.22,6.61,3.05,1,-1,-1,-1
1281,467,173.80,29.47,10.36,5.50,1,-1,-1,-1
1301,468,372.70,164.06,6.21,2.29,1,-1,-1,-1
1301,467,173.09,29.20,10.97,5.25,1,-1,-1,-1
1321,468,371.98,148.89,7.24,3.31,1,-1,-1,-1
1321,467,173.73,29.06,12.39,5.14,1,-1,-1,-1
1341,468,362.46,148.35,6.39,3.49,1,-1,-1,-1
1341,467,176.28,28.50,9.71,4.73,1,-1,-1,-1
1361,468,333.03,146.77,6.94,3.42,1,-1,-1,-1
1361,467,175.03,26.02,11.68,5.22,1,-1,-1,-1
1381,468,302.00,156.16,5.98,4.86,1,-1,-1,-1
1381,467,176.26,25.65,10.46,4.49,1,-1,-1,-1
1401,468,293.41,179.93,6.31,2.69,1,-1,-1,-1
1401,467,175.86,24.29,9.15,4.43,1,-1,-1,-1
1421,468,294.20,186.83,7.69,2.53,1,-1,-1,-1
1421,467,175.74,20.98,9.48,3.99,1,-1,-1,-1
1441,468,294.94,176.12,6.59,2.24,1,-1,-1,-1
1441,467,169.94,8.94,10.87,6.21,1,-1,-1,-1
1461,468,294.22,167.48,6.95,3.30,1,-1,-1,-1
1461,467,165.39,39.45,11.20,4.33,1,-1,-1,-1
1481,468,276.79,165.77,6.47,3.47,1,-1,-1,-1
1481,467,160.45,35.08,10.83,3.96,1,-1,-1,-1
1501,468,253.35,162.12,6.67,3.92,1,-1,-1,-1
1501,467,143.75,2.11,14.72,10.96,1,-1,-1,-1
1521,468,250.42,167.17,6.80,2.52,1,-1,-1,-1
1521,467,136.47,38.27,13.51,7.60,1,-1,-1,-1
1541,468,251.99,174.18,6.06,2.88,1,-1,-1,-1
1541,467,128.98,45.66,13.60,4.87,1,-1,-1,-1
1561,468,251.34,185.86,6.52,2.92,1,-1,-1,-1
1561,467,109.82,16.46,17.80,8.60,1,-1,-1,-1
1581,468,250.23,201.88,6.92,3.16,1,-1,-1,-1
1581,467,124.63,12.79,18.56,6.87,1,-1,-1,-1
1601,468,249.13,212.41,6.94,2.58,1,-1,-1,-1
1601,467,135.81,9.38,14.69,5.34,1,-1,-1,-1
1621,468,249.15,221.10,6.88,2.25,1,-1,-1,-1
1641,468,249.46,227.84,7.23,2.63,1,-1,-1,-1
1661,469,117.04,18.02,21.19,7.39,1,-1,-1,-1
1661,468,247.10,227.38,6.88,2.95,1,-1,-1,-1
1681,468,235.75,226.74,6.20,2.48,1,-1,-1,-1
1701,468,227.42,226.02,7.97,3.14,1,-1,-1,-1
1721,468,221.60,225.22,7.41,3.04,1,-1,-1,-1
1741,468,221.79,222.00,7.72,2.17,1,-1,-1,-1
1761,468,223.57,217.93,6.77,2.59,1,-1,-1,-1
1801,468,224.35,198.08,6.54,3.55,1,-1,-1,-1
1821,468,222.21,192.81,6.76,2.33,1,-1,-1,-1
1841,468,221.11,181.94,6.78,3.37,1,-1,-1,-1
1861,470,191.79,0.83,17.24,11.47,1,-1,-1,-1
1861,468,220.58,172.84,6.82,3.10,1,-1,-1,-1
1881,470,340.62,11.07,18.26,11.60,1,-1,-1,-1
1881,468,221.50,164.06,7.26,3.19,1,-1,-1,-1
1901,470,417.36,63.38,17.19,9.45,1,-1,-1,-1
1901,468,225.49,161.38,7.31,4.73,1,-1,-1,-1
1921,470,408.62,97.71,17.61,6.05,1,-1,-1,-1
1921,468,251.49,160.89,6.48,2.79,1,-1,-1,-1
1941,470,341.34,91.89,20.59,7.17,1,-1,-1,-1
1941,468,291.23,152.46,6.37,3.07,1,-1,-1,-1
1961,470,260.70,81.90,18.41,9.29,1,-1,-1,-1
1961,468,312.88,144.09,6.12,3.36,1,-1,-1,-1
1981,470,223.88,76.18,18.72,8.59,1,-1,-1,-1
1981,468,315.82,135.31,6.71,2.95,1,-1,-1,-1
2001,470,210.64,73.05,19.58,11.78,1,-1,-1,-1
2001,468,315.70,125.00,6.29,3.13,1,-1,-1,-1
2021,470,117.05,67.53,20.68,10.83,1,-1,-1,-1
2021,468,316.76,115.56,6.66,3.08,1,-1,-1,-1
2041,470,90.46,62.46,20.10,11.59,1,-1,-1,-1
2041,468,316.42,109.02,6.71,2.99,1,-1,-1,-1
2061,470,131.98,63.92,18.15,8.49,1,-1,-1,-1
2061,468,316.53,111.21,6.27,2.98,1,-1,-1,-1
2081,470,164.24,65.26,21.28,6.55,1,-1,-1,-1
2081,468,315.95,124.92,6.24,3.11,1,-1,-1,-1
2101,470,158.90,62.32,21.46,7.80,1,-1,-1,-1
2101,468,314.51,131.97,6.29,3.09,1,-1,-1,-1
2121,470,129.72,60.16,22.47,7.67,1,-1,-1,-1
2121,468,314.88,136.77,6.30,3.71,1,-1,-1,-1
2141,470,136.02,55.73,19.56,7.65,1,-1,-1,-1
2141,468,314.00,142.91,7.56,3.50,1,-1,-1,-1
2161,470,140.35,18.02,23.37,8.78,1,-1,-1,-1
2161,468,314.68,148.49,5.29,3.16,1,-1,-1,-1
2181,470,141.19,38.90,20.98,7.74,1,-1,-1,-1
2181,468,313.49,155.03,7.49,3.37,1,-1,-1,-1
2201,470,139.33,43.54,22.14,7.70,1,-1,-1,-1
2201,468,313.42,168.06,6.64,2.96,1,-1,-1,-1
2221,470,140.82,38.42,22.29,8.98,1,-1,-1,-1
2221,468,312.33,169.87,6.99,3.36,1,-1,-1,-1
2241,470,144.91,35.33,20.02,8.01,1,-1,-1,-1
2241,468,312.28,170.30,6.49,2.88,1,-1,-1,-1
