1,137,166.13,134.62,12.67,4.45,1,-1,-1,-1
1,138,383.54,152.93,6.44,3.00,1,-1,-1,-1
21,137,191.73,137.15,10.91,4.97,1,-1,-1,-1
21,138,411.66,154.02,7.12,3.28,1,-1,-1,-1
41,137,223.61,139.43,11.09,5.38,1,-1,-1,-1
41,138,444.71,155.22,7.37,3.07,1,-1,-1,-1
61,137,193.56,137.80,12.84,5.28,1,-1,-1,-1
61,138,465.47,155.65,6.45,3.35,1,-1,-1,-1
81,137,159.67,137.11,10.46,5.87,1,-1,-1,-1
81,138,467.28,148.09,8.62,3.40,1,-1,-1,-1
101,137,206.96,141.22,12.16,5.34,1,-1,-1,-1
101,138,467.93,141.63,6.86,3.78,1,-1,-1,-1
121,137,262.12,144.25,9.70,6.08,1,-1,-1,-1
121,138,467.05,137.28,6.87,3.57,1,-1,-1,-1
141,137,237.91,143.19,12.00,5.15,1,-1,-1,-1
141,138,465.48,135.98,8.42,3.20,1,-1,-1,-1
161,137,221.75,143.01,12.86,4.05,1,-1,-1,-1
161,138,465.45,136.32,5.83,2.71,1,-1,-1,-1
181,137,223.15,143.17,13.26,3.88,1,-1,-1,-1
181,138,464.84,132.70,7.74,3.54,1,-1,-1,-1
201,137,225.13,143.66,13.00,4.12,1,-1,-1,-1
201,138,465.10,128.15,7.16,3.14,1,-1,-1,-1
221,137,225.59,144.05,13.14,3.76,1,-1,-1,-1
221,138,465.71,123.88,6.67,3.58,1,-1,-1,-1
241,137,226.58,143.57,12.10,4.31,1,-1,-1,-1
241,138,465.62,121.75,7.53,3.52,1,-1,-1,-1
261,137,225.85,144.41,12.04,4.70,1,-1,-1,-1
261,138,465.30,118.02,7.39,3.40,1,-1,-1,-1
281,137,225.90,143.36,12.24,4.48,1,-1,-1,-1
281,138,465.60,113.64,7.34,3.68,1,-1,-1,-1
301,137,227.74,144.35,10.25,3.54,1,-1,-1,-1
301,138,465.88,110.93,6.89,3.27,1,-1,-1,-1
321,137,228.15,143.29,11.37,3.91,1,-1,-1,-1
321,138,466.32,108.24,7.06,3.85,1,-1,-1,-1
341,137,228.00,142.12,12.17,4.90,1,-1,-1,-1
341,138,465.51,107.02,7.60,3.27,1,-1,-1,-1
361,137,227.98,141.18,12.03,4.67,1,-1,-1,-1
361,138,462.47,106.16,7.52,3.75,1,-1,-1,-1
381,137,229.86,141.70,10.52,4.30,1,-1,-1,-1
381,138,451.92,105.49,7.84,4.21,1,-1,-1,-1
401,137,228.03,143.94,12.57,4.26,1,-1,-1,-1
401,138,438.96,104.76,7.23,3.42,1,-1,-1,-1
421,137,227.37,146.23,11.86,4.72,1,-1,-1,-1
421,138,424.32,103.67,7.28,3.83,1,-1,-1,-1
441,137,226.19,147.52,12.88,4.33,1,-1,-1,-1
441,138,408.00,103.00,6.48,3.56,1,-1,-1,-1
461,137,227.41,145.99,11.52,4.26,1,-1,-1,-1
461,138,393.43,102.47,6.00,3.80,1,-1,-1,-1
481,137,225.38,144.00,13.01,3.98,1,-1,-1,-1
481,138,390.39,102.44,6.61,3.70,1,-1,-1,-1
501,137,228.43,141.20,11.22,4.57,1,-1,-1,-1
501,138,391.65,102.86,6.02,3.27,1,-1,-1,-1
521,137,228.24,138.99,12.52,3.90,1,-1,-1,-1
521,138,392.56,103.11,6.76,3.02,1,-1,-1,-1
541,137,228.49,137.31,12.20,4.61,1,-1,-1,-1
541,138,391.10,102.59,6.65,3.52,1,-1,-1,-1
561,137,229.90,137.43,11.38,3.93,1,-1,-1,-1
561,138,383.79,101.85,4.92,3.36,1,-1,-1,-1
581,137,228.99,138.37,12.74,4.22,1,-1,-1,-1
581,138,371.88,101.51,5.92,2.96,1,-1,-1,-1
601,137,229.50,140.34,11.84,4.49,1,-1,-1,-1
601,138,358.77,100.96,6.49,2.87,1,-1,-1,-1
621,137,228.24,142.04,10.67,4.11,1,-1,-1,-1
621,138,344.31,99.87,6.07,3.09,1,-1,-1,-1
641,137,218.22,143.25,10.27,7.03,1,-1,-1,-1
641,138,331.21,101.06,7.19,4.07,1,-1,-1,-1
661,137,148.03,143.30,13.75,5.58,1,-1,-1,-1
661,138,328.39,125.94,6.63,3.31,1,-1,-1,-1
681,137,88.38,138.17,13.37,7.04,1,-1,-1,-1
681,138,329.89,131.93,6.79,3.16,1,-1,-1,-1
701,137,130.61,142.65,13.03,4.23,1,-1,-1,-1
701,138,325.85,130.37,6.46,4.00,1,-1,-1,-1
721,137,181.70,144.21,12.57,5.03,1,-1,-1,-1
721,138,308.16,129.72,6.63,3.39,1,-1,-1,-1
741,137,191.01,145.33,12.03,4.52,1,-1,-1,-1
741,138,280.81,128.03,6.51,3.14,1,-1,-1,-1
761,137,192.83,154.30,12.98,4.45,1,-1,-1,-1
761,138,264.93,129.02,7.17,3.04,1,-1,-1,-1
781,137,195.95,160.53,13.79,5.86,1,-1,-1,-1
781,138,265.13,132.06,6.59,3.05,1,-1,-1,-1
801,137,236.92,163.48,12.31,5.42,1,-1,-1,-1
801,138,265.90,140.12,7.07,2.79,1,-1,-1,-1
821,137,241.99,164.02,12.20,5.84,1,-1,-1,-1
821,138,266.42,153.91,6.81,3.50,1,-1,-1,-1
841,137,180.65,161.47,10.25,6.03,1,-1,-1,-1
841,138,264.66,161.75,6.45,3.41,1,-1,-1,-1
861,137,104.19,154.16,12.65,7.61,1,-1,-1,-1
861,138,263.71,176.08,6.39,2.28,1,-1,-1,-1
881,137,103.52,154.52,14.40,4.19,1,-1,-1,-1
881,138,259.90,179.63,7.07,3.33,1,-1,-1,-1
901,137,109.08,121.85,14.31,4.25,1,-1,-1,-1
901,138,245.05,179.14,6.77,3.14,1,-1,-1,-1
921,137,116.75,92.31,12.73,7.05,1,-1,-1,-1
921,138,230.48,187.22,7.58,3.67,1,-1,-1,-1
941,137,174.43,93.93,14.91,4.87,1,-1,-1,-1
941,138,231.48,193.10,6.25,1.95,1,-1,-1,-1
961,137,226.60,91.77,12.63,6.57,1,-1,-1,-1
961,138,233.23,189.98,6.56,3.32,1,-1,-1,-1
981,137,209.05,90.38,13.38,5.70,1,-1,-1,-1
981,138,233.19,184.06,7.74,3.10,1,-1,-1,-1
1001,137,181.99,88.30,13.73,4.80,1,-1,-1,-1
1001,138,234.01,179.17,6.64,2.68,1,-1,-1,-1
1021,137,184.85,87.74,12.50,4.57,1,-1,-1,-1
1021,138,239.32,177.82,6.92,3.64,1,-1,-1,-1
1041,137,188.08,87.50,12.17,4.48,1,-1,-1,-1
1041,138,259.70,173.80,6.86,3.30,1,-1,-1,-1
1061,137,188.41,87.38,13.37,5.45,1,-1,-1,-1
1061,138,289.30,169.00,6.59,3.01,1,-1,-1,-1
1081,137,189.41,87.52,13.30,4.85,1,-1,-1,-1
1081,138,324.45,163.93,6.82,3.33,1,-1,-1,-1
1101,137,188.30,88.16,13.30,4.57,1,-1,-1,-1
1101,138,363.82,157.54,6.84,2.66,1,-1,-1,-1
1121,137,185.93,87.95,15.08,5.16,1,-1,-1,-1
1121,138,402.04,137.74,7.74,3.89,1,-1,-1,-1
1141,137,185.76,90.64,14.05,4.55,1,-1,-1,-1
1141,138,434.24,117.15,7.79,3.01,1,-1,-1,-1
1161,137,185.46,92.24,12.88,5.06,1,-1,-1,-1
1161,138,464.82,108.28,6.03,3.82,1,-1,-1,-1
1181,137,184.90,97.16,13.70,4.72,1,-1,-1,-1
1181,138,478.63,123.79,5.98,3.35,1,-1,-1,-1
1201,137,185.84,101.25,11.76,4.69,1,-1,-1,-1
1221,137,185.78,104.10,13.10,3.97,1,-1,-1,-1
1261,139,186.78,102.17,11.99,4.66,1,-1,-1,-1
1261,140,224.20,96.09,2.86,2.21,1,-1,-1,-1
1281,139,186.07,100.85,12.51,4.97,1,-1,-1,-1
1301,139,186.91,96.49,12.36,5.48,1,-1,-1,-1
1321,141,362.09,175.19,5.77,3.69,1,-1,-1,-1
1321,139,185.37,94.01,13.53,4.91,1,-1,-1,-1
1341,141,479.38,201.24,9.44,3.59,1,-1,-1,-1
1341,139,200.63,93.87,13.64,4.17,1,-1,-1,-1
1361,139,218.14,92.39,11.99,4.90,1,-1,-1,-1
1381,141,425.74,228.89,5.99,3.27,1,-1,-1,-1
1381,139,221.45,91.38,12.41,4.44,1,-1,-1,-1
1401,139,243.22,90.09,12.54,6.08,1,-1,-1,-1
1421,139,273.47,90.12,12.57,5.77,1,-1,-1,-1
1441,139,278.27,90.12,12.45,4.96,1,-1,-1,-1
1461,139,280.36,87.28,12.00,5.68,1,-1,-1,-1
1481,139,275.58,84.39,11.72,4.62,1,-1,-1,-1
1501,139,268.35,80.77,12.28,5.08,1,-1,-1,-1
1521,139,259.32,75.45,11.26,7.25,1,-1,-1,-1
1541,139,192.66,68.91,12.86,8.46,1,-1,-1,-1
1561,139,167.56,67.89,13.11,5.19,1,-1,-1,-1
1581,139,163.45,65.92,14.79,5.20,1,-1,-1,-1
1601,139,165.19,63.06,12.66,4.82,1,-1,-1,-1
1621,142,419.53,169.98,6.49,3.23,1,-1,-1,-1
1621,139,167.33,61.50,13.02,5.36,1,-1,-1,-1
1641,142,409.59,169.60,6.26,2.43,1,-1,-1,-1
1641,139,170.98,61.48,12.03,5.26,1,-1,-1,-1
1661,142,400.25,169.10,5.62,2.88,1,-1,-1,-1
1661,139,194.01,63.65,13.56,4.54,1,-1,-1,-1
1681,142,392.37,169.07,6.32,2.87,1,-1,-1,-1
1681,139,207.50,64.32,13.23,5.69,1,-1,-1,-1
1701,142,385.48,168.92,6.10,2.78,1,-1,-1,-1
1701,139,208.63,65.67,13.87,5.56,1,-1,-1,-1
1721,142,379.15,169.01,6.31,2.40,1,-1,-1,-1
1721,139,209.00,64.78,14.13,6.26,1,-1,-1,-1
1741,142,373.31,168.58,6.46,2.63,1,-1,-1,-1
1741,139,210.95,64.73,12.93,5.40,1,-1,-1,-1
1761,142,367.67,168.05,5.93,2.89,1,-1,-1,-1
1761,139,210.06,65.07,13.10,5.18,1,-1,-1,-1
1781,142,360.36,168.06,5.63,1.88,1,-1,-1,-1
1781,139,209.84,64.21,13.41,5.60,1,-1,-1,-1
1801,142,354.31,167.28,5.47,2.99,1,-1,-1,-1
1801,139,211.50,63.09,11.70,3.72,1,-1,-1,-1
1821,142,348.58,167.10,6.13,2.00,1,-1,-1,-1
1821,139,208.51,49.08,15.10,7.14,1,-1,-1,-1
1841,142,343.84,165.75,6.88,3.55,1,-1,-1,-1
1841,139,209.18,44.07,14.57,6.87,1,-1,-1,-1
1861,142,342.57,166.10,6.27,2.86,1,-1,-1,-1
1861,139,212.46,53.17,14.30,7.77,1,-1,-1,-1
1881,142,343.52,166.10,5.51,2.50,1,-1,-1,-1
1881,139,221.90,78.77,12.28,3.65,1,-1,-1,-1
1901,142,341.35,166.07,6.48,3.03,1,-1,-1,-1
1901,139,220.42,90.74,10.53,5.88,1,-1,-1,-1
1921,142,334.80,165.96,6.58,2.98,1,-1,-1,-1
1921,139,179.99,94.26,13.81,6.86,1,-1,-1,-1
1941,142,325.96,165.79,6.38,3.46,1,-1,-1,-1
1941,139,179.82,100.72,10.50,5.68,1,-1,-1,-1
1961,142,317.39,165.98,6.69,3.20,1,-1,-1,-1
1961,139,203.33,106.65,8.00,3.30,1,-1,-1,-1
1981,142,308.66,166.05,6.13,2.74,1,-1,-1,-1
1981,139,206.09,104.69,12.29,5.10,1,-1,-1,-1
2001,142,300.46,166.02,6.26,2.31,1,-1,-1,-1
2001,139,208.15,100.13,12.72,3.93,1,-1,-1,-1
2021,142,293.11,165.20,6.00,2.98,1,-1,-1,-1
2021,139,203.89,83.79,11.57,4.14,1,-1,-1,-1
2041,142,286.30,165.22,6.88,2.78,1,-1,-1,-1
2041,139,194.63,68.75,16.24,7.25,1,-1,-1,-1
2061,142,281.36,165.44,6.83,2.59,1,-1,-1,-1
2061,139,192.78,70.55,15.81,6.20,1,-1,-1,-1
2081,142,276.87,165.08,6.24,3.05,1,-1,-1,-1
2081,139,192.24,72.93,15.79,5.12,1,-1,-1,-1
2101,142,271.60,165.21,6.16,2.78,1,-1,-1,-1
2101,139,193.67,73.38,14.76,5.61,1,-1,-1,-1
2121,142,263.27,165.09,6.67,3.09,1,-1,-1,-1
2121,139,193.93,74.05,14.58,5.80,1,-1,-1,-1
2141,142,252.41,164.61,6.42,2.51,1,-1,-1,-1
2141,139,193.79,75.30,14.39,4.78,1,-1,-1,-1
2161,142,240.88,164.05,6.78,3.03,1,-1,-1,-1
2161,139,192.81,73.43,16.53,6.54,1,-1,-1,-1
2181,142,230.01,163.44,6.50,2.75,1,-1,-1,-1
2181,139,220.38,73.38,14.26,7.39,1,-1,-1,-1
