1,150,173.98,119.79,12.87,5.66,1,-1,-1,-1
21,150,173.51,119.79,13.58,5.27,1,-1,-1,-1
41,150,171.92,119.82,14.67,5.60,1,-1,-1,-1
61,150,176.13,119.70,15.34,5.47,1,-1,-1,-1
81,150,188.55,119.89,14.74,5.24,1,-1,-1,-1
101,150,201.19,119.82,14.80,5.48,1,-1,-1,-1
121,150,216.09,119.84,13.87,5.37,1,-1,-1,-1
141,150,228.71,119.90,13.67,5.30,1,-1,-1,-1
161,150,241.78,119.80,12.87,5.36,1,-1,-1,-1
181,150,252.28,117.64,12.74,6.21,1,-1,-1,-1
201,150,261.37,116.05,13.41,6.01,1,-1,-1,-1
221,150,264.51,112.84,14.55,5.38,1,-1,-1,-1
241,150,263.09,109.02,14.42,5.84,1,-1,-1,-1
261,150,262.15,105.14,14.18,6.22,1,-1,-1,-1
281,150,266.28,104.77,14.04,5.85,1,-1,-1,-1
301,150,268.68,104.74,13.20,6.37,1,-1,-1,-1
321,150,271.43,107.54,13.20,6.83,1,-1,-1,-1
341,150,273.77,113.21,12.62,6.59,1,-1,-1,-1
361,150,274.95,120.90,14.05,5.33,1,-1,-1,-1
381,150,277.87,128.02,12.16,5.94,1,-1,-1,-1
401,150,279.56,137.21,10.56,5.76,1,-1,-1,-1
421,150,281.08,147.92,10.39,5.04,1,-1,-1,-1
441,150,281.49,156.78,10.13,4.82,1,-1,-1,-1
461,150,282.36,162.46,9.42,3.62,1,-1,-1,-1
481,150,282.89,163.72,9.00,3.52,1,-1,-1,-1
501,150,282.56,160.91,8.36,3.99,1,-1,-1,-1
521,150,281.63,154.05,8.63,4.47,1,-1,-1,-1
541,150,282.38,148.70,9.55,4.31,1,-1,-1,-1
561,150,285.64,146.72,8.99,3.89,1,-1,-1,-1
581,150,291.99,146.35,9.24,4.30,1,-1,-1,-1
601,150,303.37,146.75,7.83,4.30,1,-1,-1,-1
621,150,317.44,144.78,9.01,4.11,1,-1,-1,-1
641,150,320.63,140.98,9.00,3.12,1,-1,-1,-1
661,150,322.45,138.11,9.13,4.53,1,-1,-1,-1
681,150,339.76,138.62,8.05,4.31,1,-1,-1,-1
701,150,358.97,137.37,8.54,4.45,1,-1,-1,-1
721,150,365.35,134.87,9.11,4.30,1,-1,-1,-1
741,150,362.47,131.93,8.15,4.18,1,-1,-1,-1
761,150,358.09,131.14,8.44,4.05,1,-1,-1,-1
781,150,356.09,129.09,9.13,4.17,1,-1,-1,-1
801,150,356.80,129.24,8.40,4.16,1,-1,-1,-1
821,150,356.57,129.49,8.94,3.62,1,-1,-1,-1
841,150,355.22,129.43,9.48,4.79,1,-1,-1,-1
861,150,355.95,131.53,8.28,4.44,1,-1,-1,-1
881,150,356.70,134.16,8.84,4.31,1,-1,-1,-1
901,150,357.06,137.93,8.16,4.10,1,-1,-1,-1
921,150,357.41,141.98,8.29,3.54,1,-1,-1,-1
941,150,357.84,145.17,8.20,4.08,1,-1,-1,-1
961,150,358.34,148.39,8.05,3.82,1,-1,-1,-1
981,150,359.15,152.01,7.42,3.12,1,-1,-1,-1
1001,150,359.61,155.93,7.29,3.17,1,-1,-1,-1
1021,150,359.13,158.97,7.84,3.37,1,-1,-1,-1
1041,150,359.87,161.06,7.29,3.11,1,-1,-1,-1
1061,150,360.11,160.99,7.07,3.53,1,-1,-1,-1
1081,150,362.61,161.01,7.31,3.09,1,-1,-1,-1
1101,150,367.95,160.07,6.90,2.96,1,-1,-1,-1
1121,150,367.84,157.24,7.28,3.53,1,-1,-1,-1
1141,150,366.90,153.84,7.39,3.27,1,-1,-1,-1
1161,150,366.47,146.03,7.34,3.26,1,-1,-1,-1
1181,150,366.63,140.82,7.48,3.44,1,-1,-1,-1
1201,150,368.18,138.95,7.84,3.68,1,-1,-1,-1
1221,150,373.13,138.74,7.99,3.68,1,-1,-1,-1
1241,150,381.51,138.59,7.70,3.55,1,-1,-1,-1
1261,150,389.45,137.41,7.82,4.09,1,-1,-1,-1
1281,150,397.41,132.25,6.79,3.73,1,-1,-1,-1
1301,150,401.53,127.19,7.92,3.16,1,-1,-1,-1
1321,150,403.11,125.32,8.02,3.97,1,-1,-1,-1
1341,150,404.48,127.63,7.39,3.66,1,-1,-1,-1
1361,150,404.95,129.72,8.52,4.37,1,-1,-1,-1
1381,150,406.31,133.72,7.64,3.72,1,-1,-1,-1
1401,150,407.09,137.86,7.01,3.68,1,-1,-1,-1
1421,150,407.34,141.46,7.63,4.09,1,-1,-1,-1
1441,150,408.09,146.40,6.60,3.57,1,-1,-1,-1
1461,150,408.16,150.31,6.60,3.44,1,-1,-1,-1
1481,150,408.99,154.37,5.90,3.09,1,-1,-1,-1
1501,150,409.13,157.71,5.83,2.94,1,-1,-1,-1
1521,150,409.42,159.39,5.74,3.03,1,-1,-1,-1
1541,150,409.77,161.05,5.82,2.90,1,-1,-1,-1
1561,150,410.47,162.83,5.45,3.40,1,-1,-1,-1
1581,150,410.30,165.56,5.71,2.92,1,-1,-1,-1
1601,150,411.23,168.07,4.98,2.33,1,-1,-1,-1
1621,150,411.90,169.47,5.35,3.09,1,-1,-1,-1
1641,150,411.74,169.46,5.50,2.62,1,-1,-1,-1
1661,150,411.76,169.09,5.39,3.00,1,-1,-1,-1
1681,150,411.90,168.14,4.80,3.08,1,-1,-1,-1
1701,150,412.34,167.40,4.33,2.84,1,-1,-1,-1
1721,150,412.48,166.50,4.76,2.71,1,-1,-1,-1
1741,150,412.53,167.05,4.43,2.86,1,-1,-1,-1
1761,150,415.80,171.04,3.81,1.99,1,-1,-1,-1
1781,150,416.79,173.21,4.35,2.46,1,-1,-1,-1
1801,150,417.20,176.13,3.47,2.77,1,-1,-1,-1
1821,150,415.52,178.79,4.83,2.24,1,-1,-1,-1
1841,150,415.71,178.08,3.94,1.97,1,-1,-1,-1
1861,150,416.84,176.95,4.61,2.18,1,-1,-1,-1
1881,150,418.13,174.93,4.51,2.32,1,-1,-1,-1
1901,150,419.51,172.83,4.99,2.22,1,-1,-1,-1
1921,150,420.19,169.83,4.83,2.53,1,-1,-1,-1
1941,150,420.41,167.37,5.24,2.83,1,-1,-1,-1
1961,150,421.54,165.02,4.65,1.87,1,-1,-1,-1
1981,150,421.73,163.23,4.92,2.89,1,-1,-1,-1
2001,150,421.55,166.89,5.42,2.34,1,-1,-1,-1
2021,150,420.66,171.15,5.44,1.98,1,-1,-1,-1
2041,150,420.65,172.81,5.38,2.24,1,-1,-1,-1
2061,150,420.33,169.91,5.57,2.20,1,-1,-1,-1
2081,150,420.15,164.15,5.65,2.99,1,-1,-1,-1
