1,952,456.40,152.28,14.95,5.65,1,-1,-1,-1
1,953,334.16,142.94,11.45,3.54,1,-1,-1,-1
21,952,453.82,145.92,13.43,5.08,1,-1,-1,-1
21,953,334.22,143.83,11.34,3.83,1,-1,-1,-1
41,952,450.72,137.67,14.99,5.10,1,-1,-1,-1
41,953,332.44,145.29,12.63,4.43,1,-1,-1,-1
61,952,448.80,126.43,14.74,5.41,1,-1,-1,-1
61,953,333.64,147.49,11.36,4.01,1,-1,-1,-1
81,952,447.20,115.74,15.12,5.33,1,-1,-1,-1
81,953,334.36,149.89,10.50,3.88,1,-1,-1,-1
101,952,445.70,107.23,13.53,5.98,1,-1,-1,-1
101,953,335.27,153.29,10.87,4.20,1,-1,-1,-1
121,952,444.33,99.68,15.54,6.13,1,-1,-1,-1
121,953,335.10,157.43,11.49,3.98,1,-1,-1,-1
141,952,442.59,90.51,14.96,6.57,1,-1,-1,-1
141,953,334.78,161.74,11.16,3.67,1,-1,-1,-1
161,952,441.76,82.72,13.74,6.09,1,-1,-1,-1
161,953,332.76,164.20,11.94,3.94,1,-1,-1,-1
181,952,441.03,75.57,15.19,6.15,1,-1,-1,-1
181,953,332.92,167.18,11.79,3.55,1,-1,-1,-1
201,952,440.22,67.47,13.64,6.63,1,-1,-1,-1
201,953,332.04,169.43,13.02,4.06,1,-1,-1,-1
221,952,438.20,65.41,15.61,6.49,1,-1,-1,-1
221,953,337.56,171.99,9.17,3.82,1,-1,-1,-1
241,952,436.82,64.53,15.91,6.37,1,-1,-1,-1
261,952,436.16,64.54,14.03,6.08,1,-1,-1,-1
261,953,332.66,183.04,13.91,4.38,1,-1,-1,-1
281,952,433.79,64.22,13.22,6.58,1,-1,-1,-1
281,953,334.00,188.36,11.77,3.98,1,-1,-1,-1
301,952,426.60,64.77,14.87,6.79,1,-1,-1,-1
301,953,334.82,193.31,12.24,3.81,1,-1,-1,-1
321,952,417.88,65.28,15.20,7.75,1,-1,-1,-1
321,953,333.60,198.74,12.71,5.18,1,-1,-1,-1
341,952,408.54,67.31,13.88,6.39,1,-1,-1,-1
341,953,335.89,203.77,11.07,3.92,1,-1,-1,-1
361,952,398.81,68.18,15.14,6.60,1,-1,-1,-1
361,953,337.60,208.76,13.12,4.66,1,-1,-1,-1
381,952,391.32,68.65,14.17,6.96,1,-1,-1,-1
381,953,339.72,214.49,12.06,4.04,1,-1,-1,-1
401,952,383.94,69.80,14.01,6.07,1,-1,-1,-1
401,953,342.90,217.76,10.98,4.44,1,-1,-1,-1
421,952,377.24,70.74,14.01,6.03,1,-1,-1,-1
421,953,346.78,216.94,14.05,4.76,1,-1,-1,-1
441,952,370.62,74.52,15.55,6.18,1,-1,-1,-1
441,953,356.56,216.39,11.04,3.41,1,-1,-1,-1
461,952,365.36,83.28,13.35,6.53,1,-1,-1,-1
461,953,363.61,217.25,11.05,4.17,1,-1,-1,-1
481,952,359.14,92.91,13.60,6.04,1,-1,-1,-1
481,953,369.76,216.45,11.42,3.81,1,-1,-1,-1
501,952,354.75,102.84,13.26,6.37,1,-1,-1,-1
501,953,377.75,212.40,12.17,3.94,1,-1,-1,-1
521,952,349.62,113.03,14.62,5.04,1,-1,-1,-1
521,953,384.59,213.48,10.11,4.13,1,-1,-1,-1
541,952,344.63,122.47,13.58,5.53,1,-1,-1,-1
541,953,390.24,212.72,10.98,3.71,1,-1,-1,-1
561,952,340.58,132.30,15.85,5.22,1,-1,-1,-1
561,953,397.38,211.41,12.49,4.01,1,-1,-1,-1
581,952,338.62,141.21,12.82,5.59,1,-1,-1,-1
581,953,404.75,207.52,12.46,4.07,1,-1,-1,-1
601,952,333.73,142.64,14.71,5.29,1,-1,-1,-1
601,953,412.27,208.86,11.07,4.60,1,-1,-1,-1
621,952,330.66,145.06,14.41,5.66,1,-1,-1,-1
621,953,418.47,213.31,11.94,4.14,1,-1,-1,-1
641,952,324.44,147.29,15.24,5.12,1,-1,-1,-1
641,953,428.57,212.54,10.79,3.83,1,-1,-1,-1
661,952,319.02,148.18,13.22,5.31,1,-1,-1,-1
661,953,433.82,206.04,11.44,5.16,1,-1,-1,-1
681,952,310.87,149.43,14.59,5.11,1,-1,-1,-1
681,953,440.13,206.13,13.70,5.38,1,-1,-1,-1
701,952,304.05,149.97,13.25,4.91,1,-1,-1,-1
701,953,450.20,208.13,10.07,4.27,1,-1,-1,-1
721,952,295.63,149.84,14.40,5.18,1,-1,-1,-1
721,953,455.85,208.01,12.22,4.36,1,-1,-1,-1
741,952,289.79,150.12,14.22,5.28,1,-1,-1,-1
741,953,461.95,207.74,13.91,4.65,1,-1,-1,-1
761,952,281.10,149.24,14.75,5.19,1,-1,-1,-1
761,953,470.73,202.96,10.28,3.24,1,-1,-1,-1
781,952,274.00,145.11,15.45,5.16,1,-1,-1,-1
781,953,476.16,196.89,12.93,3.41,1,-1,-1,-1
801,952,267.96,140.94,13.93,4.98,1,-1,-1,-1
821,952,260.77,136.32,14.24,5.33,1,-1,-1,-1
841,952,252.74,132.44,14.90,5.27,1,-1,-1,-1
861,952,245.51,128.70,14.31,5.07,1,-1,-1,-1
861,953,461.73,294.68,20.89,7.44,1,-1,-1,-1
881,952,240.79,125.09,13.80,5.41,1,-1,-1,-1
881,953,461.70,295.20,17.43,6.91,1,-1,-1,-1
901,952,239.90,122.36,14.63,5.45,1,-1,-1,-1
901,953,461.79,295.89,15.94,6.23,1,-1,-1,-1
921,952,243.34,120.74,13.77,5.52,1,-1,-1,-1
921,953,461.78,295.91,16.06,6.15,1,-1,-1,-1
941,952,246.90,121.16,14.10,5.50,1,-1,-1,-1
941,953,461.75,295.87,16.29,6.22,1,-1,-1,-1
961,952,249.35,121.42,14.09,5.37,1,-1,-1,-1
961,953,461.77,296.57,14.98,5.60,1,-1,-1,-1
981,952,256.12,121.26,13.75,5.23,1,-1,-1,-1
1001,952,262.88,121.35,13.90,5.20,1,-1,-1,-1
1001,953,461.82,295.82,16.47,6.27,1,-1,-1,-1
1021,952,268.41,121.12,15.05,5.72,1,-1,-1,-1
1041,952,275.60,121.40,14.16,5.39,1,-1,-1,-1
1041,953,461.67,295.86,15.78,6.30,1,-1,-1,-1
1061,952,282.60,120.86,13.18,5.88,1,-1,-1,-1
1061,953,461.66,295.55,17.50,6.58,1,-1,-1,-1
1081,952,289.77,120.79,12.97,5.74,1,-1,-1,-1
1081,953,461.74,295.83,16.53,6.47,1,-1,-1,-1
1121,952,304.40,119.80,14.03,5.76,1,-1,-1,-1
1121,953,461.54,295.61,17.59,6.43,1,-1,-1,-1
1141,952,312.07,117.05,13.27,5.30,1,-1,-1,-1
1161,952,318.77,107.08,13.11,5.96,1,-1,-1,-1
1181,952,396.01,198.54,12.47,4.27,1,-1,-1,-1
1201,952,390.16,193.32,12.90,4.25,1,-1,-1,-1
1221,952,383.15,191.68,12.00,4.54,1,-1,-1,-1
1241,952,372.85,191.15,11.76,3.83,1,-1,-1,-1
1241,953,461.81,295.30,19.07,6.79,1,-1,-1,-1
1261,952,366.14,190.77,11.59,4.23,1,-1,-1,-1
1281,954,332.56,87.85,15.98,5.32,1,-1,-1,-1
1281,952,365.83,190.47,12.34,4.34,1,-1,-1,-1
1301,954,346.04,86.48,12.48,6.24,1,-1,-1,-1
1301,952,364.25,190.94,14.40,4.89,1,-1,-1,-1
1321,954,357.83,85.79,13.30,6.12,1,-1,-1,-1
1321,952,367.51,190.96,13.17,4.34,1,-1,-1,-1
1341,954,368.57,86.19,14.22,5.61,1,-1,-1,-1
1341,952,370.24,192.12,11.81,3.87,1,-1,-1,-1
1361,954,377.62,85.72,13.66,6.10,1,-1,-1,-1
1361,952,372.77,195.16,10.94,3.70,1,-1,-1,-1
1381,954,387.07,85.63,13.43,6.10,1,-1,-1,-1
1381,952,373.93,198.42,10.90,3.54,1,-1,-1,-1
1401,954,396.68,86.02,14.01,5.19,1,-1,-1,-1
1401,952,374.00,200.32,11.00,3.66,1,-1,-1,-1
1421,954,405.49,85.65,12.92,5.72,1,-1,-1,-1
1421,952,374.72,200.54,9.01,3.62,1,-1,-1,-1
1441,954,415.36,85.29,13.86,6.05,1,-1,-1,-1
1441,952,374.33,198.42,10.57,3.34,1,-1,-1,-1
1461,954,424.61,85.97,14.47,5.46,1,-1,-1,-1
1461,952,374.31,196.23,9.47,3.56,1,-1,-1,-1
1481,954,433.37,85.97,15.36,5.77,1,-1,-1,-1
1481,952,374.75,193.69,10.04,3.06,1,-1,-1,-1
1501,954,442.60,85.92,13.35,6.14,1,-1,-1,-1
1501,952,375.68,191.45,10.12,3.29,1,-1,-1,-1
1521,954,453.29,86.56,15.77,5.73,1,-1,-1,-1
1521,952,377.01,191.47,10.18,3.78,1,-1,-1,-1
1541,954,457.65,86.47,13.88,6.28,1,-1,-1,-1
1541,952,376.77,192.51,10.75,3.43,1,-1,-1,-1
1561,954,457.63,87.69,13.04,6.18,1,-1,-1,-1
1561,952,375.54,194.27,10.13,3.32,1,-1,-1,-1
1581,954,457.03,90.82,14.00,5.70,1,-1,-1,-1
1581,952,373.91,195.86,10.06,3.71,1,-1,-1,-1
1601,954,457.00,94.65,15.48,5.69,1,-1,-1,-1
1601,952,370.12,197.60,9.72,3.32,1,-1,-1,-1
1621,954,456.77,98.26,13.68,6.26,1,-1,-1,-1
1621,952,366.41,199.23,10.50,3.37,1,-1,-1,-1
1641,954,457.93,102.57,14.50,6.09,1,-1,-1,-1
1641,952,363.46,200.17,10.59,3.59,1,-1,-1,-1
1661,954,458.97,106.87,13.93,5.27,1,-1,-1,-1
1661,952,359.79,200.07,9.97,3.36,1,-1,-1,-1
1681,954,459.71,110.93,14.27,5.20,1,-1,-1,-1
1681,952,356.72,199.41,9.84,3.58,1,-1,-1,-1
1701,954,461.21,115.30,14.65,5.54,1,-1,-1,-1
1701,952,355.44,197.25,10.56,3.63,1,-1,-1,-1
1721,954,461.92,119.93,14.04,5.83,1,-1,-1,-1
1721,952,355.25,195.38,10.96,4.12,1,-1,-1,-1
1741,954,462.63,125.14,13.92,5.52,1,-1,-1,-1
1741,952,354.98,195.43,10.64,3.74,1,-1,-1,-1
1761,954,464.23,131.33,14.91,5.30,1,-1,-1,-1
1761,952,355.72,194.90,10.88,3.84,1,-1,-1,-1
1781,954,464.95,137.91,15.89,5.48,1,-1,-1,-1
1781,952,355.96,194.38,11.15,4.12,1,-1,-1,-1
1801,954,465.84,144.33,15.29,5.79,1,-1,-1,-1
1801,952,355.67,194.53,11.81,4.21,1,-1,-1,-1
1821,954,467.91,150.11,17.01,5.55,1,-1,-1,-1
1821,952,355.96,195.07,11.71,4.16,1,-1,-1,-1
1841,954,469.78,157.05,17.54,5.47,1,-1,-1,-1
1841,952,356.20,195.30,11.94,4.23,1,-1,-1,-1
1861,954,471.91,164.96,16.88,4.98,1,-1,-1,-1
1861,952,356.83,197.50,11.59,4.02,1,-1,-1,-1
1881,954,473.39,172.65,16.72,4.83,1,-1,-1,-1
1881,952,357.51,197.55,10.73,3.66,1,-1,-1,-1
1901,954,473.59,180.06,18.04,5.01,1,-1,-1,-1
1901,952,357.91,196.61,12.00,4.31,1,-1,-1,-1
1921,954,476.31,188.09,14.61,4.85,1,-1,-1,-1
1921,952,358.20,195.03,12.48,4.25,1,-1,-1,-1
1941,954,476.53,196.55,16.11,4.37,1,-1,-1,-1
1941,952,358.51,193.07,11.59,3.99,1,-1,-1,-1
1961,954,477.97,204.93,14.57,4.22,1,-1,-1,-1
1981,954,479.45,213.38,14.55,5.19,1,-1,-1,-1
2001,954,479.94,220.32,13.84,5.24,1,-1,-1,-1
2021,954,479.73,220.71,15.30,5.11,1,-1,-1,-1
2041,954,481.32,219.96,14.49,5.35,1,-1,-1,-1
2061,954,484.16,218.86,16.17,5.60,1,-1,-1,-1
2081,954,488.83,217.00,16.91,5.24,1,-1,-1,-1
2101,955,360.02,164.19,9.38,3.29,1,-1,-1,-1
2101,954,493.63,216.08,14.88,4.87,1,-1,-1,-1
2121,955,359.24,161.26,9.71,3.11,1,-1,-1,-1
2121,954,494.40,214.76,13.82,4.44,1,-1,-1,-1
