1,358,506.49,110.55,17.04,6.80,1,-1,-1,-1
1,359,420.47,134.32,12.46,5.07,1,-1,-1,-1
1,360,325.54,224.34,18.99,5.59,1,-1,-1,-1
21,358,505.76,111.14,16.08,7.29,1,-1,-1,-1
21,359,416.31,138.33,12.58,4.75,1,-1,-1,-1
21,360,325.53,228.58,17.30,5.61,1,-1,-1,-1
41,358,502.53,116.09,11.71,5.62,1,-1,-1,-1
41,359,412.46,139.57,11.78,5.58,1,-1,-1,-1
41,360,326.23,230.85,16.78,4.99,1,-1,-1,-1
61,358,503.11,119.65,12.81,5.37,1,-1,-1,-1
61,359,401.49,141.53,12.33,5.77,1,-1,-1,-1
61,360,333.26,229.29,18.28,5.00,1,-1,-1,-1
81,358,514.44,120.83,15.69,6.04,1,-1,-1,-1
81,359,389.72,144.12,12.33,4.91,1,-1,-1,-1
81,360,350.44,224.94,17.65,6.36,1,-1,-1,-1
101,358,537.49,121.47,13.83,5.17,1,-1,-1,-1
101,359,378.59,145.57,12.38,5.82,1,-1,-1,-1
101,360,353.64,222.03,16.07,6.13,1,-1,-1,-1
121,358,568.04,120.21,13.66,5.66,1,-1,-1,-1
121,359,367.74,148.23,12.17,4.27,1,-1,-1,-1
121,360,352.65,219.37,17.93,5.55,1,-1,-1,-1
141,358,586.48,119.68,11.49,5.49,1,-1,-1,-1
141,359,358.45,149.20,12.18,5.46,1,-1,-1,-1
141,360,350.75,218.18,16.41,5.57,1,-1,-1,-1
161,358,588.30,116.92,11.30,6.71,1,-1,-1,-1
161,359,347.53,149.38,11.66,5.77,1,-1,-1,-1
161,360,346.47,216.94,16.56,5.15,1,-1,-1,-1
181,358,584.91,116.12,13.45,6.96,1,-1,-1,-1
181,359,331.33,154.13,12.68,5.53,1,-1,-1,-1
181,360,345.44,217.03,17.61,5.14,1,-1,-1,-1
201,358,579.09,116.40,13.30,5.89,1,-1,-1,-1
201,359,309.86,158.84,12.94,4.41,1,-1,-1,-1
201,360,350.45,216.37,17.95,5.13,1,-1,-1,-1
221,358,573.34,116.85,12.76,5.42,1,-1,-1,-1
221,359,299.26,168.14,13.31,4.75,1,-1,-1,-1
221,360,359.88,214.43,18.22,6.09,1,-1,-1,-1
241,358,566.73,117.33,13.12,5.16,1,-1,-1,-1
241,359,300.60,180.82,11.96,4.44,1,-1,-1,-1
241,360,374.83,214.52,16.99,5.58,1,-1,-1,-1
261,358,560.85,116.76,13.11,6.37,1,-1,-1,-1
261,359,300.21,201.19,12.27,4.18,1,-1,-1,-1
261,360,389.41,213.31,17.58,6.02,1,-1,-1,-1
281,358,555.63,117.37,14.48,5.88,1,-1,-1,-1
281,359,300.28,216.96,12.22,3.94,1,-1,-1,-1
281,360,397.71,208.24,17.83,6.30,1,-1,-1,-1
301,358,550.47,118.05,14.02,5.18,1,-1,-1,-1
301,359,300.73,233.42,12.96,4.18,1,-1,-1,-1
301,360,396.64,198.06,17.56,6.72,1,-1,-1,-1
321,358,546.36,118.24,12.25,5.44,1,-1,-1,-1
321,359,304.47,251.30,11.13,3.62,1,-1,-1,-1
321,360,394.66,200.40,18.21,5.69,1,-1,-1,-1
341,358,541.35,118.19,13.53,5.57,1,-1,-1,-1
341,359,319.50,270.43,18.81,4.75,1,-1,-1,-1
341,360,393.02,190.38,17.49,5.57,1,-1,-1,-1
361,358,538.55,118.37,11.88,5.65,1,-1,-1,-1
361,360,393.92,183.67,17.03,6.29,1,-1,-1,-1
381,358,536.36,118.28,14.86,5.75,1,-1,-1,-1
381,360,406.74,183.66,19.82,5.27,1,-1,-1,-1
401,358,534.18,118.72,14.41,6.20,1,-1,-1,-1
401,359,345.72,280.45,8.07,3.50,1,-1,-1,-1
401,360,432.01,179.57,16.69,5.90,1,-1,-1,-1
421,358,532.10,119.53,11.41,5.28,1,-1,-1,-1
421,359,316.75,270.21,21.86,5.25,1,-1,-1,-1
421,360,461.15,176.15,18.75,5.37,1,-1,-1,-1
441,358,529.80,120.55,9.62,5.57,1,-1,-1,-1
441,359,490.13,173.56,17.46,6.16,1,-1,-1,-1
441,360,490.10,173.48,17.52,6.22,1,-1,-1,-1
461,358,523.65,121.60,11.59,6.22,1,-1,-1,-1
461,359,517.55,174.60,18.44,6.84,1,-1,-1,-1
461,360,517.55,174.60,18.44,6.84,1,-1,-1,-1
481,358,516.86,122.58,15.43,5.90,1,-1,-1,-1
481,359,541.01,190.39,16.44,5.67,1,-1,-1,-1
481,360,541.01,190.39,16.44,5.67,1,-1,-1,-1
501,358,512.08,122.83,11.65,5.10,1,-1,-1,-1
501,359,551.83,198.17,20.00,5.46,1,-1,-1,-1
501,360,551.83,198.17,20.00,5.46,1,-1,-1,-1
521,358,505.48,122.63,12.11,5.54,1,-1,-1,-1
541,358,498.59,123.27,12.59,5.42,1,-1,-1,-1
541,359,526.71,255.98,11.38,3.95,1,-1,-1,-1
541,360,526.71,255.98,11.38,3.95,1,-1,-1,-1
561,358,492.42,123.05,11.76,5.91,1,-1,-1,-1
561,359,543.70,253.30,11.38,4.45,1,-1,-1,-1
561,360,543.70,253.30,11.38,4.45,1,-1,-1,-1
581,358,484.95,123.66,12.70,6.13,1,-1,-1,-1
581,359,538.36,219.04,13.84,4.98,1,-1,-1,-1
581,360,538.36,219.04,13.84,4.98,1,-1,-1,-1
601,358,478.36,124.77,11.85,5.26,1,-1,-1,-1
601,359,533.25,220.04,14.81,5.18,1,-1,-1,-1
601,360,533.25,220.04,14.81,5.18,1,-1,-1,-1
621,358,472.38,125.06,12.41,5.82,1,-1,-1,-1
621,359,526.25,222.61,12.01,4.38,1,-1,-1,-1
621,360,526.25,222.61,12.01,4.38,1,-1,-1,-1
641,358,465.47,125.22,13.76,5.91,1,-1,-1,-1
661,358,458.13,126.50,13.86,5.75,1,-1,-1,-1
661,359,503.04,226.08,17.04,4.78,1,-1,-1,-1
661,360,503.04,226.08,17.04,4.78,1,-1,-1,-1
681,358,450.22,127.54,12.47,5.54,1,-1,-1,-1
701,358,440.49,128.58,13.84,5.36,1,-1,-1,-1
721,358,429.07,129.21,13.14,5.86,1,-1,-1,-1
741,358,416.18,130.33,11.86,5.57,1,-1,-1,-1
761,358,402.08,131.84,12.18,5.16,1,-1,-1,-1
781,361,433.42,237.11,17.97,5.68,1,-1,-1,-1
781,358,388.07,132.61,12.31,5.74,1,-1,-1,-1
801,361,423.36,236.29,17.23,5.03,1,-1,-1,-1
801,358,374.29,133.51,12.12,5.68,1,-1,-1,-1
821,361,413.11,235.37,16.43,4.82,1,-1,-1,-1
821,358,359.89,134.65,11.48,6.34,1,-1,-1,-1
841,361,406.08,234.01,16.27,4.75,1,-1,-1,-1
841,358,346.47,136.62,11.92,5.26,1,-1,-1,-1
861,362,520.50,182.12,13.28,4.91,1,-1,-1,-1
861,361,403.80,231.83,17.34,4.81,1,-1,-1,-1
861,358,333.71,138.03,12.03,5.40,1,-1,-1,-1
881,362,492.81,182.46,11.94,4.69,1,-1,-1,-1
881,361,402.13,231.41,18.51,5.67,1,-1,-1,-1
881,358,322.35,139.29,11.57,5.63,1,-1,-1,-1
901,362,461.10,185.14,12.63,4.49,1,-1,-1,-1
901,361,401.58,232.88,18.56,5.82,1,-1,-1,-1
901,358,310.84,140.67,12.17,5.40,1,-1,-1,-1
921,362,430.41,188.05,12.59,4.47,1,-1,-1,-1
921,361,401.05,233.88,17.01,5.50,1,-1,-1,-1
921,358,300.98,141.44,12.93,5.60,1,-1,-1,-1
941,362,402.38,191.90,12.56,4.63,1,-1,-1,-1
941,361,399.03,234.27,19.43,5.76,1,-1,-1,-1
941,358,290.95,142.96,13.45,5.46,1,-1,-1,-1
961,362,376.10,194.48,12.82,4.73,1,-1,-1,-1
961,361,392.03,235.66,16.01,6.22,1,-1,-1,-1
961,358,282.94,143.72,11.57,5.44,1,-1,-1,-1
981,362,353.60,198.05,11.60,3.89,1,-1,-1,-1
981,361,362.60,239.79,16.38,4.78,1,-1,-1,-1
981,358,275.51,144.97,10.78,5.08,1,-1,-1,-1
1001,362,331.48,200.92,12.12,3.58,1,-1,-1,-1
1001,361,328.82,242.05,17.97,4.73,1,-1,-1,-1
1001,358,271.78,146.75,11.29,5.35,1,-1,-1,-1
1021,362,311.46,203.05,12.11,4.41,1,-1,-1,-1
1021,361,325.21,240.18,16.68,4.52,1,-1,-1,-1
1021,358,272.36,150.84,11.99,5.25,1,-1,-1,-1
1041,362,290.36,206.58,13.16,4.68,1,-1,-1,-1
1041,361,322.96,238.41,18.30,7.67,1,-1,-1,-1
1041,358,273.64,152.05,12.93,5.29,1,-1,-1,-1
1061,362,273.64,209.04,12.12,3.90,1,-1,-1,-1
1061,361,302.78,240.69,16.57,5.70,1,-1,-1,-1
1061,358,287.26,151.21,12.21,4.98,1,-1,-1,-1
1081,362,256.89,213.15,8.65,2.97,1,-1,-1,-1
1081,361,265.79,243.64,17.94,4.82,1,-1,-1,-1
1081,358,310.10,149.58,11.46,4.70,1,-1,-1,-1
1101,362,244.76,215.03,11.44,3.48,1,-1,-1,-1
1101,361,251.19,243.08,16.97,4.58,1,-1,-1,-1
1101,358,333.55,147.14,10.33,5.62,1,-1,-1,-1
1121,362,245.02,229.50,12.57,4.23,1,-1,-1,-1
1121,361,248.23,240.20,18.17,5.89,1,-1,-1,-1
1121,358,340.16,141.62,10.96,5.72,1,-1,-1,-1
1141,362,236.03,239.23,24.67,10.81,1,-1,-1,-1
1141,361,236.03,239.23,24.67,10.81,1,-1,-1,-1
1141,358,337.57,127.60,12.79,5.37,1,-1,-1,-1
1161,362,211.87,235.17,17.82,4.71,1,-1,-1,-1
1161,361,211.87,235.17,17.82,4.71,1,-1,-1,-1
1161,358,339.37,125.77,11.47,5.35,1,-1,-1,-1
1181,358,347.57,124.85,11.38,5.26,1,-1,-1,-1
1201,358,356.17,123.44,11.46,5.62,1,-1,-1,-1
1221,363,250.08,299.28,12.09,4.51,1,-1,-1,-1
1221,358,364.13,122.69,12.95,5.15,1,-1,-1,-1
1241,363,263.07,297.21,10.59,4.38,1,-1,-1,-1
1241,358,376.29,120.70,11.24,6.23,1,-1,-1,-1
1261,363,244.30,241.40,17.51,5.90,1,-1,-1,-1
1261,358,382.62,120.08,12.33,6.29,1,-1,-1,-1
1281,363,262.23,245.94,17.11,5.52,1,-1,-1,-1
1281,358,386.47,120.07,12.67,5.77,1,-1,-1,-1
1301,364,352.45,280.73,9.45,3.95,1,-1,-1,-1
1301,363,271.63,249.97,19.04,5.10,1,-1,-1,-1
1301,358,400.16,118.35,12.75,6.07,1,-1,-1,-1
1321,358,415.19,116.26,11.89,7.20,1,-1,-1,-1
1341,364,288.49,253.98,19.88,6.11,1,-1,-1,-1
1341,358,421.47,116.29,13.56,5.90,1,-1,-1,-1
1361,364,291.31,253.68,19.84,6.73,1,-1,-1,-1
1361,358,426.88,115.37,13.65,5.92,1,-1,-1,-1
1381,364,304.28,250.92,9.74,3.87,1,-1,-1,-1
1381,358,435.38,113.74,12.98,6.46,1,-1,-1,-1
1401,364,300.81,246.85,13.74,4.78,1,-1,-1,-1
1401,358,437.65,114.07,11.75,5.92,1,-1,-1,-1
1421,365,438.03,236.54,13.03,4.69,1,-1,-1,-1
1421,364,300.26,244.11,16.19,4.86,1,-1,-1,-1
1421,358,437.50,115.70,11.14,5.51,1,-1,-1,-1
1441,365,436.25,222.63,12.63,4.68,1,-1,-1,-1
1441,364,299.14,242.86,17.79,4.70,1,-1,-1,-1
1441,358,436.54,118.30,11.55,5.58,1,-1,-1,-1
1461,365,433.59,208.92,12.52,4.49,1,-1,-1,-1
1461,364,299.23,242.30,18.31,5.22,1,-1,-1,-1
1461,358,436.41,121.91,14.02,5.45,1,-1,-1,-1
1481,365,434.30,196.92,12.34,4.73,1,-1,-1,-1
1481,364,299.35,242.18,17.27,5.13,1,-1,-1,-1
1481,358,440.02,121.90,12.18,5.10,1,-1,-1,-1
1501,365,434.59,190.45,12.30,4.58,1,-1,-1,-1
1501,364,302.65,241.31,18.10,5.40,1,-1,-1,-1
1501,358,455.18,120.80,13.66,5.45,1,-1,-1,-1
1521,365,441.84,191.51,13.26,4.24,1,-1,-1,-1
1521,364,311.88,241.22,17.04,5.09,1,-1,-1,-1
1521,358,466.13,119.70,11.81,6.34,1,-1,-1,-1
1541,365,464.72,191.35,12.58,4.74,1,-1,-1,-1
1541,364,317.71,241.36,17.21,5.51,1,-1,-1,-1
1541,358,469.65,120.33,13.62,5.86,1,-1,-1,-1
1561,365,484.58,189.38,12.68,5.47,1,-1,-1,-1
1561,364,317.16,240.28,19.26,5.73,1,-1,-1,-1
1561,358,474.04,127.42,14.04,5.59,1,-1,-1,-1
1581,365,487.67,190.21,12.98,4.04,1,-1,-1,-1
1581,364,316.24,240.39,17.50,4.87,1,-1,-1,-1
1581,358,476.81,141.42,13.58,5.46,1,-1,-1,-1
1601,365,487.41,192.08,12.79,4.52,1,-1,-1,-1
1601,364,321.37,240.28,19.46,4.88,1,-1,-1,-1
1601,358,476.11,147.46,13.16,5.51,1,-1,-1,-1
1621,365,477.76,195.24,13.11,5.70,1,-1,-1,-1
1621,364,331.23,241.05,17.70,4.99,1,-1,-1,-1
1621,358,476.17,147.09,12.80,5.89,1,-1,-1,-1
1641,365,449.42,201.24,13.43,4.91,1,-1,-1,-1
1641,364,341.11,242.19,16.59,4.76,1,-1,-1,-1
1641,358,478.34,147.73,11.72,5.39,1,-1,-1,-1
1661,365,427.67,204.82,12.64,4.29,1,-1,-1,-1
1661,364,342.06,244.86,16.16,5.08,1,-1,-1,-1
1661,358,484.37,146.47,13.51,5.70,1,-1,-1,-1
1681,365,421.25,186.28,12.27,4.84,1,-1,-1,-1
1681,364,343.33,239.14,19.44,5.12,1,-1,-1,-1
1681,358,488.26,144.71,12.94,5.34,1,-1,-1,-1
1701,365,413.55,188.10,11.74,4.64,1,-1,-1,-1
1701,364,346.53,234.24,18.12,5.02,1,-1,-1,-1
1701,358,486.82,137.47,13.88,5.39,1,-1,-1,-1
1721,365,397.41,192.31,12.32,3.91,1,-1,-1,-1
1721,364,363.36,226.53,19.16,7.60,1,-1,-1,-1
1721,358,484.14,124.77,13.31,5.51,1,-1,-1,-1
1741,365,392.25,193.55,12.52,4.71,1,-1,-1,-1
1741,364,367.47,222.48,19.60,6.46,1,-1,-1,-1
1741,358,483.52,109.79,10.83,5.46,1,-1,-1,-1
1761,365,389.61,196.75,11.81,4.35,1,-1,-1,-1
1761,364,368.78,218.27,20.26,6.08,1,-1,-1,-1
1761,358,481.86,105.28,13.11,5.70,1,-1,-1,-1
1781,365,381.46,200.36,12.06,4.71,1,-1,-1,-1
1781,364,371.73,214.13,17.25,6.52,1,-1,-1,-1
1781,358,480.92,105.16,12.59,5.63,1,-1,-1,-1
1801,365,358.49,205.16,11.75,4.73,1,-1,-1,-1
1801,364,369.27,212.71,19.06,6.25,1,-1,-1,-1
1801,358,478.52,105.30,13.08,5.53,1,-1,-1,-1
1821,365,326.18,209.12,12.77,4.04,1,-1,-1,-1
1821,364,365.78,213.57,18.72,6.11,1,-1,-1,-1
1821,358,473.98,104.89,13.11,6.07,1,-1,-1,-1
1841,365,312.39,209.71,11.84,3.93,1,-1,-1,-1
1841,364,363.59,213.43,17.88,5.94,1,-1,-1,-1
1841,358,473.42,105.24,13.02,5.64,1,-1,-1,-1
1861,365,312.04,213.33,12.32,4.04,1,-1,-1,-1
1861,364,368.80,213.10,20.74,6.35,1,-1,-1,-1
1861,358,473.15,104.80,12.93,5.45,1,-1,-1,-1
1881,365,315.46,226.17,11.30,3.84,1,-1,-1,-1
1881,364,369.86,214.16,18.84,5.92,1,-1,-1,-1
1881,358,474.52,112.49,13.61,5.84,1,-1,-1,-1
1901,365,316.07,241.28,11.51,4.06,1,-1,-1,-1
1901,364,370.68,215.97,18.10,6.17,1,-1,-1,-1
1901,358,476.08,120.58,13.28,6.51,1,-1,-1,-1
1921,365,316.88,257.35,14.55,4.47,1,-1,-1,-1
1921,364,374.18,216.04,19.01,5.96,1,-1,-1,-1
1921,358,473.37,120.99,12.16,5.87,1,-1,-1,-1
1941,364,377.91,214.64,19.33,6.59,1,-1,-1,-1
1941,358,468.84,120.91,14.35,6.26,1,-1,-1,-1
1961,365,321.76,279.02,7.82,3.79,1,-1,-1,-1
1961,364,378.83,216.24,18.40,5.32,1,-1,-1,-1
1961,358,463.42,121.23,13.17,6.44,1,-1,-1,-1
1981,364,377.01,217.41,22.18,5.42,1,-1,-1,-1
1981,358,459.33,122.29,12.14,5.77,1,-1,-1,-1
2001,365,271.95,280.47,9.82,3.79,1,-1,-1,-1
2001,364,377.71,219.36,17.80,5.29,1,-1,-1,-1
2001,358,458.50,119.12,13.90,5.23,1,-1,-1,-1
2021,364,376.97,219.29,18.22,5.37,1,-1,-1,-1
2021,358,459.31,116.40,13.54,5.94,1,-1,-1,-1
2041,364,376.45,217.58,18.18,6.06,1,-1,-1,-1
2041,358,457.75,116.20,13.24,6.31,1,-1,-1,-1
2061,364,376.68,216.96,19.47,5.07,1,-1,-1,-1
2061,358,450.63,116.81,11.61,6.18,1,-1,-1,-1
2081,364,385.27,213.63,18.44,7.27,1,-1,-1,-1
2081,358,438.63,118.08,14.13,5.81,1,-1,-1,-1
2101,364,387.77,212.29,20.78,6.99,1,-1,-1,-1
2101,358,425.00,119.95,13.00,5.58,1,-1,-1,-1
2121,366,248.19,213.43,13.20,3.59,1,-1,-1,-1
2121,364,390.84,211.41,19.40,6.69,1,-1,-1,-1
2121,358,415.79,121.06,14.12,5.48,1,-1,-1,-1
2141,366,249.95,211.48,12.54,3.62,1,-1,-1,-1
2141,364,392.73,209.02,19.71,7.28,1,-1,-1,-1
2141,358,416.63,127.53,13.28,5.40,1,-1,-1,-1
