1,352,407.33,41.18,21.53,7.96,1,-1,-1,-1
21,352,405.81,30.26,24.30,8.58,1,-1,-1,-1
41,352,405.04,22.39,22.38,9.51,1,-1,-1,-1
61,352,423.05,27.46,21.01,8.08,1,-1,-1,-1
81,352,456.59,32.63,14.21,7.29,1,-1,-1,-1
101,352,489.34,39.14,21.32,7.03,1,-1,-1,-1
121,352,509.52,44.58,19.12,7.99,1,-1,-1,-1
141,352,513.44,64.21,21.05,6.86,1,-1,-1,-1
161,352,514.78,93.32,20.77,6.71,1,-1,-1,-1
181,353,408.26,193.05,22.42,5.24,1,-1,-1,-1
181,352,518.11,105.50,20.37,6.26,1,-1,-1,-1
201,353,400.43,190.21,12.49,4.33,1,-1,-1,-1
201,352,515.75,106.86,21.55,6.42,1,-1,-1,-1
221,353,390.85,189.55,12.55,3.61,1,-1,-1,-1
221,352,499.55,107.01,20.46,7.79,1,-1,-1,-1
241,353,386.06,188.94,12.03,3.31,1,-1,-1,-1
241,352,474.33,105.93,24.09,8.79,1,-1,-1,-1
261,353,378.20,188.33,13.09,3.42,1,-1,-1,-1
261,352,455.30,109.00,20.91,8.20,1,-1,-1,-1
281,353,367.95,188.48,11.87,3.30,1,-1,-1,-1
281,352,441.95,118.96,21.22,6.37,1,-1,-1,-1
301,353,364.05,190.25,12.19,3.50,1,-1,-1,-1
301,352,442.79,143.18,20.74,5.36,1,-1,-1,-1
321,353,362.90,190.26,12.90,3.57,1,-1,-1,-1
321,352,443.01,153.75,21.31,6.09,1,-1,-1,-1
341,353,358.74,190.16,13.48,3.67,1,-1,-1,-1
341,352,433.66,155.31,25.00,5.52,1,-1,-1,-1
361,353,353.32,190.21,13.28,3.55,1,-1,-1,-1
361,352,422.22,157.30,21.47,6.27,1,-1,-1,-1
381,353,346.87,189.38,12.94,3.60,1,-1,-1,-1
381,352,418.52,168.83,20.00,5.66,1,-1,-1,-1
401,353,338.82,188.60,12.61,3.38,1,-1,-1,-1
401,352,414.93,174.84,20.73,6.24,1,-1,-1,-1
421,353,330.85,188.70,11.89,3.54,1,-1,-1,-1
421,352,400.07,176.30,23.09,5.63,1,-1,-1,-1
441,353,325.04,188.54,11.93,3.88,1,-1,-1,-1
441,352,376.99,177.30,21.29,5.68,1,-1,-1,-1
461,353,321.32,188.76,10.94,3.29,1,-1,-1,-1
461,352,350.90,174.34,23.43,5.60,1,-1,-1,-1
481,353,318.33,189.73,11.85,3.73,1,-1,-1,-1
481,352,332.96,171.07,25.43,6.47,1,-1,-1,-1
521,353,299.20,164.75,24.00,6.00,1,-1,-1,-1
521,352,299.20,164.75,24.00,6.00,1,-1,-1,-1
581,354,254.96,127.23,22.80,6.42,1,-1,-1,-1
601,354,242.88,104.63,24.63,7.38,1,-1,-1,-1
621,354,232.94,80.33,23.71,8.06,1,-1,-1,-1
641,354,225.12,54.41,24.32,9.26,1,-1,-1,-1
661,354,224.73,26.12,23.96,10.08,1,-1,-1,-1
681,354,227.94,23.18,24.37,8.73,1,-1,-1,-1
701,354,250.45,25.46,20.59,10.16,1,-1,-1,-1
721,354,278.52,29.64,22.28,9.31,1,-1,-1,-1
741,354,283.82,33.11,19.95,9.48,1,-1,-1,-1
761,354,279.54,42.14,21.04,7.51,1,-1,-1,-1
781,354,277.11,44.79,20.21,10.20,1,-1,-1,-1
801,354,305.89,51.14,21.76,9.09,1,-1,-1,-1
821,354,338.10,56.49,20.51,8.55,1,-1,-1,-1
841,355,232.75,190.32,9.98,4.15,1,-1,-1,-1
841,354,341.79,72.93,22.89,7.22,1,-1,-1,-1
861,354,340.57,79.94,19.19,8.11,1,-1,-1,-1
881,354,349.84,81.31,21.26,8.10,1,-1,-1,-1
901,356,352.17,183.03,13.49,3.87,1,-1,-1,-1
901,354,374.39,83.87,21.89,7.26,1,-1,-1,-1
921,356,361.05,179.28,12.69,3.57,1,-1,-1,-1
921,354,387.44,81.81,20.50,6.90,1,-1,-1,-1
941,356,366.94,176.25,14.10,3.83,1,-1,-1,-1
941,354,387.57,77.43,18.68,7.13,1,-1,-1,-1
961,356,371.00,174.12,12.75,3.62,1,-1,-1,-1
961,354,387.76,76.17,20.44,7.03,1,-1,-1,-1
981,356,371.92,173.26,14.29,3.70,1,-1,-1,-1
981,354,398.06,77.43,20.42,6.98,1,-1,-1,-1
1001,356,376.07,172.08,15.00,3.56,1,-1,-1,-1
1001,354,411.94,79.94,21.06,6.47,1,-1,-1,-1
1021,356,378.03,172.26,13.37,4.26,1,-1,-1,-1
1021,354,414.51,92.72,22.54,6.31,1,-1,-1,-1
1041,356,366.51,174.62,13.76,4.01,1,-1,-1,-1
1041,354,415.06,111.08,20.50,5.86,1,-1,-1,-1
1061,356,350.44,176.28,13.71,4.09,1,-1,-1,-1
1061,354,415.05,136.12,19.28,5.94,1,-1,-1,-1
1081,356,341.15,177.23,16.72,4.17,1,-1,-1,-1
1081,354,415.63,155.13,21.46,5.19,1,-1,-1,-1
1101,356,333.16,176.31,17.25,5.36,1,-1,-1,-1
1101,354,418.09,155.12,21.79,4.95,1,-1,-1,-1
1121,356,320.65,173.42,13.50,4.80,1,-1,-1,-1
1121,354,429.48,155.10,19.99,5.86,1,-1,-1,-1
1141,356,302.75,173.10,14.84,3.78,1,-1,-1,-1
1141,354,432.94,154.35,19.36,5.76,1,-1,-1,-1
1161,356,283.94,171.25,14.68,3.76,1,-1,-1,-1
1161,354,433.96,144.08,22.42,5.87,1,-1,-1,-1
1181,356,277.99,171.42,13.08,3.47,1,-1,-1,-1
1181,354,433.37,129.58,19.15,6.17,1,-1,-1,-1
1201,356,277.18,171.29,12.74,3.55,1,-1,-1,-1
1201,354,433.70,120.09,21.03,5.90,1,-1,-1,-1
1221,356,268.81,170.60,14.19,3.88,1,-1,-1,-1
1221,354,428.65,120.24,20.88,6.26,1,-1,-1,-1
1241,356,252.07,170.25,14.05,3.77,1,-1,-1,-1
1241,354,413.58,118.97,20.66,6.29,1,-1,-1,-1
1261,356,228.18,171.09,9.93,4.53,1,-1,-1,-1
1261,354,390.22,117.75,22.32,5.83,1,-1,-1,-1
1281,356,199.23,173.20,14.03,3.74,1,-1,-1,-1
1281,354,367.62,116.21,18.81,6.46,1,-1,-1,-1
1301,356,170.05,178.19,13.60,4.02,1,-1,-1,-1
1301,354,346.25,115.03,20.14,6.32,1,-1,-1,-1
1321,354,329.52,116.80,21.90,6.46,1,-1,-1,-1
1341,356,128.13,186.36,14.69,3.53,1,-1,-1,-1
1341,354,326.65,127.76,23.00,6.19,1,-1,-1,-1
1361,356,233.81,190.26,8.03,3.74,1,-1,-1,-1
1361,354,327.77,141.90,19.40,5.99,1,-1,-1,-1
1381,356,131.20,235.13,8.63,4.18,1,-1,-1,-1
1381,354,327.09,149.95,21.86,6.14,1,-1,-1,-1
1401,354,315.83,149.97,21.92,6.38,1,-1,-1,-1
1421,354,293.04,149.08,22.54,6.84,1,-1,-1,-1
1441,354,286.74,150.03,21.18,6.08,1,-1,-1,-1
1461,354,285.52,150.28,18.76,6.07,1,-1,-1,-1
1481,354,277.87,150.37,20.05,6.08,1,-1,-1,-1
1501,354,257.79,150.26,19.56,5.47,1,-1,-1,-1
1521,354,229.24,148.73,21.52,5.87,1,-1,-1,-1
1541,354,201.10,147.34,18.29,6.50,1,-1,-1,-1
1561,354,191.33,163.95,22.30,5.96,1,-1,-1,-1
1581,354,191.07,192.25,19.44,6.14,1,-1,-1,-1
1641,354,167.18,201.44,16.53,5.83,1,-1,-1,-1
1661,354,168.02,185.37,17.23,6.08,1,-1,-1,-1
1681,354,167.17,169.34,20.49,5.86,1,-1,-1,-1
1701,357,350.10,247.40,15.66,5.53,1,-1,-1,-1
1701,354,167.55,151.59,20.46,6.21,1,-1,-1,-1
1721,357,374.15,246.50,15.50,4.91,1,-1,-1,-1
1721,354,169.96,136.48,21.75,6.00,1,-1,-1,-1
1741,357,407.52,245.92,9.11,4.83,1,-1,-1,-1
1741,354,169.93,125.43,23.44,6.20,1,-1,-1,-1
1761,357,442.30,244.86,15.98,5.76,1,-1,-1,-1
1761,354,183.15,115.06,18.17,7.53,1,-1,-1,-1
1781,357,483.86,243.94,15.28,4.51,1,-1,-1,-1
1781,354,213.67,108.62,19.22,6.49,1,-1,-1,-1
1801,357,523.89,241.28,15.75,6.06,1,-1,-1,-1
1801,354,249.56,103.40,21.49,7.81,1,-1,-1,-1
1821,357,561.96,238.51,16.10,5.38,1,-1,-1,-1
1821,354,259.57,90.21,21.36,7.37,1,-1,-1,-1
1841,357,586.83,235.42,16.54,5.88,1,-1,-1,-1
1841,354,257.90,74.88,19.91,7.55,1,-1,-1,-1
1861,357,593.42,227.03,15.86,5.59,1,-1,-1,-1
1861,354,257.52,59.76,18.86,7.99,1,-1,-1,-1
1881,357,592.96,225.99,16.04,5.16,1,-1,-1,-1
1881,354,257.91,47.85,20.67,9.74,1,-1,-1,-1
1901,357,590.26,223.31,15.87,5.96,1,-1,-1,-1
1901,354,287.90,50.64,19.41,12.21,1,-1,-1,-1
1921,354,350.79,61.02,19.95,8.06,1,-1,-1,-1
1941,357,589.36,198.26,12.10,5.06,1,-1,-1,-1
1941,354,385.39,75.05,20.22,7.15,1,-1,-1,-1
1961,354,387.50,94.06,20.19,6.23,1,-1,-1,-1
1981,357,571.98,215.42,16.60,5.75,1,-1,-1,-1
1981,354,386.87,108.87,19.14,6.50,1,-1,-1,-1
2001,357,570.85,233.43,16.87,5.76,1,-1,-1,-1
2001,354,393.63,109.20,19.90,6.08,1,-1,-1,-1
2021,357,569.58,232.27,16.32,5.56,1,-1,-1,-1
2021,354,416.47,109.57,20.86,7.42,1,-1,-1,-1
2041,357,566.30,231.00,16.59,5.44,1,-1,-1,-1
2041,354,453.07,113.04,18.81,6.18,1,-1,-1,-1
2061,357,562.16,230.26,16.39,5.82,1,-1,-1,-1
2061,354,493.35,115.81,13.45,7.04,1,-1,-1,-1
2081,357,559.80,230.21,18.17,6.01,1,-1,-1,-1
2081,354,504.35,114.82,21.72,6.41,1,-1,-1,-1
2101,357,561.22,230.26,17.05,5.66,1,-1,-1,-1
2101,354,500.91,110.60,23.41,6.92,1,-1,-1,-1
2121,357,561.62,229.59,17.53,6.11,1,-1,-1,-1
2121,354,506.49,103.36,14.26,5.64,1,-1,-1,-1
2141,357,550.37,230.10,18.40,5.78,1,-1,-1,-1
2141,354,505.81,97.53,18.00,5.55,1,-1,-1,-1
2161,357,531.79,231.54,14.34,5.53,1,-1,-1,-1
2161,354,506.42,97.60,18.71,5.70,1,-1,-1,-1
