1,966,273.43,151.20,13.09,4.29,1,-1,-1,-1
1,967,180.80,103.80,25.37,5.75,1,-1,-1,-1
21,966,241.08,150.11,10.61,3.98,1,-1,-1,-1
21,967,186.20,104.95,23.89,6.48,1,-1,-1,-1
41,966,197.16,148.11,10.69,4.09,1,-1,-1,-1
41,967,184.12,105.13,21.83,6.73,1,-1,-1,-1
61,966,143.35,146.06,12.38,4.19,1,-1,-1,-1
61,967,169.22,105.48,24.76,7.24,1,-1,-1,-1
81,966,119.76,135.26,9.21,3.09,1,-1,-1,-1
81,967,125.24,106.92,24.14,5.78,1,-1,-1,-1
101,966,109.88,122.53,12.73,4.29,1,-1,-1,-1
101,967,63.66,105.03,25.74,7.45,1,-1,-1,-1
141,966,46.10,100.76,22.96,6.40,1,-1,-1,-1
141,967,46.10,100.76,22.96,6.40,1,-1,-1,-1
161,966,68.28,97.02,27.50,6.22,1,-1,-1,-1
161,967,68.28,97.02,27.50,6.22,1,-1,-1,-1
181,966,111.49,96.97,22.01,6.21,1,-1,-1,-1
181,967,111.49,96.97,22.01,6.21,1,-1,-1,-1
201,966,116.08,86.98,26.03,7.15,1,-1,-1,-1
201,967,116.08,86.98,26.03,7.15,1,-1,-1,-1
241,966,167.27,73.76,8.29,4.65,1,-1,-1,-1
241,967,167.27,73.76,8.29,4.65,1,-1,-1,-1
301,968,240.86,121.73,30.08,7.05,1,-1,-1,-1
301,969,337.42,88.06,12.46,4.88,1,-1,-1,-1
321,968,244.31,129.52,27.17,8.19,1,-1,-1,-1
321,969,328.92,87.02,11.98,4.36,1,-1,-1,-1
341,968,217.28,133.07,29.30,9.07,1,-1,-1,-1
341,969,287.41,83.32,9.13,4.18,1,-1,-1,-1
361,968,137.86,135.09,32.11,7.25,1,-1,-1,-1
361,969,240.29,74.77,10.75,4.76,1,-1,-1,-1
381,968,55.26,136.47,24.02,6.68,1,-1,-1,-1
381,969,233.15,58.22,12.88,4.40,1,-1,-1,-1
401,968,8.24,135.65,14.59,5.23,1,-1,-1,-1
401,969,203.25,52.24,11.04,4.33,1,-1,-1,-1
421,968,0.89,125.59,23.96,8.16,1,-1,-1,-1
421,969,125.39,45.94,11.81,3.79,1,-1,-1,-1
441,968,9.32,120.64,28.51,6.61,1,-1,-1,-1
441,969,33.36,35.45,13.77,7.03,1,-1,-1,-1
461,968,21.62,112.34,18.85,9.00,1,-1,-1,-1
461,969,9.18,48.88,13.94,4.74,1,-1,-1,-1
481,968,41.41,110.26,32.88,6.70,1,-1,-1,-1
481,969,8.77,72.67,11.96,4.64,1,-1,-1,-1
501,968,79.15,103.50,26.52,7.03,1,-1,-1,-1
501,969,24.57,93.38,11.73,4.38,1,-1,-1,-1
521,968,75.21,112.68,12.23,4.32,1,-1,-1,-1
521,969,75.21,112.68,12.23,4.32,1,-1,-1,-1
541,968,154.37,127.52,12.19,4.27,1,-1,-1,-1
541,969,154.37,127.52,12.19,4.27,1,-1,-1,-1
561,968,225.94,138.00,10.84,4.88,1,-1,-1,-1
561,969,225.94,138.00,10.84,4.88,1,-1,-1,-1
581,968,242.24,140.61,12.26,4.03,1,-1,-1,-1
581,969,242.24,140.61,12.26,4.03,1,-1,-1,-1
601,968,244.41,152.97,11.88,4.60,1,-1,-1,-1
601,969,244.41,152.97,11.88,4.60,1,-1,-1,-1
621,968,261.38,162.04,10.75,4.44,1,-1,-1,-1
621,969,261.38,162.04,10.75,4.44,1,-1,-1,-1
661,970,199.19,71.64,31.17,8.38,1,-1,-1,-1
681,970,195.35,98.41,29.77,8.05,1,-1,-1,-1
701,971,208.91,167.21,11.26,3.59,1,-1,-1,-1
701,970,197.79,118.42,26.48,7.36,1,-1,-1,-1
721,971,144.78,164.81,13.10,3.44,1,-1,-1,-1
721,970,192.86,139.41,32.45,6.82,1,-1,-1,-1
741,971,112.79,163.69,13.24,3.97,1,-1,-1,-1
741,970,179.48,139.09,29.73,7.24,1,-1,-1,-1
761,971,83.02,163.39,11.88,3.27,1,-1,-1,-1
761,970,114.74,139.96,29.98,6.77,1,-1,-1,-1
781,971,29.71,141.22,28.52,6.70,1,-1,-1,-1
841,972,111.49,163.77,12.17,3.87,1,-1,-1,-1
861,972,148.26,165.90,11.65,4.03,1,-1,-1,-1
881,972,197.77,168.10,10.66,3.63,1,-1,-1,-1
901,972,251.47,170.35,11.28,4.43,1,-1,-1,-1
921,972,279.39,172.16,9.73,3.35,1,-1,-1,-1
961,973,140.42,91.39,29.05,7.12,1,-1,-1,-1
981,973,149.55,93.02,27.84,7.86,1,-1,-1,-1
981,972,331.65,204.00,7.60,3.34,1,-1,-1,-1
1001,973,174.53,93.49,24.80,8.07,1,-1,-1,-1
1001,972,286.13,203.51,6.98,3.54,1,-1,-1,-1
1021,973,204.25,94.87,25.70,7.56,1,-1,-1,-1
1041,973,206.38,99.53,24.21,7.29,1,-1,-1,-1
1061,973,200.48,104.44,26.65,6.74,1,-1,-1,-1
1081,973,193.96,104.44,25.98,7.20,1,-1,-1,-1
1101,973,161.42,103.62,28.54,7.99,1,-1,-1,-1
1121,974,31.36,115.67,9.51,2.80,1,-1,-1,-1
1121,973,106.15,103.85,28.14,7.04,1,-1,-1,-1
1141,974,32.40,93.49,11.84,4.25,1,-1,-1,-1
1141,973,96.76,104.00,28.73,8.80,1,-1,-1,-1
1161,974,60.09,96.35,11.83,4.12,1,-1,-1,-1
1161,973,52.97,104.95,26.15,7.49,1,-1,-1,-1
1181,974,44.92,106.33,30.69,5.97,1,-1,-1,-1
1181,973,44.92,106.33,30.69,5.97,1,-1,-1,-1
1221,975,46.32,92.73,28.11,5.94,1,-1,-1,-1
1221,976,257.24,97.29,12.34,4.79,1,-1,-1,-1
1241,975,48.89,79.26,26.91,6.89,1,-1,-1,-1
1241,976,266.20,71.19,11.48,5.18,1,-1,-1,-1
1261,975,49.93,64.88,27.25,7.27,1,-1,-1,-1
1261,976,298.76,47.60,12.32,4.92,1,-1,-1,-1
1281,975,49.40,57.14,29.72,9.22,1,-1,-1,-1
1281,976,307.01,46.37,11.14,4.54,1,-1,-1,-1
1301,975,107.84,58.34,26.23,7.40,1,-1,-1,-1
1301,976,267.53,44.60,10.81,3.73,1,-1,-1,-1
1321,975,187.47,57.66,26.32,7.24,1,-1,-1,-1
1321,976,220.60,40.33,11.04,4.24,1,-1,-1,-1
1341,975,209.29,57.46,24.84,8.88,1,-1,-1,-1
1341,976,173.97,36.41,10.69,4.27,1,-1,-1,-1
1361,975,194.55,64.64,26.69,7.84,1,-1,-1,-1
1361,976,116.06,30.32,10.89,4.20,1,-1,-1,-1
1381,975,192.50,74.28,25.67,7.03,1,-1,-1,-1
1381,976,88.94,5.51,11.94,5.53,1,-1,-1,-1
1401,975,196.91,70.92,25.58,6.47,1,-1,-1,-1
1421,975,200.62,64.92,25.05,7.94,1,-1,-1,-1
1441,975,202.05,59.94,23.18,7.98,1,-1,-1,-1
1461,975,197.89,51.19,26.12,7.62,1,-1,-1,-1
1481,975,201.09,48.75,22.41,8.77,1,-1,-1,-1
1501,977,141.52,16.53,10.80,4.18,1,-1,-1,-1
1501,975,160.87,48.76,23.74,7.49,1,-1,-1,-1
1521,977,166.20,41.49,10.15,5.05,1,-1,-1,-1
1521,975,116.90,50.71,25.73,6.33,1,-1,-1,-1
1541,977,225.14,69.17,11.56,4.86,1,-1,-1,-1
1541,975,118.52,51.87,25.59,6.51,1,-1,-1,-1
1561,977,299.93,90.22,10.99,4.38,1,-1,-1,-1
1561,975,117.67,51.11,28.23,6.17,1,-1,-1,-1
1581,977,324.41,90.70,10.71,4.06,1,-1,-1,-1
1581,975,108.59,39.17,27.25,7.58,1,-1,-1,-1
1601,977,299.68,87.38,11.01,4.58,1,-1,-1,-1
1601,975,92.24,22.82,27.95,8.14,1,-1,-1,-1
1621,977,234.03,80.85,11.17,4.63,1,-1,-1,-1
1621,975,70.21,0.72,30.83,10.62,1,-1,-1,-1
1641,977,161.24,73.71,12.99,6.06,1,-1,-1,-1
1661,977,154.86,85.01,11.40,3.94,1,-1,-1,-1
1681,977,156.61,103.97,11.11,3.78,1,-1,-1,-1
1701,977,154.46,121.94,12.57,4.69,1,-1,-1,-1
1721,977,113.96,136.83,12.58,4.83,1,-1,-1,-1
1741,977,77.70,55.34,42.76,10.68,1,-1,-1,-1
1761,977,104.83,55.99,44.74,11.57,1,-1,-1,-1
1781,977,201.61,56.34,37.18,13.11,1,-1,-1,-1
1801,978,137.10,146.79,12.11,3.80,1,-1,-1,-1
1801,977,235.97,57.54,35.35,11.67,1,-1,-1,-1
1821,978,208.97,149.79,11.54,3.88,1,-1,-1,-1
1821,977,238.47,62.00,35.22,10.92,1,-1,-1,-1
1841,978,264.65,151.82,10.71,4.33,1,-1,-1,-1
1841,977,255.37,62.15,31.55,11.13,1,-1,-1,-1
1861,978,272.04,150.90,10.89,4.19,1,-1,-1,-1
1861,977,252.82,63.41,33.83,10.24,1,-1,-1,-1
1881,978,225.37,145.25,12.88,4.93,1,-1,-1,-1
1881,977,251.91,63.82,35.11,10.84,1,-1,-1,-1
1901,978,124.14,137.02,11.72,4.32,1,-1,-1,-1
1901,977,193.90,61.25,36.90,9.50,1,-1,-1,-1
1921,977,114.38,55.14,40.13,13.67,1,-1,-1,-1
1941,977,137.85,59.39,32.71,9.96,1,-1,-1,-1
1961,977,145.73,62.40,34.89,9.89,1,-1,-1,-1
1981,977,144.25,63.83,36.16,8.74,1,-1,-1,-1
