1,2.0,174.1,317.0,28.2,12.0,-1,-1,-1,-1
1,1.0,358.5,181.6,57.0,19.2,-1,-1,-1,-1
21,2.0,233.8,318.8,24.2,9.5,-1,-1,-1,-1
21,1.0,342.8,186.6,54.5,23.0,-1,-1,-1,-1
41,2.0,286.2,319.0,21.5,10.0,-1,-1,-1,-1
41,1.0,392.8,193.6,52.5,19.2,-1,-1,-1,-1
61,2.0,377.0,316.2,18.5,8.5,-1,-1,-1,-1
61,1.0,507.8,190.4,49.8,20.8,-1,-1,-1,-1
81,2.0,451.2,310.8,22.0,10.5,-1,-1,-1,-1
81,1.0,466.2,195.1,46.8,20.0,-1,-1,-1,-1
101,2.0,410.2,314.8,20.5,9.0,-1,-1,-1,-1
101,1.0,225.5,184.0,46.8,18.2,-1,-1,-1,-1
121,2.0,301.2,315.5,26.5,11.0,-1,-1,-1,-1
141,2.0,253.5,315.0,21.0,9.5,-1,-1,-1,-1
161,2.0,237.9,309.2,35.1,15.0,-1,-1,-1,-1
181,2.0,233.2,298.0,29.2,12.5,-1,-1,-1,-1
201,2.0,266.0,288.8,26.5,10.5,-1,-1,-1,-1
221,4.0,-0.4,160.1,47.5,12.8,-1,-1,-1,-1
221,2.0,277.8,287.2,32.0,11.5,-1,-1,-1,-1
241,4.0,35.8,0.2,40.5,20.9,-1,-1,-1,-1
241,2.0,262.0,288.8,36.0,15.5,-1,-1,-1,-1
261,4.0,49.5,1.3,43.7,24.5,-1,-1,-1,-1
261,2.0,232.6,274.2,35.9,17.5,-1,-1,-1,-1
281,4.0,120.5,53.4,33.8,19.5,-1,-1,-1,-1
281,2.0,237.1,264.5,42.9,15.5,-1,-1,-1,-1
301,4.0,224.2,93.0,30.2,17.0,-1,-1,-1,-1
301,2.0,287.0,257.5,37.0,11.5,-1,-1,-1,-1
321,4.0,334.0,121.5,24.5,9.4,-1,-1,-1,-1
321,2.0,282.0,257.0,44.0,16.0,-1,-1,-1,-1
341,4.0,363.8,134.9,25.5,8.8,-1,-1,-1,-1
341,2.0,250.8,229.1,51.0,19.5,-1,-1,-1,-1
361,4.0,359.5,209.1,26.0,8.8,-1,-1,-1,-1
361,2.0,246.2,217.1,44.0,17.0,-1,-1,-1,-1
381,4.0,354.8,265.2,24.5,9.5,-1,-1,-1,-1
381,2.0,225.6,208.8,55.9,14.2,-1,-1,-1,-1
401,4.0,357.5,292.8,25.5,10.5,-1,-1,-1,-1
401,2.0,207.1,175.2,69.9,30.2,-1,-1,-1,-1
421,4.0,402.2,294.2,24.5,10.0,-1,-1,-1,-1
421,2.0,195.9,218.0,65.6,23.5,-1,-1,-1,-1
441,4.0,480.2,293.8,31.0,13.0,-1,-1,-1,-1
441,2.0,171.0,247.8,66.8,20.5,-1,-1,-1,-1
461,4.0,490.2,295.2,33.8,12.5,-1,-1,-1,-1
461,2.0,114.6,224.0,93.5,36.8,-1,-1,-1,-1
481,4.0,478.0,295.8,31.5,12.5,-1,-1,-1,-1
481,2.0,-2.4,245.9,48.4,25.9,-1,-1,-1,-1
501,9.0,-9.3,272.0,65.9,22.5,-1,-1,-1,-1
501,4.0,455.8,298.0,30.5,12.5,-1,-1,-1,-1
501,2.0,-3.2,273.5,44.4,21.0,-1,-1,-1,-1
521,9.0,35.5,301.8,66.5,19.5,-1,-1,-1,-1
521,4.0,442.0,297.2,31.5,12.5,-1,-1,-1,-1
541,9.0,96.1,324.0,35.7,11.5,-1,-1,-1,-1
541,4.0,422.0,298.2,26.0,11.0,-1,-1,-1,-1
561,9.0,122.1,331.5,38.7,15.0,-1,-1,-1,-1
561,4.0,294.8,300.0,24.5,11.0,-1,-1,-1,-1
581,9.0,127.9,332.0,36.4,13.0,-1,-1,-1,-1
581,4.0,212.1,300.8,29.0,12.0,-1,-1,-1,-1
601,9.0,133.0,332.0,35.0,12.5,-1,-1,-1,-1
601,4.0,205.5,303.2,33.2,12.5,-1,-1,-1,-1
621,4.0,263.5,304.0,26.0,10.5,-1,-1,-1,-1
641,9.0,73.8,311.2,44.0,17.0,-1,-1,-1,-1
641,4.0,357.5,306.5,24.5,10.5,-1,-1,-1,-1
661,10.0,36.9,303.8,57.8,17.5,-1,-1,-1,-1
661,4.0,394.0,306.8,27.0,10.0,-1,-1,-1,-1
681,10.0,2.0,295.2,57.1,19.0,-1,-1,-1,-1
681,4.0,388.5,307.2,27.5,10.5,-1,-1,-1,-1
701,10.0,22.8,295.0,54.3,20.5,-1,-1,-1,-1
701,4.0,383.5,306.5,29.0,11.0,-1,-1,-1,-1
721,13.0,384.5,283.0,26.5,10.5,-1,-1,-1,-1
721,10.0,102.4,295.0,45.6,16.5,-1,-1,-1,-1
741,13.0,384.2,235.0,19.5,8.0,-1,-1,-1,-1
741,10.0,105.2,288.8,53.8,21.0,-1,-1,-1,-1
761,13.0,384.2,258.2,19.5,7.5,-1,-1,-1,-1
761,10.0,50.3,263.2,64.2,19.5,-1,-1,-1,-1
781,15.0,49.9,256.2,65.1,22.0,-1,-1,-1,-1
781,13.0,382.2,290.5,22.5,9.5,-1,-1,-1,-1
801,15.0,129.5,248.4,69.5,26.6,-1,-1,-1,-1
801,13.0,371.2,296.2,28.0,12.5,-1,-1,-1,-1
821,15.0,129.0,217.2,78.2,31.0,-1,-1,-1,-1
841,16.0,187.9,210.8,86.6,29.0,-1,-1,-1,-1
861,16.0,162.0,155.2,113.0,55.5,-1,-1,-1,-1
881,16.0,265.5,129.9,149.0,61.8,-1,-1,-1,-1
901,16.0,532.5,112.0,114.0,50.0,-1,-1,-1,-1
941,13.0,289.8,318.5,24.0,10.0,-1,-1,-1,-1
961,13.0,291.5,318.0,22.0,10.0,-1,-1,-1,-1
981,13.0,264.2,305.8,24.5,11.5,-1,-1,-1,-1
1001,13.0,171.0,285.0,34.0,19.0,-1,-1,-1,-1
1021,13.0,92.6,281.0,32.0,12.0,-1,-1,-1,-1
1041,24.0,520.0,308.8,38.0,14.5,-1,-1,-1,-1
1041,13.0,101.7,274.5,36.3,14.0,-1,-1,-1,-1
1061,24.0,473.0,311.8,30.0,12.0,-1,-1,-1,-1
1061,13.0,179.0,268.2,34.2,12.0,-1,-1,-1,-1
1081,24.0,468.2,310.2,29.5,15.5,-1,-1,-1,-1
1081,13.0,197.2,264.2,38.2,15.0,-1,-1,-1,-1
1101,24.0,440.2,320.0,30.0,13.0,-1,-1,-1,-1
1101,13.0,211.9,239.8,44.0,17.2,-1,-1,-1,-1
1121,24.0,424.2,309.8,25.5,10.0,-1,-1,-1,-1
1121,13.0,224.8,191.1,49.8,23.0,-1,-1,-1,-1
1141,24.0,425.5,295.8,22.5,9.5,-1,-1,-1,-1
1141,13.0,245.1,189.6,52.1,23.0,-1,-1,-1,-1
1161,24.0,385.8,296.0,23.5,9.5,-1,-1,-1,-1
1161,13.0,408.5,200.1,55.0,20.0,-1,-1,-1,-1
1181,24.0,321.0,297.5,20.0,8.5,-1,-1,-1,-1
1201,24.0,256.8,297.0,26.0,12.0,-1,-1,-1,-1
1221,24.0,227.8,282.0,37.0,16.0,-1,-1,-1,-1
1241,24.0,224.5,281.8,32.0,12.0,-1,-1,-1,-1
1241,13.0,593.0,223.4,44.0,10.2,-1,-1,-1,-1
1261,27.0,544.0,232.1,38.0,14.5,-1,-1,-1,-1
1261,24.0,223.5,283.2,27.0,10.0,-1,-1,-1,-1
1281,27.0,424.0,259.8,34.0,12.0,-1,-1,-1,-1
1281,24.0,223.4,285.0,26.8,10.0,-1,-1,-1,-1
1301,27.0,386.2,269.0,34.0,12.5,-1,-1,-1,-1
1301,24.0,221.4,285.8,28.5,10.5,-1,-1,-1,-1
1321,27.0,417.8,274.2,31.5,17.0,-1,-1,-1,-1
1321,24.0,215.6,282.2,34.5,14.0,-1,-1,-1,-1
1341,27.0,400.5,295.0,19.5,9.5,-1,-1,-1,-1
1341,24.0,205.6,258.8,29.2,11.0,-1,-1,-1,-1
1361,27.0,311.8,309.5,31.5,12.5,-1,-1,-1,-1
1361,24.0,179.0,203.1,54.0,30.8,-1,-1,-1,-1
1381,27.0,260.5,315.5,24.0,10.5,-1,-1,-1,-1
1381,24.0,174.4,197.5,50.2,17.0,-1,-1,-1,-1
1401,27.0,223.9,317.8,17.8,8.0,-1,-1,-1,-1
1401,24.0,135.6,162.0,57.2,24.5,-1,-1,-1,-1
1421,27.0,201.5,316.0,20.5,9.5,-1,-1,-1,-1
1421,24.0,119.8,212.5,60.8,20.2,-1,-1,-1,-1
1441,27.0,194.1,316.0,17.8,8.5,-1,-1,-1,-1
1441,24.0,106.4,272.0,62.0,16.5,-1,-1,-1,-1
1461,27.0,192.9,312.8,20.8,10.0,-1,-1,-1,-1
1461,24.0,224.0,273.0,48.2,18.0,-1,-1,-1,-1
1481,27.0,199.5,300.5,26.0,10.5,-1,-1,-1,-1
1481,24.0,447.8,266.8,43.5,18.5,-1,-1,-1,-1
1501,27.0,201.8,284.8,33.5,14.5,-1,-1,-1,-1
1501,24.0,552.5,266.8,63.0,19.0,-1,-1,-1,-1
1521,27.0,215.8,242.2,32.2,11.0,-1,-1,-1,-1
1541,33.0,549.5,290.5,45.0,19.5,-1,-1,-1,-1
1541,27.0,225.9,182.5,49.6,26.5,-1,-1,-1,-1
1561,33.0,487.2,302.8,37.2,17.5,-1,-1,-1,-1
1561,27.0,228.2,192.0,47.2,16.8,-1,-1,-1,-1
1581,33.0,466.0,224.2,34.0,11.5,-1,-1,-1,-1
1581,27.0,277.8,199.8,38.0,17.0,-1,-1,-1,-1
1601,33.0,461.8,212.9,37.0,14.5,-1,-1,-1,-1
1601,27.0,376.0,208.6,43.0,14.8,-1,-1,-1,-1
1621,33.0,465.0,215.4,33.0,13.2,-1,-1,-1,-1
1621,27.0,401.8,256.8,42.5,15.0,-1,-1,-1,-1
1641,33.0,459.0,214.1,30.5,14.8,-1,-1,-1,-1
1641,27.0,422.2,301.5,39.0,15.0,-1,-1,-1,-1
1661,33.0,372.5,218.8,33.0,12.2,-1,-1,-1,-1
1661,27.0,516.0,325.5,40.0,16.0,-1,-1,-1,-1
1681,33.0,299.0,209.5,27.0,9.0,-1,-1,-1,-1
1681,27.0,530.0,249.8,36.0,13.0,-1,-1,-1,-1
1701,33.0,291.8,186.6,26.5,8.2,-1,-1,-1,-1
1701,27.0,504.2,57.9,37.8,12.5,-1,-1,-1,-1
1721,33.0,294.8,180.8,28.5,9.5,-1,-1,-1,-1
1741,33.0,293.2,132.6,38.5,18.5,-1,-1,-1,-1
1761,33.0,292.2,90.5,31.5,13.1,-1,-1,-1,-1
1781,33.0,242.9,92.3,30.4,15.1,-1,-1,-1,-1
1801,33.0,180.6,107.1,29.8,10.8,-1,-1,-1,-1
1821,41.0,6.5,134.4,17.2,8.2,-1,-1,-1,-1
1821,33.0,164.9,98.2,32.8,9.8,-1,-1,-1,-1
1841,41.0,75.7,176.4,13.8,6.2,-1,-1,-1,-1
1841,33.0,158.2,79.6,40.2,13.4,-1,-1,-1,-1
1861,33.0,163.5,166.2,30.2,8.2,-1,-1,-1,-1
1881,41.0,235.1,226.1,17.5,7.8,-1,-1,-1,-1
1881,33.0,140.9,172.2,39.5,10.8,-1,-1,-1,-1
1901,41.0,295.0,235.2,17.0,7.5,-1,-1,-1,-1
1901,33.0,122.7,130.1,46.1,17.8,-1,-1,-1,-1
1921,41.0,340.0,237.2,19.5,8.2,-1,-1,-1,-1
1921,33.0,122.1,115.8,54.6,18.2,-1,-1,-1,-1
1941,33.0,115.6,117.0,53.0,11.6,-1,-1,-1,-1
1961,41.0,390.8,231.4,16.5,7.8,-1,-1,-1,-1
1961,33.0,114.5,157.9,48.5,16.5,-1,-1,-1,-1
1981,41.0,401.2,225.5,13.5,6.8,-1,-1,-1,-1
1981,33.0,104.7,196.6,56.8,17.8,-1,-1,-1,-1
2001,41.0,430.0,236.6,14.0,7.2,-1,-1,-1,-1
2001,33.0,46.5,130.4,72.9,33.5,-1,-1,-1,-1
2021,41.0,471.2,260.0,21.0,9.5,-1,-1,-1,-1
2021,33.0,34.8,130.8,72.6,26.2,-1,-1,-1,-1
2041,41.0,541.5,240.0,23.0,9.8,-1,-1,-1,-1
2041,33.0,201.8,148.1,62.5,21.5,-1,-1,-1,-1
2061,41.0,601.5,203.2,20.0,8.0,-1,-1,-1,-1
2061,33.0,317.2,154.6,56.0,31.8,-1,-1,-1,-1
2081,41.0,621.5,168.8,18.0,9.0,-1,-1,-1,-1
2081,33.0,333.2,230.2,45.0,16.8,-1,-1,-1,-1
2101,41.0,597.5,169.5,25.0,6.0,-1,-1,-1,-1
2101,33.0,333.0,277.2,32.5,15.5,-1,-1,-1,-1
2121,41.0,572.5,201.9,28.0,7.0,-1,-1,-1,-1
2121,33.0,330.8,270.0,26.0,10.0,-1,-1,-1,-1
2141,41.0,585.0,233.5,32.0,11.8,-1,-1,-1,-1
2141,33.0,307.0,270.5,22.5,9.5,-1,-1,-1,-1
2161,41.0,583.5,260.2,44.0,14.5,-1,-1,-1,-1
2161,33.0,238.4,280.2,26.9,12.0,-1,-1,-1,-1
2181,41.0,587.0,266.8,37.0,14.0,-1,-1,-1,-1
2181,33.0,208.8,286.2,28.2,11.0,-1,-1,-1,-1
