1,209,256.13555908203125,163.96798706054688,3.503997802734375,2.0874176025390625,1,-1,-1,-1
21,212,253.44215393066406,164.0719757080078,4.3271636962890625,3.2003631591796875,1,-1,-1,-1
41,215,253.9844512939453,164.03680419921875,4.8878021240234375,2.643524169921875,1,-1,-1,-1
61,218,249.77725219726562,157.56106567382812,3.822906494140625,2.53973388671875,1,-1,-1,-1
101,221,488.12078857421875,276.8052062988281,5.80035400390625,4.3380126953125,1,-1,-1,-1
121,221,456.14190673828125,285.41033935546875,6.567291259765625,4.849273681640625,1,-1,-1,-1
141,221,421.2174987792969,295.4416198730469,8.523468017578125,3.788421630859375,1,-1,-1,-1
161,221,388.7000732421875,303.9688415527344,7.030792236328125,3.260528564453125,1,-1,-1,-1
181,222,181.09925842285156,107.79077911376953,8.92559814453125,4.761802673339844,1,-1,-1,-1
181,221,364.9997253417969,309.6535339355469,6.1541748046875,4.620025634765625,1,-1,-1,-1
201,222,184.97354125976562,129.7611083984375,5.8338165283203125,5.1273193359375,1,-1,-1,-1
201,221,357.7476806640625,310.6993408203125,7.167510986328125,3.677154541015625,1,-1,-1,-1
221,222,184.9375,154.1197052001953,7.146636962890625,4.93505859375,1,-1,-1,-1
221,221,354.9114990234375,309.2638854980469,6.065673828125,3.965118408203125,1,-1,-1,-1
241,222,184.42724609375,177.6970977783203,6.964141845703125,3.4465484619140625,1,-1,-1,-1
241,221,348.7649841308594,305.3337097167969,5.88433837890625,3.606719970703125,1,-1,-1,-1
261,222,183.63394165039062,182.9267578125,7.537841796875,3.697540283203125,1,-1,-1,-1
261,221,339.3642883300781,299.61700439453125,7.71148681640625,3.657012939453125,1,-1,-1,-1
281,222,184.0701446533203,183.04136657714844,6.721343994140625,3.651458740234375,1,-1,-1,-1
281,221,326.1840515136719,290.4852600097656,8.213043212890625,4.13720703125,1,-1,-1,-1
301,222,204.3416748046875,176.90689086914062,3.6732177734375,3.173614501953125,1,-1,-1,-1
301,221,310.71392822265625,278.38037109375,8.1552734375,4.87872314453125,1,-1,-1,-1
321,222,248.4996337890625,159.5672149658203,8.199432373046875,3.9827728271484375,1,-1,-1,-1
321,221,291.4635314941406,264.8959655761719,8.716796875,3.925872802734375,1,-1,-1,-1
341,222,293.88189697265625,142.01319885253906,7.31878662109375,6.6986846923828125,1,-1,-1,-1
341,221,270.353515625,251.58132934570312,8.2677001953125,3.8709259033203125,1,-1,-1,-1
361,222,302.3849792480469,137.05270385742188,8.0755615234375,5.934356689453125,1,-1,-1,-1
361,221,253.00230407714844,237.0977783203125,9.135421752929688,5.207855224609375,1,-1,-1,-1
381,222,303.2434997558594,135.7326202392578,8.1539306640625,5.3549346923828125,1,-1,-1,-1
381,221,237.07546997070312,224.86599731445312,10.0552978515625,6.53582763671875,1,-1,-1,-1
401,222,308.5104675292969,142.4717559814453,6.14227294921875,7.0233306884765625,1,-1,-1,-1
401,221,232.5017547607422,221.7487335205078,10.504806518554688,4.73089599609375,1,-1,-1,-1
421,222,324.7396545410156,164.55674743652344,6.854248046875,7.0538177490234375,1,-1,-1,-1
421,221,247.25814819335938,215.69436645507812,8.002243041992188,5.078765869140625,1,-1,-1,-1
441,222,340.82763671875,194.91371154785156,6.891326904296875,5.990325927734375,1,-1,-1,-1
441,221,284.6710205078125,201.6595458984375,11.00799560546875,4.7243804931640625,1,-1,-1,-1
461,222,331.5694580078125,224.06854248046875,4.2130126953125,3.464813232421875,1,-1,-1,-1
461,221,336.5054931640625,183.3878173828125,10.4197998046875,5.5809783935546875,1,-1,-1,-1
481,222,297.80731201171875,250.9718475341797,4.953155517578125,3.9668426513671875,1,-1,-1,-1
481,221,391.52398681640625,164.072265625,10.79571533203125,6.144683837890625,1,-1,-1,-1
501,222,253.7754669189453,276.10760498046875,4.6126251220703125,2.965667724609375,1,-1,-1,-1
501,221,446.0815124511719,144.95382690429688,11.52069091796875,6.641326904296875,1,-1,-1,-1
521,222,208.03018188476562,296.6363220214844,3.8422393798828125,3.358306884765625,1,-1,-1,-1
521,221,496.4626770019531,126.60072326660156,9.962982177734375,8.109207153320312,1,-1,-1,-1
541,222,177.633544921875,309.6477355957031,5.033355712890625,3.08758544921875,1,-1,-1,-1
541,221,517.1861572265625,119.36766815185547,11.5257568359375,8.066085815429688,1,-1,-1,-1
561,222,154.59176635742188,313.1745300292969,4.879058837890625,3.2935791015625,1,-1,-1,-1
561,221,518.9464111328125,119.38858032226562,11.54443359375,7.136451721191406,1,-1,-1,-1
581,222,121.55999755859375,308.9783630371094,4.5912628173828125,3.38409423828125,1,-1,-1,-1
581,221,517.7453002929688,119.71366119384766,12.51080322265625,6.963081359863281,1,-1,-1,-1
601,221,517.7680053710938,119.17848205566406,10.8819580078125,7.490020751953125,1,-1,-1,-1
621,223,184.59161376953125,198.00750732421875,10.509384155273438,5.8559722900390625,1,-1,-1,-1
621,221,517.2249755859375,119.14752960205078,11.4229736328125,7.547309875488281,1,-1,-1,-1
641,223,151.82394409179688,208.89215087890625,10.495208740234375,5.32403564453125,1,-1,-1,-1
641,221,517.629638671875,120.1211929321289,11.74853515625,7.3428192138671875,1,-1,-1,-1
661,223,145.6693572998047,216.1709442138672,10.658294677734375,5.31085205078125,1,-1,-1,-1
661,221,517.4657592773438,124.69210815429688,10.58587646484375,7.160430908203125,1,-1,-1,-1
681,223,146.20880126953125,232.37356567382812,10.838546752929688,5.5598602294921875,1,-1,-1,-1
681,221,518.5216064453125,130.3488311767578,10.2432861328125,7.2253875732421875,1,-1,-1,-1
701,223,146.79136657714844,251.17971801757812,11.444900512695312,5.4373779296875,1,-1,-1,-1
701,221,518.2288208007812,135.30259704589844,12.04107666015625,7.066162109375,1,-1,-1,-1
721,223,147.1881866455078,253.65188598632812,10.415557861328125,5.323211669921875,1,-1,-1,-1
721,221,519.310546875,140.31028747558594,10.15972900390625,7.60552978515625,1,-1,-1,-1
741,223,145.87741088867188,253.0257568359375,10.163970947265625,4.548675537109375,1,-1,-1,-1
741,221,521.129638671875,148.32408142089844,12.17529296875,8.485885620117188,1,-1,-1,-1
761,223,140.68701171875,251.0251922607422,11.257431030273438,4.433197021484375,1,-1,-1,-1
761,221,524.8524169921875,167.77008056640625,11.255615234375,6.8314361572265625,1,-1,-1,-1
781,223,131.35472106933594,243.7161102294922,11.008834838867188,6.3725433349609375,1,-1,-1,-1
781,221,530.2296752929688,191.8556365966797,9.9349365234375,5.160064697265625,1,-1,-1,-1
801,223,124.84414672851562,240.8838653564453,10.720428466796875,5.5980072021484375,1,-1,-1,-1
801,221,537.6415405273438,211.95579528808594,7.5888671875,4.013397216796875,1,-1,-1,-1
821,223,126.28288269042969,241.63711547851562,10.188232421875,4.8385772705078125,1,-1,-1,-1
821,221,538.53369140625,216.80523681640625,7.0875244140625,5.155242919921875,1,-1,-1,-1
841,223,142.1566619873047,237.0977783203125,9.244583129882812,5.581085205078125,1,-1,-1,-1
841,221,532.781494140625,218.30255126953125,9.7332763671875,5.7710418701171875,1,-1,-1,-1
861,223,177.773681640625,226.71517944335938,10.727737426757812,4.8721771240234375,1,-1,-1,-1
861,221,513.412109375,225.4539337158203,7.74444580078125,5.4085845947265625,1,-1,-1,-1
881,223,216.67398071289062,212.99853515625,10.7410888671875,7.52130126953125,1,-1,-1,-1
881,221,477.89569091796875,236.31332397460938,7.97052001953125,4.5256805419921875,1,-1,-1,-1
901,223,239.35894775390625,207.6149444580078,10.509979248046875,4.9239044189453125,1,-1,-1,-1
901,221,450.46502685546875,244.82620239257812,7.03839111328125,4.32989501953125,1,-1,-1,-1
921,223,270.08551025390625,196.54502868652344,11.677032470703125,6.530975341796875,1,-1,-1,-1
921,221,444.48040771484375,245.16397094726562,8.82513427734375,4.7626190185546875,1,-1,-1,-1
941,223,289.1048278808594,190.75344848632812,11.75421142578125,6.2424163818359375,1,-1,-1,-1
941,221,445.0709228515625,245.10000610351562,8.256378173828125,4.7357025146484375,1,-1,-1,-1
961,223,291.40985107421875,188.9503173828125,10.151092529296875,8.166915893554688,1,-1,-1,-1
961,221,443.82965087890625,244.74661254882812,7.67669677734375,4.3308868408203125,1,-1,-1,-1
981,223,279.73419189453125,192.49546813964844,10.250579833984375,7.9025115966796875,1,-1,-1,-1
981,221,437.3514404296875,245.1752166748047,8.15936279296875,5.9427032470703125,1,-1,-1,-1
1001,223,257.6070251464844,201.04519653320312,10.373138427734375,5.3367767333984375,1,-1,-1,-1
1001,221,423.59796142578125,249.8320770263672,7.7728271484375,4.7966156005859375,1,-1,-1,-1
1021,223,249.18502807617188,204.4890594482422,9.61383056640625,5.696624755859375,1,-1,-1,-1
1021,221,417.2562255859375,251.23382568359375,8.776031494140625,5.54132080078125,1,-1,-1,-1
1041,223,249.31182861328125,207.26475524902344,10.43243408203125,7.21746826171875,1,-1,-1,-1
1041,221,416.60546875,255.32447814941406,10.0721435546875,4.6305084228515625,1,-1,-1,-1
1061,223,250.51974487304688,202.18345642089844,9.953704833984375,6.8285980224609375,1,-1,-1,-1
1061,221,417.7510986328125,259.1902770996094,8.460601806640625,5.552764892578125,1,-1,-1,-1
1081,223,246.0279541015625,202.9858856201172,9.305679321289062,8.409088134765625,1,-1,-1,-1
1081,221,425.059326171875,270.4168701171875,7.76434326171875,4.8131103515625,1,-1,-1,-1
1101,223,224.24002075195312,210.76133728027344,10.270187377929688,5.8989715576171875,1,-1,-1,-1
1101,221,435.6922912597656,283.8370666503906,6.881256103515625,3.872711181640625,1,-1,-1,-1
1121,223,204.748779296875,216.264404296875,11.082992553710938,6.042877197265625,1,-1,-1,-1
1121,221,441.8074035644531,292.3327941894531,6.039886474609375,3.450286865234375,1,-1,-1,-1
1141,223,198.19932556152344,219.4402313232422,11.317596435546875,5.37432861328125,1,-1,-1,-1
1141,221,450.71649169921875,293.5953369140625,5.606292724609375,3.07867431640625,1,-1,-1,-1
1161,223,199.26171875,224.66937255859375,10.614288330078125,5.745391845703125,1,-1,-1,-1
1161,221,467.4837646484375,289.2488708496094,7.197784423828125,3.86102294921875,1,-1,-1,-1
1181,223,199.6944580078125,224.4947509765625,10.476425170898438,6.108367919921875,1,-1,-1,-1
1181,221,494.48944091796875,282.1714172363281,5.47857666015625,3.593475341796875,1,-1,-1,-1
1201,223,200.143798828125,224.17843627929688,9.641876220703125,5.75567626953125,1,-1,-1,-1
1201,221,522.7299194335938,274.92413330078125,6.565185546875,3.9969482421875,1,-1,-1,-1
1221,223,197.99850463867188,216.56085205078125,10.4112548828125,6.3309478759765625,1,-1,-1,-1
1221,221,543.625,268.8980407714844,6.12921142578125,3.914794921875,1,-1,-1,-1
1241,223,197.48965454101562,216.90719604492188,11.420989990234375,5.506988525390625,1,-1,-1,-1
1241,221,544.934326171875,267.3216247558594,6.4346923828125,4.3126220703125,1,-1,-1,-1
1261,223,208.65151977539062,213.31515502929688,11.526992797851562,5.3443450927734375,1,-1,-1,-1
1261,221,543.0994262695312,267.7388916015625,7.3170166015625,3.945068359375,1,-1,-1,-1
1281,223,224.89962768554688,208.2145233154297,10.714569091796875,6.0827789306640625,1,-1,-1,-1
1281,221,539.5596923828125,264.8246765136719,7.8604736328125,4.44439697265625,1,-1,-1,-1
1301,223,226.4977264404297,206.9164581298828,10.151290893554688,6.8348236083984375,1,-1,-1,-1
1301,221,536.5342407226562,258.3908386230469,7.422607421875,4.53118896484375,1,-1,-1,-1
1321,223,216.70631408691406,209.34124755859375,10.113327026367188,6.6961212158203125,1,-1,-1,-1
1321,221,535.1757202148438,256.40899658203125,7.81787109375,3.98895263671875,1,-1,-1,-1
1341,223,201.87759399414062,214.82064819335938,9.803497314453125,5.3655853271484375,1,-1,-1,-1
1341,221,533.2874145507812,256.2230224609375,8.46942138671875,4.262481689453125,1,-1,-1,-1
1361,223,203.82357788085938,214.55532836914062,10.08526611328125,4.914154052734375,1,-1,-1,-1
1361,221,533.4293212890625,255.69256591796875,6.7279052734375,3.925628662109375,1,-1,-1,-1
1381,223,226.84567260742188,206.4588623046875,10.852005004882812,5.7951507568359375,1,-1,-1,-1
1381,221,531.4453735351562,254.74839782714844,6.65704345703125,3.3384246826171875,1,-1,-1,-1
1401,223,274.5291748046875,191.8545684814453,10.469970703125,5.7546539306640625,1,-1,-1,-1
1401,221,529.3760986328125,250.49996948242188,7.71820068359375,3.8764190673828125,1,-1,-1,-1
1421,223,320.5716247558594,176.6052703857422,9.5302734375,8.56268310546875,1,-1,-1,-1
1421,221,524.6146240234375,239.8221893310547,8.68621826171875,3.7786102294921875,1,-1,-1,-1
1441,223,332.3521728515625,171.94700622558594,9.615875244140625,8.678009033203125,1,-1,-1,-1
1441,221,516.6411743164062,220.4179229736328,9.66552734375,7.1260528564453125,1,-1,-1,-1
1461,223,323.22607421875,174.31588745117188,10.724884033203125,8.91790771484375,1,-1,-1,-1
1461,221,513.3545532226562,212.2443084716797,8.01434326171875,6.5697021484375,1,-1,-1,-1
1481,223,300.654541015625,183.38345336914062,11.04931640625,6.1295013427734375,1,-1,-1,-1
1481,221,512.8320922851562,211.40158081054688,10.096923828125,4.551055908203125,1,-1,-1,-1
1501,223,290.2852478027344,185.7605743408203,10.41534423828125,7.1217498779296875,1,-1,-1,-1
1501,221,512.69140625,208.6396484375,8.05255126953125,4.42950439453125,1,-1,-1,-1
1521,223,276.8272705078125,190.266845703125,10.46392822265625,7.2502593994140625,1,-1,-1,-1
1521,221,511.4681701660156,203.72634887695312,8.004730224609375,4.999420166015625,1,-1,-1,-1
1541,223,257.206298828125,196.5972900390625,9.673736572265625,7.003753662109375,1,-1,-1,-1
1541,221,510.36492919921875,196.57122802734375,8.15325927734375,5.446807861328125,1,-1,-1,-1
1561,223,233.2239532470703,204.20806884765625,11.584426879882812,5.7235870361328125,1,-1,-1,-1
1561,221,506.29888916015625,188.64427185058594,9.50628662109375,6.07672119140625,1,-1,-1,-1
1581,223,213.7600860595703,209.73599243164062,11.929702758789062,6.9227294921875,1,-1,-1,-1
1581,221,505.2439880371094,183.83432006835938,9.741485595703125,6.7952117919921875,1,-1,-1,-1
1601,223,194.43441772460938,217.34539794921875,9.56988525390625,5.350341796875,1,-1,-1,-1
1601,221,495.683837890625,187.79563903808594,9.926361083984375,5.24493408203125,1,-1,-1,-1
1621,223,182.45138549804688,219.92184448242188,11.429519653320312,6.4396209716796875,1,-1,-1,-1
1621,221,486.72052001953125,180.34912109375,8.91339111328125,5.5089111328125,1,-1,-1,-1
1641,223,177.66180419921875,222.4506072998047,11.55108642578125,5.1259002685546875,1,-1,-1,-1
1641,221,478.993896484375,157.7130126953125,9.9530029296875,5.9371795654296875,1,-1,-1,-1
1661,223,188.3257293701172,219.10244750976562,10.55328369140625,5.3026123046875,1,-1,-1,-1
1661,221,478.47259521484375,155.02943420410156,9.17938232421875,6.692657470703125,1,-1,-1,-1
1681,223,220.95272827148438,208.69602966308594,10.386077880859375,5.597320556640625,1,-1,-1,-1
1681,221,474.3935546875,156.65936279296875,9.11834716796875,6.0258026123046875,1,-1,-1,-1
1701,223,249.81492614746094,198.08160400390625,11.013290405273438,6.70513916015625,1,-1,-1,-1
1701,221,478.22589111328125,172.75277709960938,8.5732421875,6.0624542236328125,1,-1,-1,-1
1721,223,268.52069091796875,192.2947540283203,11.046142578125,5.3007354736328125,1,-1,-1,-1
1721,221,478.2702331542969,177.57855224609375,9.833740234375,6.3259124755859375,1,-1,-1,-1
1741,223,294.2587890625,181.53778076171875,11.02764892578125,8.414031982421875,1,-1,-1,-1
1741,221,469.41888427734375,180.62257385253906,9.99853515625,6.4246826171875,1,-1,-1,-1
1761,223,304.0205383300781,178.26759338378906,10.234832763671875,7.635711669921875,1,-1,-1,-1
1761,221,457.62176513671875,184.4117431640625,9.66485595703125,6.184234619140625,1,-1,-1,-1
1781,223,303.899658203125,176.70330810546875,10.96966552734375,8.337295532226562,1,-1,-1,-1
1781,221,446.0826416015625,187.49435424804688,9.463043212890625,6.28375244140625,1,-1,-1,-1
1801,223,298.45361328125,179.0017852783203,11.2921142578125,7.9842071533203125,1,-1,-1,-1
1801,221,433.0279235839844,192.0165252685547,9.228668212890625,5.7346954345703125,1,-1,-1,-1
1821,223,283.7832946777344,181.52297973632812,10.00958251953125,9.52777099609375,1,-1,-1,-1
1821,221,420.00726318359375,195.59449768066406,9.6124267578125,6.39447021484375,1,-1,-1,-1
1841,223,257.38140869140625,191.17709350585938,11.315765380859375,7.22784423828125,1,-1,-1,-1
1841,221,407.69891357421875,201.1245880126953,9.682373046875,4.802398681640625,1,-1,-1,-1
1861,223,225.23582458496094,201.55880737304688,12.078323364257812,6.320220947265625,1,-1,-1,-1
1861,221,394.40020751953125,204.80508422851562,9.215484619140625,5.1362457275390625,1,-1,-1,-1
1881,223,201.58660888671875,209.3990936279297,12.128677368164062,5.67010498046875,1,-1,-1,-1
1881,221,383.9758605957031,208.8784637451172,9.586639404296875,5.1508331298828125,1,-1,-1,-1
1901,223,193.48114013671875,211.72740173339844,11.591262817382812,7.361175537109375,1,-1,-1,-1
1901,221,373.1324462890625,212.76222229003906,9.535888671875,5.2052001953125,1,-1,-1,-1
1921,223,179.04251098632812,217.01942443847656,11.092498779296875,5.390716552734375,1,-1,-1,-1
1921,221,369.1493225097656,214.3289031982422,9.108489990234375,5.125762939453125,1,-1,-1,-1
1941,223,175.5546417236328,219.3207550048828,9.9290771484375,5.041351318359375,1,-1,-1,-1
1941,221,369.95306396484375,213.80841064453125,8.53692626953125,5.9159698486328125,1,-1,-1,-1
1961,223,193.36439514160156,213.21604919433594,10.568161010742188,5.2066650390625,1,-1,-1,-1
1961,221,366.419677734375,215.67567443847656,9.016876220703125,5.0895843505859375,1,-1,-1,-1
1981,223,222.41360473632812,203.13172912597656,10.549072265625,7.5789031982421875,1,-1,-1,-1
1981,221,352.5176696777344,219.39523315429688,9.412445068359375,5.410858154296875,1,-1,-1,-1
2001,223,227.4026336669922,203.5463409423828,10.461807250976562,6.25830078125,1,-1,-1,-1
2001,221,333.5166931152344,226.3423309326172,9.5428466796875,4.8618316650390625,1,-1,-1,-1
2021,223,224.76492309570312,204.84854125976562,10.902053833007812,6.3297576904296875,1,-1,-1,-1
2021,221,326.2269592285156,228.64346313476562,9.469146728515625,4.8393096923828125,1,-1,-1,-1
2041,223,222.6122283935547,204.60093688964844,10.410873413085938,6.201873779296875,1,-1,-1,-1
2041,221,328.4164733886719,232.53140258789062,9.257354736328125,6.5208587646484375,1,-1,-1,-1
2061,223,220.4947052001953,200.58226013183594,10.495651245117188,5.781219482421875,1,-1,-1,-1
2061,221,341.0554504394531,245.6719207763672,9.477996826171875,6.4091796875,1,-1,-1,-1
2081,223,220.7422637939453,195.9062042236328,10.982315063476562,5.5629119873046875,1,-1,-1,-1
2081,221,358.6560363769531,263.8031921386719,9.218597412109375,5.136322021484375,1,-1,-1,-1
2101,223,232.1280517578125,193.54075622558594,9.431304931640625,5.200225830078125,1,-1,-1,-1
2101,221,377.96923828125,282.7535095214844,7.74139404296875,3.967010498046875,1,-1,-1,-1
2121,223,273.6866455078125,179.63656616210938,9.930572509765625,6.2047882080078125,1,-1,-1,-1
2121,221,392.18475341796875,294.31719970703125,6.16455078125,4.54638671875,1,-1,-1,-1
2141,223,309.6934509277344,166.21629333496094,10.8734130859375,9.5477294921875,1,-1,-1,-1
2141,221,395.23382568359375,295.98590087890625,7.23052978515625,3.799468994140625,1,-1,-1,-1
2161,223,315.88580322265625,164.6209259033203,9.0728759765625,9.680038452148438,1,-1,-1,-1
2161,221,408.84161376953125,293.1409912109375,6.220184326171875,2.678955078125,1,-1,-1,-1
