1,328,312.24493408203125,257.5652160644531,6.0460205078125,3.2119140625,1,-1,-1,-1
21,330,311.541015625,253.81353759765625,4.832000732421875,3.974822998046875,1,-1,-1,-1
41,332,311.2862548828125,245.91574096679688,4.59832763671875,4.2354888916015625,1,-1,-1,-1
61,335,311.3306884765625,237.1918182373047,4.777587890625,3.4739990234375,1,-1,-1,-1
81,337,310.9008483886719,229.78846740722656,4.861114501953125,3.7121429443359375,1,-1,-1,-1
101,340,311.2499694824219,229.12832641601562,5.23394775390625,3.058319091796875,1,-1,-1,-1
121,343,310.4088439941406,229.2731475830078,5.483978271484375,3.0414581298828125,1,-1,-1,-1
141,345,310.8392639160156,229.22103881835938,4.88787841796875,3.175445556640625,1,-1,-1,-1
161,347,310.403076171875,229.2460479736328,5.659423828125,3.14642333984375,1,-1,-1,-1
181,349,310.02459716796875,229.2034454345703,5.13427734375,3.2359466552734375,1,-1,-1,-1
201,351,309.55511474609375,229.24334716796875,4.31231689453125,3.20159912109375,1,-1,-1,-1
221,354,303.2264404296875,229.6009063720703,3.634613037109375,3.7483978271484375,1,-1,-1,-1
241,356,284.49456787109375,230.51380920410156,5.640655517578125,3.6211090087890625,1,-1,-1,-1
301,358,376.47491455078125,314.37255859375,3.89276123046875,3.497161865234375,1,-1,-1,-1
321,358,377.65130615234375,312.77239990234375,5.1236572265625,3.491729736328125,1,-1,-1,-1
341,358,375.882080078125,299.0043640136719,6.844696044921875,4.822113037109375,1,-1,-1,-1
361,358,373.96514892578125,295.3017578125,5.366668701171875,3.77508544921875,1,-1,-1,-1
381,358,363.2730712890625,297.4795837402344,2.89727783203125,2.417083740234375,1,-1,-1,-1
401,358,336.747802734375,297.741455078125,4.454345703125,4.33258056640625,1,-1,-1,-1
421,358,315.6742248535156,299.65960693359375,7.090423583984375,3.916534423828125,1,-1,-1,-1
441,358,313.114990234375,289.25433349609375,4.80316162109375,3.71160888671875,1,-1,-1,-1
461,358,311.8381042480469,264.61773681640625,3.8826904296875,3.08416748046875,1,-1,-1,-1
481,358,312.159423828125,242.00022888183594,6.22650146484375,4.269256591796875,1,-1,-1,-1
501,359,314.8514709472656,235.2798614501953,4.2242431640625,3.1232452392578125,1,-1,-1,-1
521,360,333.8074951171875,233.58778381347656,5.40106201171875,3.4509124755859375,1,-1,-1,-1
541,361,344.56561279296875,226.9308319091797,3.92822265625,3.809722900390625,1,-1,-1,-1
561,363,343.3773193359375,216.2408905029297,5.1175537109375,3.6068572998046875,1,-1,-1,-1
601,368,347.5570068359375,200.07647705078125,3.49102783203125,3.2713165283203125,1,-1,-1,-1
621,370,347.7781677246094,203.71197509765625,3.59466552734375,3.6902923583984375,1,-1,-1,-1
641,373,345.7216796875,217.4237518310547,4.666259765625,4.59197998046875,1,-1,-1,-1
661,374,319.59515380859375,278.9997863769531,5.48968505859375,3.986785888671875,1,-1,-1,-1
681,374,280.3973693847656,280.45611572265625,5.115631103515625,4.96197509765625,1,-1,-1,-1
701,374,267.8384094238281,268.99212646484375,5.185394287109375,3.516571044921875,1,-1,-1,-1
721,374,265.76727294921875,236.17367553710938,4.73846435546875,3.29071044921875,1,-1,-1,-1
741,374,265.2418212890625,201.58334350585938,4.664215087890625,4.0680389404296875,1,-1,-1,-1
761,375,313.61773681640625,247.8017120361328,3.308563232421875,3.0157470703125,1,-1,-1,-1
781,375,291.0928649902344,261.88018798828125,4.3115234375,4.09552001953125,1,-1,-1,-1
801,375,274.39300537109375,276.8387451171875,6.721954345703125,4.748016357421875,1,-1,-1,-1
821,375,280.0639953613281,286.975341796875,4.363616943359375,4.5672607421875,1,-1,-1,-1
841,375,306.78094482421875,224.3232421875,8.88330078125,6.09393310546875,1,-1,-1,-1
861,375,312.5107116699219,252.26480102539062,8.472930908203125,5.65740966796875,1,-1,-1,-1
881,375,321.66876220703125,306.10406494140625,9.03826904296875,4.8570556640625,1,-1,-1,-1
901,375,315.851806640625,341.31573486328125,9.5260009765625,6.164093017578125,1,-1,-1,-1
921,375,260.19244384765625,345.1487731933594,7.454620361328125,5.788421630859375,1,-1,-1,-1
941,375,171.55169677734375,346.71380615234375,8.139999389648438,4.720428466796875,1,-1,-1,-1
961,375,117.03450012207031,345.47943115234375,10.93878173828125,4.6533203125,1,-1,-1,-1
981,375,121.2190170288086,308.0334777832031,9.405937194824219,4.262054443359375,1,-1,-1,-1
1001,375,129.29335021972656,280.82513427734375,9.240676879882812,4.334381103515625,1,-1,-1,-1
1021,375,132.23585510253906,266.01806640625,10.147552490234375,7.3380126953125,1,-1,-1,-1
1041,375,135.44764709472656,270.9261779785156,9.256317138671875,6.372802734375,1,-1,-1,-1
1061,375,145.01345825195312,295.93182373046875,10.107040405273438,6.929229736328125,1,-1,-1,-1
1081,375,155.1417236328125,331.3366394042969,8.357574462890625,5.342132568359375,1,-1,-1,-1
1121,376,347.351318359375,250.18345642089844,5.77032470703125,4.909210205078125,1,-1,-1,-1
1141,376,304.32293701171875,248.0646209716797,6.2220458984375,5.7764892578125,1,-1,-1,-1
1161,376,291.64666748046875,252.6878662109375,6.778106689453125,4.559539794921875,1,-1,-1,-1
1181,376,287.7527160644531,266.03961181640625,6.132354736328125,5.258819580078125,1,-1,-1,-1
1201,376,283.7635498046875,288.9222106933594,6.217254638671875,3.94757080078125,1,-1,-1,-1
1221,376,280.6062316894531,312.2845458984375,6.017608642578125,5.169403076171875,1,-1,-1,-1
1281,377,331.5372009277344,312.7532958984375,5.68475341796875,3.13922119140625,1,-1,-1,-1
1301,377,308.81634521484375,313.6689453125,4.13861083984375,3.781341552734375,1,-1,-1,-1
1321,377,304.6152038574219,314.8335876464844,2.9373779296875,3.356109619140625,1,-1,-1,-1
1341,377,308.1895751953125,315.2864074707031,3.44708251953125,2.5782470703125,1,-1,-1,-1
1361,377,320.6673583984375,314.40814208984375,3.00360107421875,3.1513671875,1,-1,-1,-1
1381,377,338.532470703125,313.30023193359375,3.874603271484375,3.4993896484375,1,-1,-1,-1
1401,377,361.8562316894531,312.241943359375,4.446868896484375,3.3797607421875,1,-1,-1,-1
1421,377,387.3013610839844,311.51324462890625,2.887725830078125,2.746429443359375,1,-1,-1,-1
1441,377,401.9207458496094,309.5223388671875,3.980621337890625,4.238037109375,1,-1,-1,-1
1461,377,404.43853759765625,309.7892761230469,4.395751953125,3.29034423828125,1,-1,-1,-1
1481,377,405.314453125,309.193115234375,4.211944580078125,3.63616943359375,1,-1,-1,-1
1501,377,414.6468505859375,309.19171142578125,4.270233154296875,2.310089111328125,1,-1,-1,-1
1521,377,433.8388366699219,308.511474609375,3.033905029296875,2.3934326171875,1,-1,-1,-1
1541,377,458.75164794921875,307.3969421386719,3.21142578125,2.72894287109375,1,-1,-1,-1
1561,377,475.86053466796875,305.4192199707031,5.33636474609375,4.0958251953125,1,-1,-1,-1
1581,377,480.7438659667969,305.9593811035156,3.845977783203125,3.072784423828125,1,-1,-1,-1
1601,377,487.1968994140625,305.39093017578125,3.593658447265625,3.438079833984375,1,-1,-1,-1
1621,377,499.9248046875,304.3673400878906,5.072174072265625,3.225799560546875,1,-1,-1,-1
1641,377,518.2332153320312,303.6283264160156,4.43212890625,3.7047119140625,1,-1,-1,-1
1661,377,524.817138671875,303.18121337890625,3.95184326171875,2.9697265625,1,-1,-1,-1
1681,377,520.4663696289062,302.7381591796875,3.73773193359375,3.992919921875,1,-1,-1,-1
1701,377,503.5374450683594,303.7256164550781,3.56719970703125,3.31915283203125,1,-1,-1,-1
1721,377,477.58856201171875,305.11724853515625,3.03887939453125,2.7806396484375,1,-1,-1,-1
1741,377,443.7418212890625,306.4118347167969,4.51776123046875,3.703521728515625,1,-1,-1,-1
1761,377,407.8466796875,308.6302795410156,3.15130615234375,2.901885986328125,1,-1,-1,-1
1781,377,385.2706298828125,309.6185302734375,3.847259521484375,3.47161865234375,1,-1,-1,-1
1801,377,381.35760498046875,310.536865234375,3.5748291015625,3.117919921875,1,-1,-1,-1
1821,377,384.6177673339844,310.1998596191406,3.242034912109375,3.300537109375,1,-1,-1,-1
1841,377,398.6346435546875,309.4792785644531,3.40643310546875,3.168243408203125,1,-1,-1,-1
1861,377,422.89990234375,308.2505187988281,4.0625,2.614410400390625,1,-1,-1,-1
1881,377,452.19927978515625,306.12451171875,3.6226806640625,4.383453369140625,1,-1,-1,-1
1901,377,480.2488708496094,304.2149963378906,3.4014892578125,3.817108154296875,1,-1,-1,-1
1921,377,488.8724365234375,304.1642150878906,4.018951416015625,3.125,1,-1,-1,-1
1941,377,490.1307678222656,304.1502685546875,3.651580810546875,2.56231689453125,1,-1,-1,-1
1961,377,484.745361328125,303.7127685546875,3.122802734375,2.965972900390625,1,-1,-1,-1
1981,377,470.466796875,304.49920654296875,3.934478759765625,3.3109130859375,1,-1,-1,-1
2001,377,450.5174560546875,305.13665771484375,4.87664794921875,3.491729736328125,1,-1,-1,-1
2021,377,442.2532653808594,306.05023193359375,4.35272216796875,2.695556640625,1,-1,-1,-1
2041,377,438.0707092285156,306.5719299316406,4.1390380859375,3.37353515625,1,-1,-1,-1
2061,377,421.6122131347656,307.3050537109375,4.7373046875,3.502166748046875,1,-1,-1,-1
2081,377,396.1531982421875,309.5158996582031,3.712890625,3.2266845703125,1,-1,-1,-1
2101,377,362.58880615234375,312.0015563964844,4.2191162109375,3.277496337890625,1,-1,-1,-1
2121,377,337.33984375,311.7702331542969,3.6650390625,3.414703369140625,1,-1,-1,-1
2141,377,332.81488037109375,301.71063232421875,3.66949462890625,2.858856201171875,1,-1,-1,-1
2161,377,332.89208984375,289.523681640625,3.13818359375,2.272674560546875,1,-1,-1,-1
2181,377,332.6126403808594,276.5103759765625,2.693023681640625,3.5445556640625,1,-1,-1,-1
2201,377,332.7129821777344,271.2713928222656,2.505035400390625,2.641387939453125,1,-1,-1,-1
2221,378,332.3353271484375,271.0628662109375,4.478912353515625,2.85601806640625,1,-1,-1,-1
2241,378,333.15252685546875,268.2899475097656,4.840484619140625,2.8184814453125,1,-1,-1,-1
2261,378,335.93560791015625,263.86578369140625,3.20806884765625,2.782684326171875,1,-1,-1,-1
2281,378,338.0172424316406,255.2912139892578,3.84619140625,3.0229949951171875,1,-1,-1,-1
2301,378,342.0246887207031,243.40765380859375,3.115142822265625,2.03277587890625,1,-1,-1,-1
2321,379,347.29425048828125,225.2691650390625,4.12445068359375,3.180419921875,1,-1,-1,-1
