61,548,197.47947692871094,143.36964416503906,10.062255859375,3.191192626953125,1,-1,-1,-1
81,551,198.842529296875,127.36027526855469,10.526229858398438,3.1466217041015625,1,-1,-1,-1
121,556,185.97561645507812,127.7105941772461,9.147186279296875,2.9684982299804688,1,-1,-1,-1
141,557,164.4068603515625,129.5410614013672,10.694076538085938,3.3351898193359375,1,-1,-1,-1
161,558,141.93853759765625,131.57887268066406,8.92303466796875,3.7353363037109375,1,-1,-1,-1
181,559,423.4931945800781,152.78152465820312,7.993682861328125,2.974822998046875,1,-1,-1,-1
221,561,435.7690734863281,152.67823791503906,6.738525390625,3.0814208984375,1,-1,-1,-1
241,561,440.24029541015625,152.86375427246094,8.287506103515625,2.7392578125,1,-1,-1,-1
261,561,445.0028991699219,153.3693084716797,6.699310302734375,2.209075927734375,1,-1,-1,-1
281,562,448.3341064453125,153.43673706054688,7.836700439453125,2.77203369140625,1,-1,-1,-1
341,565,465.5830383300781,153.95005798339844,7.535003662109375,2.9231414794921875,1,-1,-1,-1
521,567,151.79383850097656,182.48165893554688,8.657958984375,2.65350341796875,1,-1,-1,-1
541,568,153.71707153320312,166.1183624267578,7.1172637939453125,2.8896484375,1,-1,-1,-1
561,570,154.27297973632812,155.5406494140625,7.9249725341796875,3.097869873046875,1,-1,-1,-1
621,577,207.67555236816406,148.48843383789062,10.5322265625,3.3883819580078125,1,-1,-1,-1
641,580,236.9899139404297,145.2147674560547,9.87945556640625,3.0525360107421875,1,-1,-1,-1
681,582,290.000732421875,139.4951934814453,12.2825927734375,3.4200286865234375,1,-1,-1,-1
701,582,310.8870849609375,136.9369659423828,10.08062744140625,4.462188720703125,1,-1,-1,-1
721,583,329.1263427734375,135.9452362060547,9.61334228515625,3.691986083984375,1,-1,-1,-1
741,585,345.6595458984375,133.871826171875,11.394439697265625,3.82598876953125,1,-1,-1,-1
761,586,361.6054992675781,133.32911682128906,9.220489501953125,3.0892486572265625,1,-1,-1,-1
781,589,375.6510009765625,131.4950408935547,9.056396484375,3.3427886962890625,1,-1,-1,-1
801,592,381.8713684082031,132.2251434326172,10.65972900390625,4.015167236328125,1,-1,-1,-1
821,595,381.9084167480469,143.17994689941406,9.6966552734375,3.719573974609375,1,-1,-1,-1
841,595,382.486572265625,152.5491943359375,8.318939208984375,2.944854736328125,1,-1,-1,-1
861,595,388.982666015625,151.08824157714844,8.565521240234375,3.9143524169921875,1,-1,-1,-1
901,596,427.66839599609375,148.05152893066406,12.30560302734375,4.344818115234375,1,-1,-1,-1
921,596,443.42486572265625,148.2183837890625,9.46038818359375,3.3458099365234375,1,-1,-1,-1
941,596,445.8956604003906,152.42733764648438,9.838409423828125,3.4095001220703125,1,-1,-1,-1
961,596,445.0201416015625,150.0964813232422,8.5391845703125,3.332855224609375,1,-1,-1,-1
981,596,441.2132263183594,148.09384155273438,9.980010986328125,3.81439208984375,1,-1,-1,-1
1001,596,424.2505187988281,148.6132354736328,9.81658935546875,3.735931396484375,1,-1,-1,-1
1021,597,395.50506591796875,147.58326721191406,13.011627197265625,5.1491851806640625,1,-1,-1,-1
1041,599,362.50823974609375,152.1820526123047,11.785888671875,3.6151123046875,1,-1,-1,-1
1061,599,357.64703369140625,136.28298950195312,9.39154052734375,2.992462158203125,1,-1,-1,-1
1081,599,394.0447692871094,186.20144653320312,8.993133544921875,3.3340911865234375,1,-1,-1,-1
1101,599,399.16046142578125,183.48683166503906,7.84246826171875,4.0792236328125,1,-1,-1,-1
1121,599,404.2857666015625,180.73020935058594,7.730804443359375,3.3867950439453125,1,-1,-1,-1
1141,599,407.85443115234375,177.69581604003906,7.46307373046875,3.271942138671875,1,-1,-1,-1
1161,599,410.14935302734375,174.87103271484375,8.713592529296875,3.268280029296875,1,-1,-1,-1
1181,599,416.7401123046875,171.8626251220703,7.326904296875,2.8672943115234375,1,-1,-1,-1
1201,599,421.30419921875,169.3874053955078,8.026824951171875,3.1414642333984375,1,-1,-1,-1
1221,599,424.9334411621094,167.10850524902344,8.5003662109375,3.2120361328125,1,-1,-1,-1
1241,599,430.4483642578125,164.9318389892578,6.76544189453125,2.9817352294921875,1,-1,-1,-1
1261,599,434.3383483886719,163.7686309814453,7.388763427734375,2.8392333984375,1,-1,-1,-1
1281,599,438.3990783691406,163.22914123535156,7.661834716796875,3.059661865234375,1,-1,-1,-1
1301,599,442.2117614746094,162.98150634765625,8.124542236328125,3.1065673828125,1,-1,-1,-1
1321,599,445.4663391113281,162.6772918701172,7.780853271484375,3.2542572021484375,1,-1,-1,-1
1341,599,445.1243896484375,162.69496154785156,7.528778076171875,2.85882568359375,1,-1,-1,-1
1361,599,443.6102600097656,162.99832153320312,8.24151611328125,3.129150390625,1,-1,-1,-1
1381,599,440.49432373046875,163.1675567626953,7.83392333984375,3.2793426513671875,1,-1,-1,-1
1401,599,434.22515869140625,163.8192138671875,7.568206787109375,2.8491363525390625,1,-1,-1,-1
1421,599,425.14288330078125,163.746826171875,8.2882080078125,3.0764617919921875,1,-1,-1,-1
1441,599,415.70135498046875,163.87042236328125,7.502227783203125,3.174774169921875,1,-1,-1,-1
1461,599,467.93487548828125,176.61196899414062,7.62396240234375,3.013153076171875,1,-1,-1,-1
1481,599,472.6263732910156,174.4078826904297,7.819610595703125,2.6750640869140625,1,-1,-1,-1
1501,599,476.5058898925781,171.66500854492188,7.726654052734375,2.8038482666015625,1,-1,-1,-1
1521,599,481.8675231933594,168.36734008789062,8.246063232421875,3.423095703125,1,-1,-1,-1
1541,599,482.1932678222656,166.91009521484375,7.539215087890625,2.81573486328125,1,-1,-1,-1
1561,599,479.4127197265625,165.88442993164062,8.668975830078125,2.7879638671875,1,-1,-1,-1
1581,599,472.1756286621094,166.09498596191406,8.59552001953125,2.9577484130859375,1,-1,-1,-1
1601,599,466.1120300292969,166.0671844482422,7.223052978515625,3.00115966796875,1,-1,-1,-1
1621,600,311.6849670410156,166.54776000976562,7.338836669921875,3.19970703125,1,-1,-1,-1
1641,600,308.87567138671875,167.4355926513672,7.172576904296875,2.7849884033203125,1,-1,-1,-1
1661,600,305.9237365722656,167.5556182861328,7.98162841796875,2.6085968017578125,1,-1,-1,-1
1681,600,304.10589599609375,167.67869567871094,7.58935546875,2.7000885009765625,1,-1,-1,-1
1701,600,300.76617431640625,167.52423095703125,7.305389404296875,3.0413055419921875,1,-1,-1,-1
1721,600,293.661376953125,167.4279327392578,7.65484619140625,2.9128570556640625,1,-1,-1,-1
1741,600,285.2164001464844,168.4192352294922,7.571929931640625,2.6388092041015625,1,-1,-1,-1
1761,600,277.3824157714844,168.4930877685547,8.420074462890625,2.9962005615234375,1,-1,-1,-1
1781,600,270.45330810546875,168.39059448242188,8.48699951171875,2.989959716796875,1,-1,-1,-1
1801,600,265.0710754394531,168.86151123046875,7.515869140625,2.959808349609375,1,-1,-1,-1
1821,600,258.945556640625,168.53395080566406,8.06939697265625,2.858978271484375,1,-1,-1,-1
1841,601,378.80596923828125,167.72727966308594,9.425262451171875,3.46331787109375,1,-1,-1,-1
1841,602,378.80596923828125,167.72727966308594,9.425262451171875,3.46331787109375,1,-1,-1,-1
1861,601,371.4204406738281,168.1351776123047,8.73779296875,3.172271728515625,1,-1,-1,-1
1861,602,371.4204406738281,168.1351776123047,8.73779296875,3.172271728515625,1,-1,-1,-1
1881,601,362.17059326171875,168.3237762451172,8.7374267578125,3.03173828125,1,-1,-1,-1
1881,602,362.17059326171875,168.3237762451172,8.7374267578125,3.03173828125,1,-1,-1,-1
1901,601,352.2405700683594,168.84536743164062,9.367523193359375,3.5422821044921875,1,-1,-1,-1
1901,602,352.2405700683594,168.84536743164062,9.367523193359375,3.5422821044921875,1,-1,-1,-1
1921,601,343.4845275878906,169.32383728027344,8.661285400390625,3.1094818115234375,1,-1,-1,-1
1921,602,343.4845275878906,169.32383728027344,8.661285400390625,3.1094818115234375,1,-1,-1,-1
1941,601,335.7840270996094,169.27365112304688,8.601226806640625,3.0209808349609375,1,-1,-1,-1
1941,602,335.7840270996094,169.27365112304688,8.601226806640625,3.0209808349609375,1,-1,-1,-1
1961,601,333.0489501953125,169.12136840820312,8.6317138671875,3.105804443359375,1,-1,-1,-1
1961,602,333.04888916015625,169.12136840820312,8.6318359375,3.105804443359375,1,-1,-1,-1
1981,601,332.6496887207031,169.1803436279297,8.754180908203125,3.3750152587890625,1,-1,-1,-1
1981,602,332.6496887207031,169.1803436279297,8.754180908203125,3.3750152587890625,1,-1,-1,-1
2001,601,330.8298034667969,169.32656860351562,8.47869873046875,3.2250823974609375,1,-1,-1,-1
2001,602,330.8298034667969,169.32656860351562,8.47869873046875,3.2250823974609375,1,-1,-1,-1
2021,601,327.3229675292969,169.39503479003906,8.415679931640625,3.07403564453125,1,-1,-1,-1
2021,602,327.3229675292969,169.39503479003906,8.415679931640625,3.07403564453125,1,-1,-1,-1
2041,601,322.09918212890625,169.3765106201172,9.428192138671875,3.1099853515625,1,-1,-1,-1
2041,602,322.09918212890625,169.3765106201172,9.428192138671875,3.1099853515625,1,-1,-1,-1
2061,603,193.2025909423828,153.47509765625,8.546798706054688,3.6566009521484375,1,-1,-1,-1
2061,601,316.6640319824219,169.70999145507812,8.3143310546875,2.9240875244140625,1,-1,-1,-1
2061,602,316.6640319824219,169.70999145507812,8.3143310546875,2.9240875244140625,1,-1,-1,-1
2081,601,308.6205749511719,169.83197021484375,8.173614501953125,3.646759033203125,1,-1,-1,-1
2081,602,308.6205749511719,169.83197021484375,8.173614501953125,3.646759033203125,1,-1,-1,-1
2101,601,300.9493408203125,170.02984619140625,9.248046875,3.34771728515625,1,-1,-1,-1
2101,602,300.9493408203125,170.02984619140625,9.248046875,3.34771728515625,1,-1,-1,-1
2121,601,292.70184326171875,170.0332794189453,9.235687255859375,3.3522796630859375,1,-1,-1,-1
2121,602,292.70184326171875,170.0332794189453,9.235687255859375,3.3522796630859375,1,-1,-1,-1
