1,1741,366.93756103515625,178.64285278320312,25.845703125,7.8893280029296875,1,-1,-1,-1
1,1742,390.18841552734375,132.43023681640625,10.758056640625,4.499969482421875,1,-1,-1,-1
21,1741,364.5556335449219,196.67149353027344,29.76654052734375,6.523651123046875,1,-1,-1,-1
21,1742,388.9840087890625,132.34893798828125,12.006439208984375,4.42755126953125,1,-1,-1,-1
41,1741,366.11773681640625,206.77325439453125,27.649017333984375,6.0188751220703125,1,-1,-1,-1
41,1742,388.39105224609375,132.49310302734375,12.2242431640625,4.6820220947265625,1,-1,-1,-1
61,1741,370.6761169433594,227.74081420898438,21.635284423828125,6.1480865478515625,1,-1,-1,-1
61,1742,385.56329345703125,132.80555725097656,11.541046142578125,4.696136474609375,1,-1,-1,-1
81,1742,386.80242919921875,132.56187438964844,12.0833740234375,4.744476318359375,1,-1,-1,-1
101,1744,391.09991455078125,132.05438232421875,12.1383056640625,5.350860595703125,1,-1,-1,-1
121,1744,384.2286376953125,132.87567138671875,12.0123291015625,4.588653564453125,1,-1,-1,-1
141,1744,381.33502197265625,132.9327850341797,11.715789794921875,4.4443511962890625,1,-1,-1,-1
161,1744,379.83868408203125,132.42433166503906,12.8997802734375,5.1123504638671875,1,-1,-1,-1
181,1744,370.1274108886719,133.2401123046875,12.155975341796875,4.368255615234375,1,-1,-1,-1
201,1744,366.4907531738281,133.19540405273438,12.4481201171875,4.547119140625,1,-1,-1,-1
221,1744,366.6171875,133.21231079101562,11.248565673828125,4.13525390625,1,-1,-1,-1
241,1744,367.0412902832031,132.90040588378906,11.212310791015625,4.47283935546875,1,-1,-1,-1
261,1745,311.6158447265625,214.04151916503906,25.09033203125,8.167861938476562,1,-1,-1,-1
261,1744,366.98291015625,132.8896026611328,12.111053466796875,4.405670166015625,1,-1,-1,-1
281,1745,409.97808837890625,215.84967041015625,29.25018310546875,6.8080902099609375,1,-1,-1,-1
281,1744,366.7127990722656,133.13711547851562,12.193389892578125,4.3423004150390625,1,-1,-1,-1
301,1745,484.765625,216.32565307617188,21.9573974609375,6.67779541015625,1,-1,-1,-1
301,1744,366.2420349121094,132.89378356933594,12.49700927734375,4.717132568359375,1,-1,-1,-1
321,1745,513.722900390625,216.447509765625,24.28790283203125,7.0390167236328125,1,-1,-1,-1
321,1744,357.2457580566406,133.15399169921875,11.0263671875,4.7746429443359375,1,-1,-1,-1
341,1745,514.5078125,215.0725860595703,28.94586181640625,7.868865966796875,1,-1,-1,-1
341,1744,331.6722412109375,133.70660400390625,11.114654541015625,4.9191741943359375,1,-1,-1,-1
361,1745,514.20361328125,214.8800048828125,27.90069580078125,7.155181884765625,1,-1,-1,-1
361,1744,297.468505859375,134.8040313720703,11.075714111328125,5.0620269775390625,1,-1,-1,-1
381,1745,514.989990234375,215.02377319335938,24.32147216796875,6.9758453369140625,1,-1,-1,-1
381,1744,282.896484375,134.77188110351562,12.394775390625,5.6827239990234375,1,-1,-1,-1
401,1745,503.5775146484375,214.5230712890625,24.29974365234375,7.0008697509765625,1,-1,-1,-1
401,1744,301.5196838378906,135.25448608398438,11.514739990234375,4.770538330078125,1,-1,-1,-1
421,1745,453.678466796875,213.7017822265625,24.137969970703125,7.5991973876953125,1,-1,-1,-1
421,1744,345.53204345703125,134.36822509765625,10.370086669921875,4.5845489501953125,1,-1,-1,-1
441,1745,446.1745910644531,213.6285858154297,24.795379638671875,6.446014404296875,1,-1,-1,-1
441,1744,384.8079833984375,132.51060485839844,11.8458251953125,6.1602935791015625,1,-1,-1,-1
461,1745,446.74505615234375,213.69845581054688,26.69952392578125,6.567718505859375,1,-1,-1,-1
461,1744,384.9563293457031,132.61474609375,12.05023193359375,5.36248779296875,1,-1,-1,-1
481,1745,448.40667724609375,214.58447265625,25.240234375,6.2887725830078125,1,-1,-1,-1
481,1744,365.0686950683594,133.2224578857422,12.170562744140625,4.8600616455078125,1,-1,-1,-1
501,1745,424.10406494140625,213.89053344726562,25.037841796875,7.69677734375,1,-1,-1,-1
501,1744,328.4796142578125,135.2405548095703,12.2689208984375,4.04046630859375,1,-1,-1,-1
521,1745,412.9427795410156,213.70933532714844,26.852325439453125,6.3902740478515625,1,-1,-1,-1
521,1744,307.1583557128906,136.29249572753906,11.78570556640625,4.2190399169921875,1,-1,-1,-1
541,1745,389.1200256347656,212.82656860351562,27.010650634765625,7.35693359375,1,-1,-1,-1
541,1744,304.6582336425781,136.53370666503906,13.035491943359375,4.0675811767578125,1,-1,-1,-1
561,1745,367.8284912109375,211.86691284179688,27.0303955078125,8.218887329101562,1,-1,-1,-1
561,1744,307.8191223144531,136.43092346191406,11.082733154296875,4.3692626953125,1,-1,-1,-1
581,1745,412.1344299316406,212.53384399414062,28.16461181640625,7.009796142578125,1,-1,-1,-1
581,1744,308.19012451171875,136.20840454101562,12.49774169921875,4.329437255859375,1,-1,-1,-1
601,1745,442.9824523925781,213.35220336914062,28.255615234375,6.1351318359375,1,-1,-1,-1
601,1744,320.5443115234375,135.811767578125,11.023406982421875,6.0814666748046875,1,-1,-1,-1
621,1745,444.75799560546875,214.8038787841797,27.59912109375,6.4960479736328125,1,-1,-1,-1
621,1744,353.7502746582031,137.10421752929688,11.95526123046875,5.2971954345703125,1,-1,-1,-1
641,1745,416.05218505859375,214.90798950195312,28.0108642578125,8.205154418945312,1,-1,-1,-1
641,1744,401.13568115234375,137.3249053955078,12.360595703125,6.55987548828125,1,-1,-1,-1
661,1745,367.6666259765625,213.79685974121094,27.57476806640625,6.64874267578125,1,-1,-1,-1
661,1744,426.14862060546875,138.55528259277344,12.26287841796875,5.8342132568359375,1,-1,-1,-1
681,1745,349.5477294921875,215.61871337890625,26.089935302734375,8.3050537109375,1,-1,-1,-1
681,1744,421.4797668457031,138.43370056152344,13.026336669921875,5.0726165771484375,1,-1,-1,-1
701,1745,334.3030090332031,219.59678649902344,21.94024658203125,8.263442993164062,1,-1,-1,-1
701,1744,402.30267333984375,138.71986389160156,10.945892333984375,4.4313812255859375,1,-1,-1,-1
721,1745,341.9298095703125,220.27386474609375,22.40081787109375,7.6794891357421875,1,-1,-1,-1
721,1744,397.22418212890625,139.28887939453125,11.06829833984375,3.951324462890625,1,-1,-1,-1
741,1745,350.5777282714844,218.3157196044922,23.369598388671875,6.0179290771484375,1,-1,-1,-1
741,1744,395.2928161621094,139.25112915039062,12.56805419921875,4.9269866943359375,1,-1,-1,-1
761,1745,352.3477783203125,219.38232421875,22.65411376953125,5.464874267578125,1,-1,-1,-1
761,1744,378.889892578125,139.34744262695312,11.5289306640625,5.22467041015625,1,-1,-1,-1
781,1745,351.73297119140625,219.28524780273438,22.097320556640625,5.5418243408203125,1,-1,-1,-1
781,1744,348.5762023925781,140.16384887695312,10.120941162109375,4.4567108154296875,1,-1,-1,-1
801,1745,321.031494140625,218.94940185546875,25.53253173828125,6.7603759765625,1,-1,-1,-1
801,1744,307.3709716796875,141.36570739746094,10.72528076171875,4.34796142578125,1,-1,-1,-1
861,1749,295.8646545410156,207.4051971435547,24.261016845703125,6.9084320068359375,1,-1,-1,-1
881,1749,296.3424377441406,128.9638671875,24.258880615234375,8.579864501953125,1,-1,-1,-1
901,1749,284.061767578125,132.8943634033203,23.4637451171875,11.366668701171875,1,-1,-1,-1
921,1750,264.8190612792969,152.0480499267578,18.18634033203125,9.56610107421875,1,-1,-1,-1
941,1750,248.45359802246094,201.296875,14.128036499023438,6.5048370361328125,1,-1,-1,-1
961,1750,243.77210998535156,207.2811279296875,12.661788940429688,5.231903076171875,1,-1,-1,-1
1001,1752,288.9115295410156,221.260986328125,11.99700927734375,4.98126220703125,1,-1,-1,-1
1021,1753,358.62896728515625,223.21875,9.48370361328125,3.57159423828125,1,-1,-1,-1
1041,1753,382.2962646484375,223.4916534423828,10.670318603515625,4.4735870361328125,1,-1,-1,-1
1061,1753,368.72955322265625,223.5338134765625,11.24884033203125,3.566741943359375,1,-1,-1,-1
1081,1753,323.72808837890625,221.77117919921875,11.73638916015625,4.9114837646484375,1,-1,-1,-1
1101,1753,278.18743896484375,220.84129333496094,11.166961669921875,4.8216705322265625,1,-1,-1,-1
1121,1753,274.6135559082031,219.89669799804688,11.51904296875,4.9008026123046875,1,-1,-1,-1
1141,1753,299.28271484375,221.10708618164062,11.88323974609375,4.349761962890625,1,-1,-1,-1
1161,1753,308.0965576171875,222.20530700683594,10.20501708984375,4.3248443603515625,1,-1,-1,-1
1181,1753,309.341064453125,222.5336151123047,11.69622802734375,4.553314208984375,1,-1,-1,-1
1201,1753,309.3336181640625,222.52992248535156,11.7535400390625,4.573699951171875,1,-1,-1,-1
1221,1753,323.1363525390625,222.89537048339844,11.419464111328125,4.4387664794921875,1,-1,-1,-1
1241,1753,345.41180419921875,222.7586212158203,11.43133544921875,4.9304962158203125,1,-1,-1,-1
1261,1753,328.6584777832031,222.96377563476562,12.533111572265625,5.0120849609375,1,-1,-1,-1
1281,1753,311.4729309082031,223.39120483398438,12.634490966796875,3.9834136962890625,1,-1,-1,-1
1301,1753,314.27276611328125,222.72508239746094,11.926727294921875,4.293975830078125,1,-1,-1,-1
1321,1753,317.7085876464844,223.05104064941406,10.40374755859375,4.3345794677734375,1,-1,-1,-1
1341,1753,322.91436767578125,222.7968292236328,12.9200439453125,6.1688232421875,1,-1,-1,-1
1361,1753,348.4447937011719,223.27365112304688,11.498565673828125,4.084503173828125,1,-1,-1,-1
1381,1753,352.5509033203125,223.4510955810547,10.1544189453125,3.3849945068359375,1,-1,-1,-1
1401,1753,350.27752685546875,223.7539520263672,12.699127197265625,4.144378662109375,1,-1,-1,-1
1421,1754,208.20474243164062,180.00428771972656,6.94488525390625,2.9003448486328125,1,-1,-1,-1
1421,1753,349.04632568359375,224.25904846191406,12.308349609375,4.2046661376953125,1,-1,-1,-1
1441,1754,202.55226135253906,173.98045349121094,5.6235809326171875,4.0404205322265625,1,-1,-1,-1
1441,1753,350.9735107421875,214.38836669921875,10.6051025390625,4.942596435546875,1,-1,-1,-1
1461,1754,191.80795288085938,163.7357177734375,6.94317626953125,4.4365692138671875,1,-1,-1,-1
1461,1753,347.9775390625,224.50050354003906,13.2354736328125,3.878997802734375,1,-1,-1,-1
1481,1754,184.16761779785156,159.1934356689453,9.162857055664062,3.587249755859375,1,-1,-1,-1
1481,1753,347.4291687011719,224.17169189453125,13.1805419921875,4.2487030029296875,1,-1,-1,-1
1501,1754,183.5384521484375,159.18394470214844,7.6273345947265625,3.28839111328125,1,-1,-1,-1
1501,1753,347.1553955078125,224.5088348388672,12.487396240234375,4.2151031494140625,1,-1,-1,-1
1521,1754,183.3271026611328,159.91043090820312,7.50823974609375,3.163055419921875,1,-1,-1,-1
1521,1753,347.5822448730469,224.9241485595703,11.195892333984375,4.5161590576171875,1,-1,-1,-1
1541,1754,183.759521484375,159.96243286132812,7.6982879638671875,3.2056732177734375,1,-1,-1,-1
1541,1753,339.0454406738281,224.51454162597656,12.38555908203125,5.222625732421875,1,-1,-1,-1
1561,1754,190.4004669189453,160.23098754882812,7.7591400146484375,3.727081298828125,1,-1,-1,-1
1561,1753,301.16668701171875,224.2435302734375,12.827301025390625,5.0829010009765625,1,-1,-1,-1
1581,1754,198.187255859375,160.71905517578125,7.381591796875,4.6596832275390625,1,-1,-1,-1
1581,1753,292.8271789550781,223.83338928222656,13.173248291015625,4.9375762939453125,1,-1,-1,-1
1601,1754,200.97198486328125,167.47276306152344,6.715240478515625,3.1427154541015625,1,-1,-1,-1
1601,1753,311.180908203125,224.5532684326172,10.9437255859375,4.0200958251953125,1,-1,-1,-1
1621,1754,202.00743103027344,151.44821166992188,5.4280853271484375,2.6770782470703125,1,-1,-1,-1
1621,1753,335.9369201660156,224.62335205078125,13.2745361328125,5.4164276123046875,1,-1,-1,-1
1641,1754,206.3218536376953,141.81668090820312,6.000701904296875,4.0540313720703125,1,-1,-1,-1
1641,1753,380.9466552734375,237.9550018310547,11.306396484375,5.0543975830078125,1,-1,-1,-1
1661,1754,228.56427001953125,144.14718627929688,7.4993438720703125,2.972412109375,1,-1,-1,-1
1661,1753,364.0623474121094,225.49017333984375,11.047882080078125,3.3609161376953125,1,-1,-1,-1
1681,1754,236.76329040527344,141.98924255371094,8.168212890625,3.4434814453125,1,-1,-1,-1
1681,1753,339.9870300292969,224.21780395507812,11.703887939453125,5.475433349609375,1,-1,-1,-1
1701,1754,238.78396606445312,136.2222442626953,5.603179931640625,2.72467041015625,1,-1,-1,-1
1701,1753,325.07769775390625,224.93756103515625,11.7913818359375,4.7707672119140625,1,-1,-1,-1
1721,1754,237.8323974609375,136.1422119140625,7.3604888916015625,2.8321533203125,1,-1,-1,-1
1721,1753,324.5089416503906,224.49461364746094,11.595672607421875,5.4491729736328125,1,-1,-1,-1
1741,1754,237.05873107910156,137.77377319335938,8.254058837890625,4.6468048095703125,1,-1,-1,-1
1741,1753,325.5299072265625,224.83767700195312,10.93231201171875,5.0259857177734375,1,-1,-1,-1
1761,1754,235.95950317382812,149.2325439453125,5.3859405517578125,4.1780242919921875,1,-1,-1,-1
1761,1753,325.7168273925781,224.9989471435547,10.781402587890625,5.0812225341796875,1,-1,-1,-1
1781,1754,232.14796447753906,163.91397094726562,4.26055908203125,3.419403076171875,1,-1,-1,-1
1781,1753,325.3335266113281,225.35330200195312,11.043243408203125,4.3562469482421875,1,-1,-1,-1
1801,1754,232.22659301757812,172.3322296142578,4.6336822509765625,3.5615234375,1,-1,-1,-1
1801,1753,325.4037170410156,225.01242065429688,11.903839111328125,4.744384765625,1,-1,-1,-1
1821,1754,243.16976928710938,176.28089904785156,4.74200439453125,2.1705322265625,1,-1,-1,-1
1821,1753,328.679931640625,223.58555603027344,12.5543212890625,5.316650390625,1,-1,-1,-1
1841,1754,257.80609130859375,177.32882690429688,3.474700927734375,2.2047576904296875,1,-1,-1,-1
1841,1753,341.9610595703125,216.59214782714844,13.77130126953125,6.3115234375,1,-1,-1,-1
1861,1754,268.3279113769531,177.44847106933594,3.024261474609375,2.3721160888671875,1,-1,-1,-1
1861,1753,359.8070068359375,209.5513153076172,12.292572021484375,4.5864410400390625,1,-1,-1,-1
1881,1754,281.8713073730469,177.44015502929688,2.912109375,2.2974700927734375,1,-1,-1,-1
1881,1753,358.7680358886719,219.6211395263672,15.601043701171875,4.0864410400390625,1,-1,-1,-1
1901,1753,355.9207458496094,223.5964813232422,15.0338134765625,4.0127105712890625,1,-1,-1,-1
1921,1753,356.52740478515625,168.23753356933594,14.389495849609375,4.9940338134765625,1,-1,-1,-1
1941,1753,351.38275146484375,151.69374084472656,11.75054931640625,4.5532989501953125,1,-1,-1,-1
1961,1753,312.03106689453125,193.47706604003906,12.4271240234375,4.675628662109375,1,-1,-1,-1
1981,1755,334.2637634277344,175.0790252685547,5.149932861328125,3.3666839599609375,1,-1,-1,-1
2001,1756,332.2898864746094,177.62738037109375,4.230438232421875,3.36920166015625,1,-1,-1,-1
2001,1757,136.1302947998047,163.73199462890625,14.804092407226562,5.857513427734375,1,-1,-1,-1
2021,1756,335.8689880371094,180.3544158935547,3.533111572265625,2.19580078125,1,-1,-1,-1
2021,1757,129.7725372314453,90.36722564697266,15.499725341796875,5.579017639160156,1,-1,-1,-1
2041,1756,332.9604797363281,205.14816284179688,6.059478759765625,3.303009033203125,1,-1,-1,-1
2041,1757,135.70616149902344,79.01615905761719,15.890121459960938,4.97161865234375,1,-1,-1,-1
2061,1756,391.9528503417969,188.30117797851562,10.816802978515625,3.692138671875,1,-1,-1,-1
2061,1757,136.70167541503906,81.0906982421875,14.415435791015625,5.9546966552734375,1,-1,-1,-1
2081,1756,374.2424011230469,188.37225341796875,10.635589599609375,3.7707977294921875,1,-1,-1,-1
2081,1757,136.14010620117188,82.55321502685547,13.8350830078125,5.393157958984375,1,-1,-1,-1
2101,1756,345.922119140625,189.30812072753906,11.228424072265625,3.8080596923828125,1,-1,-1,-1
2101,1757,147.60595703125,81.94437408447266,13.840133666992188,6.607643127441406,1,-1,-1,-1
2121,1756,311.2366027832031,190.14930725097656,11.13433837890625,3.6527862548828125,1,-1,-1,-1
2121,1757,206.068359375,83.73321533203125,12.783203125,6.928070068359375,1,-1,-1,-1
2141,1756,279.1954040527344,176.43431091308594,11.09814453125,5.512481689453125,1,-1,-1,-1
2141,1757,294.30279541015625,109.61278533935547,12.120025634765625,5.873283386230469,1,-1,-1,-1
2161,1756,270.88507080078125,176.6983184814453,11.102569580078125,3.7771148681640625,1,-1,-1,-1
2161,1757,334.1839599609375,123.24906158447266,11.572509765625,3.8528289794921875,1,-1,-1,-1
