1,2641,196.11451721191406,133.65245056152344,9.847076416015625,4.8593292236328125,1,-1,-1,-1
1,2642,305.208984375,32.6263313293457,15.891021728515625,6.796295166015625,1,-1,-1,-1
21,2641,234.84426879882812,127.25517272949219,9.691802978515625,4.0109710693359375,1,-1,-1,-1
21,2642,309.1396179199219,30.81760597229004,16.8135986328125,6.515729904174805,1,-1,-1,-1
41,2641,277.51031494140625,123.7329330444336,10.701690673828125,4.137397766113281,1,-1,-1,-1
41,2642,312.965576171875,36.04328918457031,14.403228759765625,4.894775390625,1,-1,-1,-1
61,2641,323.90966796875,119.48978424072266,10.302734375,4.263916015625,1,-1,-1,-1
61,2642,320.61993408203125,-0.9575871825218201,13.286895751953125,7.694907128810883,1,-1,-1,-1
81,2643,305.4154052734375,112.47284698486328,18.328155517578125,6.3311920166015625,1,-1,-1,-1
101,2643,303.37896728515625,108.18211364746094,18.41778564453125,6.621086120605469,1,-1,-1,-1
121,2644,301.107421875,104.99656677246094,18.238006591796875,5.9282989501953125,1,-1,-1,-1
141,2645,506.2678527832031,133.8578338623047,10.415130615234375,4.3924407958984375,1,-1,-1,-1
141,2646,301.4770202636719,99.0311050415039,20.25244140625,5.863548278808594,1,-1,-1,-1
161,2645,537.3058471679688,119.91339874267578,12.0260009765625,4.2350616455078125,1,-1,-1,-1
161,2646,303.4069519042969,89.36083221435547,18.358184814453125,6.672584533691406,1,-1,-1,-1
181,2645,560.5164794921875,119.73394775390625,12.7288818359375,4.488365173339844,1,-1,-1,-1
181,2646,306.3630065917969,80.98310852050781,17.562103271484375,6.809730529785156,1,-1,-1,-1
201,2645,574.583740234375,122.20144653320312,10.35699462890625,4.0404510498046875,1,-1,-1,-1
201,2646,317.2177429199219,79.01657104492188,18.441009521484375,6.617767333984375,1,-1,-1,-1
221,2645,580.7232055664062,122.8614273071289,11.85174560546875,3.9163894653320312,1,-1,-1,-1
221,2646,337.7734069824219,80.06758880615234,17.55255126953125,6.820159912109375,1,-1,-1,-1
241,2645,581.37451171875,122.18848419189453,10.879150390625,4.097343444824219,1,-1,-1,-1
241,2646,361.27227783203125,81.70636749267578,19.0189208984375,6.503273010253906,1,-1,-1,-1
261,2645,580.62109375,121.1681900024414,12.6461181640625,3.9083633422851562,1,-1,-1,-1
261,2646,369.98883056640625,81.91014862060547,19.207000732421875,7.4106903076171875,1,-1,-1,-1
281,2645,580.3703002929688,121.14700317382812,12.10003662109375,4.1104278564453125,1,-1,-1,-1
281,2646,360.51312255859375,83.44207000732422,19.323486328125,6.6816558837890625,1,-1,-1,-1
301,2645,573.385009765625,119.6960220336914,12.653076171875,4.776756286621094,1,-1,-1,-1
301,2646,340.7353210449219,83.93976593017578,19.466339111328125,6.5523223876953125,1,-1,-1,-1
321,2645,550.7520751953125,118.14826965332031,12.96392822265625,5.439949035644531,1,-1,-1,-1
321,2646,315.7256774902344,85.91092681884766,18.80255126953125,5.944488525390625,1,-1,-1,-1
341,2645,516.3806762695312,110.15911102294922,10.82232666015625,4.645088195800781,1,-1,-1,-1
341,2646,282.15936279296875,87.2951431274414,19.068084716796875,6.654518127441406,1,-1,-1,-1
361,2645,479.92218017578125,93.51167297363281,11.1041259765625,5.550010681152344,1,-1,-1,-1
361,2646,247.1895751953125,88.2460708618164,18.1005859375,6.413139343261719,1,-1,-1,-1
381,2645,445.2100830078125,102.53173828125,11.864227294921875,4.758888244628906,1,-1,-1,-1
381,2646,216.9268035888672,82.47893524169922,20.533599853515625,7.1429290771484375,1,-1,-1,-1
401,2645,411.96234130859375,130.04940795898438,9.9078369140625,4.12744140625,1,-1,-1,-1
401,2646,202.63064575195312,75.98174285888672,20.261810302734375,7.183830261230469,1,-1,-1,-1
421,2645,376.2930908203125,164.1068572998047,11.3323974609375,3.7590789794921875,1,-1,-1,-1
421,2646,198.80789184570312,72.85311126708984,18.70379638671875,7.0504302978515625,1,-1,-1,-1
441,2645,344.337158203125,182.2427520751953,10.06256103515625,4.327880859375,1,-1,-1,-1
441,2646,197.41598510742188,72.541748046875,20.183975219726562,6.6349945068359375,1,-1,-1,-1
461,2645,312.3828125,179.25096130371094,10.438720703125,3.6807861328125,1,-1,-1,-1
461,2646,205.73785400390625,72.243896484375,22.488143920898438,6.878875732421875,1,-1,-1,-1
481,2645,281.5881042480469,177.5412139892578,11.9425048828125,4.36480712890625,1,-1,-1,-1
481,2646,227.39471435546875,73.75269317626953,19.803695678710938,7.6690521240234375,1,-1,-1,-1
501,2645,257.2718811035156,177.65658569335938,10.084014892578125,4.7857513427734375,1,-1,-1,-1
501,2646,254.81625366210938,76.12588500976562,19.83099365234375,7.055641174316406,1,-1,-1,-1
521,2645,237.80494689941406,181.46461486816406,9.368240356445312,5.0083465576171875,1,-1,-1,-1
521,2646,282.3328552246094,77.73695373535156,20.11883544921875,6.5714569091796875,1,-1,-1,-1
541,2645,223.01425170898438,186.93031311035156,9.8255615234375,4.7578887939453125,1,-1,-1,-1
541,2646,312.3415222167969,78.06053161621094,20.13299560546875,7.514068603515625,1,-1,-1,-1
561,2645,213.3961181640625,193.99905395507812,9.11834716796875,4.938690185546875,1,-1,-1,-1
561,2646,339.8398132324219,78.40673828125,21.088348388671875,7.8485107421875,1,-1,-1,-1
581,2645,208.9486846923828,202.3677978515625,7.9790191650390625,3.35906982421875,1,-1,-1,-1
581,2646,366.58428955078125,82.49848937988281,19.319366455078125,7.3941497802734375,1,-1,-1,-1
601,2645,207.44198608398438,208.8667449951172,7.236785888671875,2.3526611328125,1,-1,-1,-1
601,2646,377.71539306640625,92.69721984863281,17.427581787109375,7.8340911865234375,1,-1,-1,-1
621,2645,208.94659423828125,211.10365295410156,6.32281494140625,3.3625030517578125,1,-1,-1,-1
621,2646,377.27215576171875,119.30338287353516,20.45751953125,6.017478942871094,1,-1,-1,-1
641,2645,230.53968811035156,212.26947021484375,6.94476318359375,4.737640380859375,1,-1,-1,-1
641,2646,374.5225524902344,136.26730346679688,20.254425048828125,5.97100830078125,1,-1,-1,-1
661,2645,275.3122863769531,215.4146270751953,7.545196533203125,3.8537139892578125,1,-1,-1,-1
661,2646,369.6545715332031,135.75973510742188,18.963470458984375,7.0625152587890625,1,-1,-1,-1
681,2646,364.0447998046875,137.92559814453125,21.0433349609375,6.941009521484375,1,-1,-1,-1
701,2646,355.18896484375,138.68606567382812,18.8460693359375,6.375396728515625,1,-1,-1,-1
721,2646,323.3703918457031,139.47787475585938,20.169769287109375,5.96038818359375,1,-1,-1,-1
741,2646,285.9470520019531,137.70338439941406,23.012359619140625,5.484588623046875,1,-1,-1,-1
761,2646,254.25062561035156,128.46978759765625,20.207046508789062,7.0296630859375,1,-1,-1,-1
781,2646,224.62721252441406,121.72051239013672,19.7630615234375,7.154075622558594,1,-1,-1,-1
801,2646,202.87110900878906,118.17544555664062,20.868118286132812,7.297088623046875,1,-1,-1,-1
821,2646,197.64443969726562,116.1229476928711,20.372695922851562,7.3092498779296875,1,-1,-1,-1
841,2646,200.02780151367188,115.03729248046875,22.352035522460938,7.3762054443359375,1,-1,-1,-1
861,2646,204.80873107910156,118.83724212646484,21.787460327148438,7.9776611328125,1,-1,-1,-1
881,2646,210.0825653076172,132.87168884277344,19.613418579101562,6.402618408203125,1,-1,-1,-1
901,2646,215.41793823242188,146.5987548828125,18.102447509765625,5.417266845703125,1,-1,-1,-1
921,2646,217.00112915039062,159.8657989501953,17.262847900390625,4.701385498046875,1,-1,-1,-1
941,2646,221.01373291015625,166.13072204589844,14.761886596679688,5.1439361572265625,1,-1,-1,-1
961,2646,224.75021362304688,163.97418212890625,13.635482788085938,5.1801605224609375,1,-1,-1,-1
981,2646,228.24560546875,159.113037109375,15.09185791015625,4.20196533203125,1,-1,-1,-1
1001,2646,232.40786743164062,154.0413055419922,13.9052734375,4.870849609375,1,-1,-1,-1
1021,2646,234.3731689453125,152.10125732421875,15.04168701171875,5.184967041015625,1,-1,-1,-1
1041,2646,245.72683715820312,152.5484161376953,15.088043212890625,4.7579193115234375,1,-1,-1,-1
1061,2646,268.8378601074219,152.22439575195312,14.964508056640625,5.218719482421875,1,-1,-1,-1
1081,2646,294.530517578125,153.50973510742188,14.983978271484375,4.83477783203125,1,-1,-1,-1
1101,2646,324.21124267578125,153.90341186523438,14.09393310546875,4.8112335205078125,1,-1,-1,-1
1121,2647,211.7373809814453,41.54756164550781,11.475494384765625,5.121616363525391,1,-1,-1,-1
1121,2646,351.6380310058594,155.35205078125,14.726043701171875,4.1425933837890625,1,-1,-1,-1
1141,2647,216.66165161132812,41.44350051879883,12.530853271484375,5.082294464111328,1,-1,-1,-1
1141,2646,379.32293701171875,157.4334259033203,13.555908203125,4.349212646484375,1,-1,-1,-1
1161,2647,216.7420196533203,40.93977355957031,13.52142333984375,5.328014373779297,1,-1,-1,-1
1161,2646,404.3730163574219,159.0873565673828,14.051300048828125,4.3758697509765625,1,-1,-1,-1
1181,2647,217.34640502929688,39.8858757019043,12.274627685546875,5.2794189453125,1,-1,-1,-1
1181,2646,425.0331115722656,162.69789123535156,7.059722900390625,3.6582489013671875,1,-1,-1,-1
1201,2647,217.60006713867188,39.05257034301758,12.47271728515625,5.079631805419922,1,-1,-1,-1
1221,2647,217.0224151611328,37.66017150878906,12.179840087890625,4.773082733154297,1,-1,-1,-1
1241,2647,216.1464080810547,36.13040542602539,13.276565551757812,5.043159484863281,1,-1,-1,-1
1261,2647,216.1895751953125,34.942317962646484,12.842437744140625,5.346954345703125,1,-1,-1,-1
1281,2647,216.98133850097656,33.76527404785156,12.874404907226562,5.485626220703125,1,-1,-1,-1
1301,2647,217.70164489746094,32.211517333984375,12.251541137695312,5.885040283203125,1,-1,-1,-1
1321,2647,216.59988403320312,31.987316131591797,12.832794189453125,5.545967102050781,1,-1,-1,-1
1341,2647,216.30113220214844,31.986547470092773,12.098312377929688,5.122461318969727,1,-1,-1,-1
1361,2647,222.1417999267578,32.197723388671875,12.643325805664062,4.829738616943359,1,-1,-1,-1
1381,2647,227.3467254638672,31.63334083557129,12.15667724609375,5.831804275512695,1,-1,-1,-1
1401,2648,362.4053649902344,171.45367431640625,16.484130859375,3.75225830078125,1,-1,-1,-1
1401,2647,226.83103942871094,31.495901107788086,12.400161743164062,5.511613845825195,1,-1,-1,-1
1421,2648,341.51531982421875,167.75,19.826873779296875,4.55511474609375,1,-1,-1,-1
1421,2647,223.95993041992188,30.75132179260254,11.8408203125,5.339284896850586,1,-1,-1,-1
1441,2648,317.70404052734375,164.217529296875,19.502655029296875,5.152435302734375,1,-1,-1,-1
1441,2647,208.6258087158203,28.5035457611084,12.472198486328125,6.801538467407227,1,-1,-1,-1
1461,2648,291.20245361328125,157.85276794433594,17.04071044921875,5.034332275390625,1,-1,-1,-1
1461,2647,200.5198516845703,29.920169830322266,10.888290405273438,4.9799652099609375,1,-1,-1,-1
1481,2648,259.9496154785156,150.40635681152344,17.97589111328125,5.2539215087890625,1,-1,-1,-1
1481,2647,203.0215606689453,28.71492576599121,11.8250732421875,6.536428451538086,1,-1,-1,-1
1501,2648,228.3448486328125,145.2345733642578,18.396453857421875,5.5785369873046875,1,-1,-1,-1
1501,2647,245.70782470703125,31.420679092407227,12.460174560546875,5.838396072387695,1,-1,-1,-1
1521,2648,197.02215576171875,141.16134643554688,21.476165771484375,6.5243072509765625,1,-1,-1,-1
1521,2647,304.6410217285156,34.06889724731445,10.641510009765625,6.318958282470703,1,-1,-1,-1
1541,2648,180.29306030273438,141.82127380371094,20.481719970703125,6.3714447021484375,1,-1,-1,-1
1541,2647,309.6909484863281,33.618831634521484,11.502777099609375,7.124248504638672,1,-1,-1,-1
1561,2648,175.42388916015625,146.57713317871094,16.001968383789062,5.8784332275390625,1,-1,-1,-1
1561,2647,268.48858642578125,28.569490432739258,10.640045166015625,8.15015983581543,1,-1,-1,-1
1581,2648,174.07705688476562,154.08973693847656,16.671859741210938,5.5966033935546875,1,-1,-1,-1
1581,2647,279.3709411621094,28.720911026000977,10.64398193359375,7.462717056274414,1,-1,-1,-1
1601,2648,176.8138427734375,162.57508850097656,17.21734619140625,4.292938232421875,1,-1,-1,-1
1601,2647,357.6247863769531,32.88191604614258,9.91552734375,6.599704742431641,1,-1,-1,-1
1621,2648,184.84747314453125,169.56524658203125,13.37451171875,4.62158203125,1,-1,-1,-1
1621,2647,395.90093994140625,32.493080139160156,11.03533935546875,6.899761199951172,1,-1,-1,-1
1641,2648,195.83023071289062,177.72933959960938,14.03424072265625,4.4186859130859375,1,-1,-1,-1
1641,2647,363.1701965332031,29.718006134033203,11.44866943359375,6.284961700439453,1,-1,-1,-1
1661,2648,209.38436889648438,183.7451629638672,14.994461059570312,3.963104248046875,1,-1,-1,-1
1661,2647,333.0062255859375,27.460966110229492,11.22528076171875,5.899812698364258,1,-1,-1,-1
1681,2647,330.430908203125,26.31244659423828,13.08258056640625,6.596157073974609,1,-1,-1,-1
1701,2647,333.2091979980469,26.675188064575195,12.308502197265625,5.686788558959961,1,-1,-1,-1
1721,2647,333.50555419921875,27.565078735351562,12.771759033203125,6.1944580078125,1,-1,-1,-1
1741,2649,289.03759765625,195.91326904296875,10.618682861328125,3.8359832763671875,1,-1,-1,-1
1741,2647,334.1158752441406,28.058019638061523,12.558135986328125,7.209348678588867,1,-1,-1,-1
1761,2649,318.2021789550781,194.75393676757812,9.254974365234375,5.199066162109375,1,-1,-1,-1
1761,2647,363.2110595703125,31.176424026489258,11.50140380859375,5.451864242553711,1,-1,-1,-1
1781,2649,327.3034362792969,190.48512268066406,10.107574462890625,3.7087860107421875,1,-1,-1,-1
1781,2647,373.83441162109375,29.532081604003906,13.261505126953125,6.3329315185546875,1,-1,-1,-1
1801,2649,326.89727783203125,183.3716278076172,11.18585205078125,3.79144287109375,1,-1,-1,-1
1801,2647,376.5489501953125,28.31230354309082,13.447113037109375,5.939912796020508,1,-1,-1,-1
1821,2649,331.4385986328125,179.37550354003906,11.619110107421875,3.8066253662109375,1,-1,-1,-1
1821,2647,376.32440185546875,27.537639617919922,12.758087158203125,6.157718658447266,1,-1,-1,-1
1841,2649,342.7789306640625,177.42160034179688,11.50726318359375,4.557769775390625,1,-1,-1,-1
1841,2647,375.9054870605469,27.590517044067383,13.890533447265625,5.765504837036133,1,-1,-1,-1
1861,2649,360.5755920410156,174.2750244140625,9.1182861328125,3.780731201171875,1,-1,-1,-1
1861,2647,357.2127685546875,26.81119155883789,12.48138427734375,6.560688018798828,1,-1,-1,-1
1881,2649,376.13861083984375,169.68882751464844,10.483856201171875,4.3309783935546875,1,-1,-1,-1
1881,2647,302.4031982421875,19.233728408813477,12.18377685546875,8.628522872924805,1,-1,-1,-1
1901,2649,392.4381103515625,167.0698699951172,11.118408203125,3.45263671875,1,-1,-1,-1
1901,2647,301.85162353515625,19.747636795043945,13.670196533203125,6.48554801940918,1,-1,-1,-1
1921,2649,406.2879943847656,165.00230407714844,11.214996337890625,4.34503173828125,1,-1,-1,-1
1921,2647,302.4573974609375,19.31614112854004,14.068572998046875,6.685907363891602,1,-1,-1,-1
1941,2649,419.7259216308594,167.1454315185547,10.543121337890625,4.2874298095703125,1,-1,-1,-1
1941,2647,303.61273193359375,20.463279724121094,11.789306640625,5.910694122314453,1,-1,-1,-1
1961,2649,344.6171569824219,173.22933959960938,7.128814697265625,2.8773651123046875,1,-1,-1,-1
1961,2647,303.26751708984375,20.50058937072754,12.658111572265625,5.824357986450195,1,-1,-1,-1
1981,2649,372.2874450683594,162.41067504882812,7.366180419921875,2.5188140869140625,1,-1,-1,-1
1981,2647,302.7943115234375,20.268400192260742,14.32763671875,6.188287734985352,1,-1,-1,-1
2001,2649,400.1890563964844,154.3745880126953,6.611785888671875,2.346160888671875,1,-1,-1,-1
2001,2647,304.6669616699219,21.18828773498535,12.830810546875,5.783426284790039,1,-1,-1,-1
2021,2649,425.54241943359375,156.8448944091797,6.2994384765625,3.8386688232421875,1,-1,-1,-1
2021,2647,304.47515869140625,22.032636642456055,12.611785888671875,6.096086502075195,1,-1,-1,-1
2041,2649,374.74786376953125,183.8269500732422,9.91741943359375,3.757415771484375,1,-1,-1,-1
2041,2647,304.8444519042969,24.690872192382812,12.92864990234375,6.227659225463867,1,-1,-1,-1
2061,2649,347.2515869140625,185.5010986328125,9.34808349609375,4.21356201171875,1,-1,-1,-1
2061,2647,305.3197937011719,28.553783416748047,13.274139404296875,5.72479248046875,1,-1,-1,-1
2081,2649,324.4155578613281,185.85931396484375,6.3822021484375,2.9140777587890625,1,-1,-1,-1
2081,2647,304.7146301269531,31.988800048828125,13.85284423828125,6.065467834472656,1,-1,-1,-1
2101,2649,316.60052490234375,185.29275512695312,7.145477294921875,2.912139892578125,1,-1,-1,-1
2101,2647,304.43084716796875,34.66910171508789,15.0166015625,5.406871795654297,1,-1,-1,-1
2121,2649,311.0357666015625,183.6182098388672,7.7926025390625,3.548980712890625,1,-1,-1,-1
2121,2647,304.4536437988281,34.016151428222656,13.12628173828125,6.388114929199219,1,-1,-1,-1
