1,2756,173.9337158203125,119.89664459228516,12.752914428710938,5.587615966796875,1,-1,-1,-1
21,2756,173.44476318359375,119.74958038330078,13.548583984375,5.310882568359375,1,-1,-1,-1
41,2756,171.9452667236328,119.98204040527344,14.697311401367188,5.313545227050781,1,-1,-1,-1
61,2756,176.25125122070312,119.82425689697266,15.20294189453125,5.464111328125,1,-1,-1,-1
81,2757,188.94126892089844,120.0650634765625,14.397964477539062,5.132011413574219,1,-1,-1,-1
121,2760,215.97694396972656,119.96424102783203,13.782394409179688,5.155250549316406,1,-1,-1,-1
141,2760,228.52316284179688,120.03662872314453,13.777999877929688,5.20477294921875,1,-1,-1,-1
161,2760,241.644775390625,119.77567291259766,13.083587646484375,5.407440185546875,1,-1,-1,-1
181,2760,252.34632873535156,117.75167846679688,12.448379516601562,5.902595520019531,1,-1,-1,-1
201,2761,261.53875732421875,115.93748474121094,13.0849609375,6.0775909423828125,1,-1,-1,-1
221,2762,264.6607666015625,113.09790802001953,14.408416748046875,5.1335296630859375,1,-1,-1,-1
241,2762,262.8405456542969,109.15339660644531,14.263397216796875,5.570587158203125,1,-1,-1,-1
261,2762,262.4096984863281,105.07263946533203,13.811004638671875,6.241462707519531,1,-1,-1,-1
281,2762,266.17657470703125,104.82582092285156,13.704345703125,5.7769012451171875,1,-1,-1,-1
301,2762,268.7007751464844,104.75860595703125,12.9312744140625,6.37677001953125,1,-1,-1,-1
321,2762,271.1640319824219,107.58171081542969,12.74981689453125,6.761482238769531,1,-1,-1,-1
341,2762,273.64599609375,113.37288665771484,12.505401611328125,6.3423309326171875,1,-1,-1,-1
361,2763,274.6114807128906,121.0537338256836,13.871826171875,5.340019226074219,1,-1,-1,-1
381,2764,277.75140380859375,128.35227966308594,12.005645751953125,5.620513916015625,1,-1,-1,-1
401,2764,279.42010498046875,137.38014221191406,10.536651611328125,5.612091064453125,1,-1,-1,-1
421,2765,280.93817138671875,148.0010528564453,10.232421875,4.898040771484375,1,-1,-1,-1
441,2766,281.2446594238281,157.13760375976562,9.9822998046875,4.660369873046875,1,-1,-1,-1
461,2767,282.13079833984375,162.7589874267578,9.353240966796875,3.72479248046875,1,-1,-1,-1
481,2769,282.7789001464844,163.97804260253906,8.86175537109375,3.3353729248046875,1,-1,-1,-1
501,2769,282.0398254394531,161.19711303710938,8.57763671875,4.04461669921875,1,-1,-1,-1
521,2772,281.32965087890625,154.3076629638672,8.66741943359375,4.4912261962890625,1,-1,-1,-1
541,2773,282.6075134277344,148.98214721679688,9.069091796875,3.8582763671875,1,-1,-1,-1
561,2774,285.3175048828125,146.92822265625,8.9373779296875,3.866546630859375,1,-1,-1,-1
581,2774,291.79742431640625,146.7041473388672,9.2235107421875,4.268096923828125,1,-1,-1,-1
601,2774,303.06549072265625,146.87521362304688,7.74615478515625,4.354217529296875,1,-1,-1,-1
621,2777,317.2526550292969,144.97108459472656,9.137664794921875,3.8763580322265625,1,-1,-1,-1
641,2777,320.2506103515625,141.12693786621094,9.03985595703125,3.223541259765625,1,-1,-1,-1
661,2779,322.5062255859375,138.25794982910156,8.6435546875,4.374237060546875,1,-1,-1,-1
681,2782,339.3887939453125,138.70193481445312,8.34124755859375,4.482391357421875,1,-1,-1,-1
701,2783,358.45623779296875,137.58853149414062,8.668212890625,4.444488525390625,1,-1,-1,-1
721,2785,364.9337158203125,135.22454833984375,9.25238037109375,4.066131591796875,1,-1,-1,-1
741,2787,362.3990173339844,131.92784118652344,8.15521240234375,4.3269805908203125,1,-1,-1,-1
761,2789,357.7967529296875,131.24461364746094,8.644012451171875,4.068206787109375,1,-1,-1,-1
781,2790,355.74786376953125,129.27027893066406,9.261566162109375,4.201995849609375,1,-1,-1,-1
821,2794,356.2039489746094,129.79122924804688,8.995819091796875,3.6754150390625,1,-1,-1,-1
841,2794,355.0927734375,129.8060302734375,9.232025146484375,4.5550384521484375,1,-1,-1,-1
861,2796,355.6189270019531,131.76931762695312,8.106170654296875,4.2671356201171875,1,-1,-1,-1
881,2798,356.3983154296875,134.30726623535156,8.641510009765625,4.10858154296875,1,-1,-1,-1
901,2799,356.7568664550781,138.052734375,8.1549072265625,4.1273193359375,1,-1,-1,-1
941,2804,357.7735595703125,145.31365966796875,7.962646484375,3.9415435791015625,1,-1,-1,-1
981,2809,358.7161865234375,152.2591094970703,7.57415771484375,3.081085205078125,1,-1,-1,-1
1001,2812,359.20733642578125,156.11280822753906,7.510009765625,3.1268310546875,1,-1,-1,-1
1021,2814,358.99114990234375,159.19961547851562,7.93060302734375,3.4372406005859375,1,-1,-1,-1
1041,2817,359.4952087402344,161.26016235351562,7.33953857421875,3.0536956787109375,1,-1,-1,-1
1061,2819,359.7337646484375,161.19290161132812,7.076812744140625,3.48504638671875,1,-1,-1,-1
1081,2822,362.368408203125,161.14012145996094,7.388214111328125,3.133941650390625,1,-1,-1,-1
1121,2827,367.66668701171875,157.4672393798828,7.065521240234375,3.4575042724609375,1,-1,-1,-1
1141,2830,366.511962890625,154.19869995117188,7.462677001953125,3.0355072021484375,1,-1,-1,-1
1161,2833,366.0452880859375,146.3185272216797,7.53192138671875,3.05767822265625,1,-1,-1,-1
1181,2836,366.5638427734375,141.0597686767578,7.401580810546875,3.3645172119140625,1,-1,-1,-1
1201,2839,367.9324035644531,139.04342651367188,8.0606689453125,3.7752685546875,1,-1,-1,-1
1241,2844,381.0133361816406,138.94699096679688,8.035797119140625,3.1764678955078125,1,-1,-1,-1
1261,2847,389.1738586425781,137.75404357910156,7.835693359375,3.8421478271484375,1,-1,-1,-1
1281,2850,397.2259826660156,132.5015106201172,6.6729736328125,3.6689910888671875,1,-1,-1,-1
1301,2853,401.1978759765625,127.24107360839844,7.9271240234375,3.211212158203125,1,-1,-1,-1
1321,2856,403.0856018066406,125.4735336303711,7.881683349609375,4.021644592285156,1,-1,-1,-1
1361,2861,404.6664123535156,129.93826293945312,8.153900146484375,4.2743682861328125,1,-1,-1,-1
1381,2864,406.09259033203125,134.07386779785156,7.40936279296875,3.5442657470703125,1,-1,-1,-1
1421,2869,407.24432373046875,141.84788513183594,7.33172607421875,3.7277679443359375,1,-1,-1,-1
1441,2872,407.9479675292969,146.63772583007812,6.299652099609375,3.508026123046875,1,-1,-1,-1
1461,2875,408.189453125,150.7395782470703,6.277252197265625,3.316925048828125,1,-1,-1,-1
1501,2880,408.90582275390625,157.9871826171875,5.50042724609375,2.829345703125,1,-1,-1,-1
1521,2883,409.2858581542969,159.50912475585938,5.705474853515625,3.1710357666015625,1,-1,-1,-1
1541,2883,409.395263671875,161.26492309570312,5.953216552734375,2.8919830322265625,1,-1,-1,-1
1561,2884,410.4866027832031,163.11888122558594,5.369964599609375,3.33203125,1,-1,-1,-1
1581,2885,410.13629150390625,165.86294555664062,5.865875244140625,2.92498779296875,1,-1,-1,-1
1601,2888,411.12811279296875,168.3594970703125,4.827667236328125,2.2932891845703125,1,-1,-1,-1
1621,2889,411.9491882324219,169.91432189941406,5.229736328125,3.148590087890625,1,-1,-1,-1
1641,2891,411.67919921875,169.85186767578125,5.41845703125,2.48297119140625,1,-1,-1,-1
1661,2892,411.7441101074219,169.2794952392578,5.239044189453125,2.96087646484375,1,-1,-1,-1
1681,2894,412.1829833984375,168.43870544433594,4.628387451171875,2.9154510498046875,1,-1,-1,-1
1701,2896,412.3608703613281,167.5493621826172,4.34503173828125,2.8208770751953125,1,-1,-1,-1
1721,2897,412.49176025390625,166.80633544921875,4.592529296875,2.7166290283203125,1,-1,-1,-1
1741,2899,412.51373291015625,167.32638549804688,4.4803466796875,2.9590911865234375,1,-1,-1,-1
1761,2901,415.59228515625,171.34466552734375,3.561309814453125,1.9579620361328125,1,-1,-1,-1
1781,2904,416.6143798828125,173.46910095214844,4.311676025390625,2.6509857177734375,1,-1,-1,-1
1801,2906,417.0343017578125,176.4766082763672,3.13165283203125,2.62530517578125,1,-1,-1,-1
1821,2908,415.55889892578125,179.04969787597656,4.767669677734375,2.2430877685546875,1,-1,-1,-1
1841,2910,415.7586669921875,178.2779083251953,3.77435302734375,2.068634033203125,1,-1,-1,-1
1861,2912,416.5922546386719,177.20298767089844,4.8150634765625,2.1852264404296875,1,-1,-1,-1
1881,2914,418.03790283203125,175.22389221191406,4.463043212890625,2.22918701171875,1,-1,-1,-1
1901,2916,419.3356628417969,173.08303833007812,4.982086181640625,2.1328277587890625,1,-1,-1,-1
1921,2919,420.2722473144531,169.96249389648438,4.892059326171875,3.020477294921875,1,-1,-1,-1
1941,2921,420.1407470703125,167.6118621826172,5.4307861328125,2.7316436767578125,1,-1,-1,-1
1961,2924,421.30560302734375,165.2708282470703,4.67523193359375,1.8941497802734375,1,-1,-1,-1
1981,2925,421.78826904296875,163.39508056640625,4.8160400390625,2.8902435302734375,1,-1,-1,-1
2001,2927,421.4783935546875,166.97994995117188,5.661376953125,2.579681396484375,1,-1,-1,-1
2041,2932,420.41973876953125,173.1165008544922,5.43212890625,2.029510498046875,1,-1,-1,-1
2061,2935,420.2485656738281,170.14036560058594,5.4400634765625,2.236297607421875,1,-1,-1,-1
2081,2938,420.06756591796875,164.5785369873047,5.501312255859375,2.7286529541015625,1,-1,-1,-1
