101,2943,260.6582946777344,179.12539672851562,6.844635009765625,2.4206695556640625,1,-1,-1,-1
121,2946,273.0860595703125,182.50848388671875,6.90618896484375,2.881256103515625,1,-1,-1,-1
141,2948,272.4512023925781,190.5819854736328,6.868316650390625,2.6603240966796875,1,-1,-1,-1
161,2950,272.893310546875,197.71656799316406,6.838409423828125,2.4224853515625,1,-1,-1,-1
181,2952,281.2417297363281,198.4105682373047,7.02203369140625,2.811126708984375,1,-1,-1,-1
201,2954,296.347900390625,202.10693359375,6.62762451171875,2.209625244140625,1,-1,-1,-1
221,2957,309.0610046386719,212.3101043701172,7.678558349609375,3.03253173828125,1,-1,-1,-1
241,2959,320.5245666503906,223.8182373046875,7.1453857421875,2.6981353759765625,1,-1,-1,-1
281,2962,349.73748779296875,238.80599975585938,7.04815673828125,2.688720703125,1,-1,-1,-1
321,2963,407.58197021484375,241.43234252929688,8.010650634765625,2.9788055419921875,1,-1,-1,-1
341,2963,434.74169921875,249.7247772216797,7.480865478515625,3.3427581787109375,1,-1,-1,-1
361,2963,440.1723937988281,250.7321014404297,7.404327392578125,2.5938568115234375,1,-1,-1,-1
381,2963,441.172119140625,245.32919311523438,7.901123046875,2.9906463623046875,1,-1,-1,-1
401,2963,447.26617431640625,244.00868225097656,8.3155517578125,2.6416168212890625,1,-1,-1,-1
421,2963,461.7734375,243.17449951171875,7.9769287109375,2.4853973388671875,1,-1,-1,-1
441,2963,476.05523681640625,238.1768341064453,7.90625,2.372100830078125,1,-1,-1,-1
461,2963,478.12603759765625,230.39593505859375,8.095550537109375,3.077117919921875,1,-1,-1,-1
481,2963,470.2605895996094,227.0203399658203,8.604583740234375,2.55999755859375,1,-1,-1,-1
501,2963,448.6640930175781,226.13955688476562,6.947235107421875,2.1710357666015625,1,-1,-1,-1
521,2963,415.65863037109375,224.7947540283203,7.788177490234375,2.8304443359375,1,-1,-1,-1
541,2963,381.0419921875,224.15933227539062,7.03216552734375,2.2964019775390625,1,-1,-1,-1
561,2963,351.93896484375,222.73741149902344,7.458587646484375,3.4945526123046875,1,-1,-1,-1
581,2963,341.2431640625,222.65345764160156,7.678466796875,3.70556640625,1,-1,-1,-1
601,2966,336.2237548828125,225.8418731689453,7.69708251953125,2.9708099365234375,1,-1,-1,-1
621,2967,331.45849609375,227.61036682128906,7.28302001953125,2.712127685546875,1,-1,-1,-1
641,2968,327.4767761230469,231.4438018798828,6.5167236328125,2.468658447265625,1,-1,-1,-1
661,2970,318.6551208496094,234.3544464111328,5.811187744140625,1.914459228515625,1,-1,-1,-1
681,2970,306.4987487792969,235.873046875,6.265625,2.627288818359375,1,-1,-1,-1
701,2970,292.52850341796875,238.1937255859375,6.24273681640625,2.31390380859375,1,-1,-1,-1
721,2970,277.5055847167969,239.35513305664062,6.08392333984375,2.0040740966796875,1,-1,-1,-1
881,2971,249.5679473876953,226.37481689453125,5.5921478271484375,2.7238311767578125,1,-1,-1,-1
901,2971,261.9068908691406,227.2841033935547,5.42803955078125,1.911407470703125,1,-1,-1,-1
921,2971,269.071533203125,226.7085723876953,4.690765380859375,1.712310791015625,1,-1,-1,-1
941,2971,273.08197021484375,220.45286560058594,4.93841552734375,2.1304473876953125,1,-1,-1,-1
961,2971,274.3057861328125,213.44049072265625,5.2613525390625,1.713348388671875,1,-1,-1,-1
981,2972,273.5297546386719,205.1363067626953,4.909393310546875,2.2071380615234375,1,-1,-1,-1
1001,2972,272.828857421875,197.12429809570312,4.73638916015625,2.17138671875,1,-1,-1,-1
1021,2973,275.54229736328125,193.70486450195312,4.99639892578125,2.5614013671875,1,-1,-1,-1
1041,2974,285.2782287597656,193.62863159179688,4.601318359375,2.6137542724609375,1,-1,-1,-1
1061,2974,288.81329345703125,193.27088928222656,4.959564208984375,2.251251220703125,1,-1,-1,-1
1081,2974,283.16766357421875,192.63186645507812,4.52593994140625,2.3576507568359375,1,-1,-1,-1
1101,2974,272.6678161621094,191.25274658203125,4.306427001953125,1.847808837890625,1,-1,-1,-1
1121,2975,262.045654296875,188.37442016601562,5.49615478515625,2.439208984375,1,-1,-1,-1
1141,2976,258.9835205078125,181.27720642089844,4.46539306640625,1.9166412353515625,1,-1,-1,-1
1161,2978,258.3662109375,173.14657592773438,4.22100830078125,2.1027984619140625,1,-1,-1,-1
1181,2980,259.4991149902344,171.50950622558594,4.9681396484375,2.438873291015625,1,-1,-1,-1
1201,2982,266.57354736328125,169.82147216796875,4.771514892578125,2.349761962890625,1,-1,-1,-1
1221,2982,277.0034484863281,168.41416931152344,3.9088134765625,1.6880340576171875,1,-1,-1,-1
1241,2983,280.38836669921875,160.41329956054688,5.17767333984375,2.958038330078125,1,-1,-1,-1
1261,2985,280.2337341308594,150.68609619140625,4.55889892578125,2.3685150146484375,1,-1,-1,-1
1281,2986,277.1274108886719,148.31739807128906,4.804595947265625,2.4368133544921875,1,-1,-1,-1
1301,2987,267.2146301269531,147.3507843017578,5.389404296875,2.651519775390625,1,-1,-1,-1
1321,2989,258.68609619140625,148.97451782226562,5.339141845703125,2.3305511474609375,1,-1,-1,-1
1341,2992,256.24566650390625,155.11505126953125,5.620208740234375,3.459320068359375,1,-1,-1,-1
1361,2994,254.50418090820312,163.15267944335938,4.8602294921875,1.9815521240234375,1,-1,-1,-1
1381,2997,249.23951721191406,168.60450744628906,5.3186492919921875,2.5863800048828125,1,-1,-1,-1
1641,2999,163.6402587890625,225.7124786376953,4.143218994140625,2.502227783203125,1,-1,-1,-1
1661,2999,161.5301513671875,231.7888641357422,4.9080657958984375,2.552642822265625,1,-1,-1,-1
2041,3001,247.4021759033203,197.61410522460938,5.29376220703125,2.6856842041015625,1,-1,-1,-1
2061,3001,254.04920959472656,199.9310302734375,5.8403778076171875,2.4166412353515625,1,-1,-1,-1
2081,3001,262.27362060546875,207.98919677734375,5.0638427734375,2.308502197265625,1,-1,-1,-1
2101,3001,268.4759216308594,214.37289428710938,5.087432861328125,2.3366546630859375,1,-1,-1,-1
2121,3001,275.2230529785156,218.46864318847656,5.224517822265625,2.852203369140625,1,-1,-1,-1
2141,3001,282.01898193359375,223.59803771972656,5.222259521484375,2.48785400390625,1,-1,-1,-1
2161,3001,287.6456604003906,229.61361694335938,5.683990478515625,1.963714599609375,1,-1,-1,-1
2181,3002,292.7230224609375,236.69915771484375,4.911529541015625,1.790679931640625,1,-1,-1,-1
