1,3819,420.52886962890625,134.65518188476562,12.66326904296875,4.9268951416015625,1,-1,-1,-1
21,3820,325.125,228.72882080078125,17.882171630859375,5.5326995849609375,1,-1,-1,-1
21,3819,416.30450439453125,138.5982208251953,12.545928955078125,4.803802490234375,1,-1,-1,-1
41,3820,325.9692077636719,231.09825134277344,17.456817626953125,4.8645782470703125,1,-1,-1,-1
41,3819,412.40625,139.82485961914062,11.88665771484375,5.6500701904296875,1,-1,-1,-1
61,3820,333.07733154296875,229.39657592773438,18.76470947265625,5.1513824462890625,1,-1,-1,-1
61,3819,401.4457702636719,141.8801727294922,12.59979248046875,5.8778076171875,1,-1,-1,-1
81,3820,350.6357116699219,225.33396911621094,17.66900634765625,6.023040771484375,1,-1,-1,-1
81,3819,389.62493896484375,144.1621551513672,12.57623291015625,5.0455780029296875,1,-1,-1,-1
101,3820,353.5269775390625,222.52784729003906,16.544677734375,5.6192779541015625,1,-1,-1,-1
101,3819,378.5965576171875,145.8795166015625,12.572265625,5.705108642578125,1,-1,-1,-1
121,3820,352.5350341796875,219.95643615722656,18.024810791015625,5.08160400390625,1,-1,-1,-1
121,3819,367.301513671875,148.4988250732422,12.8448486328125,4.1186370849609375,1,-1,-1,-1
141,3820,351.0975341796875,218.32589721679688,16.549591064453125,5.42547607421875,1,-1,-1,-1
141,3819,358.51983642578125,149.5959014892578,12.2796630859375,5.2513427734375,1,-1,-1,-1
161,3820,346.5028076171875,217.3303680419922,16.990570068359375,4.929595947265625,1,-1,-1,-1
161,3819,347.59490966796875,149.53778076171875,11.676788330078125,5.323150634765625,1,-1,-1,-1
181,3820,345.4896545410156,217.30650329589844,17.730621337890625,4.9217071533203125,1,-1,-1,-1
181,3819,331.4479064941406,154.3772735595703,12.627166748046875,4.950714111328125,1,-1,-1,-1
201,3820,350.1372985839844,216.65478515625,18.5845947265625,4.9603271484375,1,-1,-1,-1
201,3819,309.5573425292969,159.2218780517578,13.27301025390625,4.19500732421875,1,-1,-1,-1
221,3820,359.8653869628906,215.42547607421875,18.066253662109375,5.3299102783203125,1,-1,-1,-1
221,3819,299.08758544921875,168.58474731445312,13.61993408203125,4.7045440673828125,1,-1,-1,-1
241,3820,374.8526306152344,214.88951110839844,17.338409423828125,5.2801361083984375,1,-1,-1,-1
241,3819,300.3156433105469,181.14674377441406,12.2884521484375,4.3451690673828125,1,-1,-1,-1
261,3820,389.68646240234375,213.98843383789062,17.520904541015625,5.6300201416015625,1,-1,-1,-1
261,3819,300.1315002441406,201.5824737548828,12.564300537109375,4.2190093994140625,1,-1,-1,-1
281,3820,397.4388122558594,209.13284301757812,18.2159423828125,5.794769287109375,1,-1,-1,-1
281,3819,300.02740478515625,217.29811096191406,12.8697509765625,3.9581298828125,1,-1,-1,-1
301,3820,397.0552062988281,198.97991943359375,17.413330078125,5.6327667236328125,1,-1,-1,-1
301,3819,300.5968933105469,234.10037231445312,13.111663818359375,4.303375244140625,1,-1,-1,-1
321,3820,394.9201965332031,200.73263549804688,17.977752685546875,5.235626220703125,1,-1,-1,-1
321,3819,304.3087158203125,251.59664916992188,11.823089599609375,4.021209716796875,1,-1,-1,-1
341,3820,393.105712890625,190.9334716796875,17.285064697265625,5.07049560546875,1,-1,-1,-1
341,3819,385.6446838378906,262.0152893066406,8.087310791015625,3.337677001953125,1,-1,-1,-1
361,3820,394.0589904785156,184.22308349609375,16.80633544921875,5.925537109375,1,-1,-1,-1
381,3820,406.6708068847656,183.9311065673828,19.60296630859375,4.9954376220703125,1,-1,-1,-1
401,3820,432.03387451171875,180.02377319335938,16.789642333984375,5.824005126953125,1,-1,-1,-1
421,3820,461.21905517578125,176.433837890625,18.91534423828125,5.0925140380859375,1,-1,-1,-1
441,3820,490.40740966796875,174.0713348388672,17.45391845703125,6.096771240234375,1,-1,-1,-1
461,3820,517.8947143554688,174.6267547607422,18.701904296875,6.6804656982421875,1,-1,-1,-1
481,3820,541.3140258789062,190.8754119873047,16.75421142578125,5.1869659423828125,1,-1,-1,-1
501,3820,552.0581665039062,197.9234161376953,20.64227294921875,5.71624755859375,1,-1,-1,-1
521,3821,507.43878173828125,258.3848876953125,14.00360107421875,5.621368408203125,1,-1,-1,-1
541,3821,524.580322265625,256.0221252441406,15.93255615234375,5.3123779296875,1,-1,-1,-1
561,3821,542.3993530273438,253.63015747070312,14.11822509765625,5.974761962890625,1,-1,-1,-1
581,3821,533.9293212890625,219.1351318359375,18.3829345703125,6.2303924560546875,1,-1,-1,-1
601,3821,532.858642578125,219.72169494628906,17.1048583984375,6.5071258544921875,1,-1,-1,-1
621,3821,524.4087524414062,222.33876037597656,14.0010986328125,5.3211517333984375,1,-1,-1,-1
661,3822,458.2091979980469,126.80733489990234,13.80096435546875,5.846824645996094,1,-1,-1,-1
681,3822,450.232666015625,127.80252075195312,12.178955078125,5.5333099365234375,1,-1,-1,-1
701,3822,440.33245849609375,128.8055419921875,14.04852294921875,5.3105621337890625,1,-1,-1,-1
721,3823,429.0487365722656,129.5192108154297,13.215545654296875,5.6794891357421875,1,-1,-1,-1
741,3824,455.17681884765625,239.41629028320312,19.261993408203125,5.22113037109375,1,-1,-1,-1
741,3825,416.34619140625,130.55621337890625,11.731964111328125,5.6539306640625,1,-1,-1,-1
761,3824,441.991455078125,239.71836853027344,20.617462158203125,5.563934326171875,1,-1,-1,-1
761,3825,402.2170715332031,131.92030334472656,12.1683349609375,5.2877349853515625,1,-1,-1,-1
781,3824,433.4537353515625,237.6136932373047,18.03253173828125,5.0020904541015625,1,-1,-1,-1
781,3825,388.24114990234375,132.95376586914062,12.028289794921875,5.4225006103515625,1,-1,-1,-1
801,3824,423.7193603515625,236.4457550048828,16.683135986328125,5.282073974609375,1,-1,-1,-1
801,3825,374.28009033203125,133.81626892089844,12.253875732421875,5.630828857421875,1,-1,-1,-1
821,3824,412.9914855957031,235.5715789794922,16.824951171875,5.0368804931640625,1,-1,-1,-1
821,3825,360.08416748046875,134.9512481689453,11.21075439453125,6.1508636474609375,1,-1,-1,-1
841,3824,405.5340270996094,234.1610107421875,17.176513671875,4.8686981201171875,1,-1,-1,-1
841,3825,346.41510009765625,136.88003540039062,12.114715576171875,5.0546722412109375,1,-1,-1,-1
861,3824,404.9027099609375,232.15859985351562,16.64691162109375,4.80999755859375,1,-1,-1,-1
861,3825,333.74652099609375,138.1932830810547,11.82611083984375,5.4518585205078125,1,-1,-1,-1
881,3824,402.1982116699219,231.85304260253906,18.611907958984375,4.954742431640625,1,-1,-1,-1
881,3825,322.44580078125,139.37884521484375,11.38800048828125,5.71002197265625,1,-1,-1,-1
901,3824,401.653564453125,233.0159149169922,18.709625244140625,5.50274658203125,1,-1,-1,-1
901,3825,310.776123046875,140.88258361816406,12.632537841796875,5.362548828125,1,-1,-1,-1
921,3824,401.18194580078125,234.3883056640625,17.114105224609375,5.436431884765625,1,-1,-1,-1
921,3825,301.005859375,141.76123046875,12.71380615234375,5.49310302734375,1,-1,-1,-1
941,3824,398.57806396484375,234.79811096191406,19.57818603515625,5.789886474609375,1,-1,-1,-1
941,3825,291.0326232910156,143.1836395263672,13.290557861328125,5.089508056640625,1,-1,-1,-1
961,3824,392.9974060058594,234.97288513183594,15.6103515625,6.8116912841796875,1,-1,-1,-1
961,3825,283.0836181640625,143.8871612548828,11.495208740234375,5.2206878662109375,1,-1,-1,-1
981,3824,362.61431884765625,239.90972900390625,17.399688720703125,5.26953125,1,-1,-1,-1
981,3825,275.51824951171875,145.03372192382812,10.968170166015625,5.179931640625,1,-1,-1,-1
1001,3824,328.802490234375,242.34396362304688,18.493896484375,5.227935791015625,1,-1,-1,-1
1001,3825,271.6894226074219,146.9411163330078,11.456817626953125,5.189544677734375,1,-1,-1,-1
1021,3824,325.3018493652344,240.55230712890625,16.82000732421875,5.0010528564453125,1,-1,-1,-1
1021,3825,272.38323974609375,151.1744842529297,11.9788818359375,4.8944091796875,1,-1,-1,-1
1041,3824,323.1882019042969,238.9443359375,18.3291015625,6.85919189453125,1,-1,-1,-1
1041,3825,273.3544921875,152.04164123535156,13.19000244140625,5.2880859375,1,-1,-1,-1
1061,3824,303.1908264160156,241.2112274169922,16.581390380859375,5.34210205078125,1,-1,-1,-1
1061,3825,287.2264404296875,151.43896484375,12.202545166015625,4.7865447998046875,1,-1,-1,-1
1081,3824,265.7437744140625,244.07623291015625,18.086669921875,4.8040771484375,1,-1,-1,-1
1081,3825,309.897216796875,149.74546813964844,11.626708984375,4.8683319091796875,1,-1,-1,-1
1101,3824,251.3082733154297,243.40118408203125,17.256301879882812,4.8309326171875,1,-1,-1,-1
1101,3825,333.4423522949219,147.48001098632812,10.426177978515625,5.4642181396484375,1,-1,-1,-1
1121,3824,248.9271697998047,240.73460388183594,17.637191772460938,5.2717742919921875,1,-1,-1,-1
1121,3825,340.0767822265625,141.887451171875,11.18463134765625,5.7607269287109375,1,-1,-1,-1
1141,3824,230.99632263183594,238.67835998535156,28.109939575195312,7.7711639404296875,1,-1,-1,-1
1141,3825,337.6134033203125,127.95024108886719,12.627716064453125,5.415557861328125,1,-1,-1,-1
1161,3824,211.62857055664062,235.4004669189453,18.230819702148438,4.789398193359375,1,-1,-1,-1
1161,3825,339.21282958984375,125.77651977539062,11.557403564453125,5.4316864013671875,1,-1,-1,-1
1181,3824,210.8099365234375,230.58888244628906,19.316436767578125,4.603485107421875,1,-1,-1,-1
1181,3825,347.617919921875,124.89840698242188,11.35345458984375,5.3390960693359375,1,-1,-1,-1
1201,3824,222.64215087890625,225.45660400390625,18.19732666015625,4.951263427734375,1,-1,-1,-1
1201,3825,356.53045654296875,123.86956024169922,10.82574462890625,5.448432922363281,1,-1,-1,-1
1221,3824,227.3930206298828,236.9302978515625,17.9913330078125,5.1589813232421875,1,-1,-1,-1
1221,3825,364.0983581542969,122.63774108886719,13.206024169921875,5.299896240234375,1,-1,-1,-1
1241,3824,230.9011993408203,239.9227752685547,18.624160766601562,4.7529296875,1,-1,-1,-1
1241,3825,376.4159851074219,120.95846557617188,11.0089111328125,6.0573272705078125,1,-1,-1,-1
1261,3824,244.3074188232422,242.011962890625,17.485977172851562,4.4896697998046875,1,-1,-1,-1
1261,3825,382.6715087890625,120.29853057861328,12.369384765625,6.081062316894531,1,-1,-1,-1
1281,3824,262.39013671875,246.0739288330078,17.264251708984375,5.4210968017578125,1,-1,-1,-1
1281,3825,386.6195983886719,120.17402648925781,12.7703857421875,5.515800476074219,1,-1,-1,-1
1301,3824,271.1732177734375,250.40017700195312,19.589630126953125,5.011688232421875,1,-1,-1,-1
1301,3825,400.31170654296875,118.43976593017578,12.11273193359375,6.009925842285156,1,-1,-1,-1
1321,3824,281.3272399902344,253.09429931640625,15.644866943359375,4.32574462890625,1,-1,-1,-1
1321,3825,415.4132080078125,116.6007080078125,11.375274658203125,6.991424560546875,1,-1,-1,-1
1341,3824,287.7214660644531,254.80294799804688,19.571563720703125,5.92816162109375,1,-1,-1,-1
1341,3825,421.6842956542969,116.28839111328125,13.4652099609375,5.9585418701171875,1,-1,-1,-1
1361,3824,291.4945068359375,254.47128295898438,19.510772705078125,6.26995849609375,1,-1,-1,-1
1361,3825,427.10357666015625,115.56375885009766,13.592376708984375,5.679718017578125,1,-1,-1,-1
1381,3824,303.6263427734375,251.37977600097656,10.31390380859375,4.3983154296875,1,-1,-1,-1
1381,3825,435.5389099121094,113.7708740234375,12.735595703125,6.245536804199219,1,-1,-1,-1
1401,3824,300.9430236816406,247.26486206054688,13.752471923828125,5.160186767578125,1,-1,-1,-1
1401,3825,437.6001281738281,114.26790618896484,12.010589599609375,5.871788024902344,1,-1,-1,-1
1421,3824,300.2518615722656,244.7055206298828,16.30029296875,4.7958831787109375,1,-1,-1,-1
1421,3825,437.6474609375,115.76248931884766,11.17938232421875,5.4754791259765625,1,-1,-1,-1
1441,3824,298.713623046875,243.48265075683594,17.8231201171875,4.7945404052734375,1,-1,-1,-1
1441,3825,436.38800048828125,118.56930541992188,12.08428955078125,5.401451110839844,1,-1,-1,-1
1461,3824,298.98773193359375,242.91226196289062,18.22442626953125,5.2618560791015625,1,-1,-1,-1
1461,3825,436.2366943359375,122.03573608398438,14.077056884765625,5.352958679199219,1,-1,-1,-1
1481,3824,299.41729736328125,242.62185668945312,17.140869140625,5.0274505615234375,1,-1,-1,-1
1481,3825,439.94415283203125,122.05741882324219,12.47222900390625,4.902046203613281,1,-1,-1,-1
1501,3824,302.01068115234375,241.77259826660156,18.82342529296875,5.082000732421875,1,-1,-1,-1
1501,3825,455.1214294433594,121.03852081298828,13.727874755859375,5.4052734375,1,-1,-1,-1
1521,3824,311.7811584472656,241.61517333984375,17.184234619140625,4.86419677734375,1,-1,-1,-1
1521,3825,466.3403015136719,119.85963439941406,11.581787109375,6.240669250488281,1,-1,-1,-1
1541,3824,317.44775390625,242.00372314453125,17.074188232421875,5.2061920166015625,1,-1,-1,-1
1541,3825,469.498291015625,120.54248809814453,14.003753662109375,5.799552917480469,1,-1,-1,-1
1561,3824,316.6421813964844,240.76046752929688,19.478851318359375,5.4622650146484375,1,-1,-1,-1
1561,3825,474.4404602050781,127.52210998535156,13.788665771484375,5.6410675048828125,1,-1,-1,-1
1581,3824,315.98870849609375,240.77029418945312,17.88250732421875,4.7953643798828125,1,-1,-1,-1
1581,3825,476.870849609375,141.5242919921875,13.71337890625,5.649993896484375,1,-1,-1,-1
1601,3824,321.0108947753906,240.88363647460938,19.5013427734375,4.6895294189453125,1,-1,-1,-1
1601,3825,476.1346740722656,147.64242553710938,13.0474853515625,5.5230560302734375,1,-1,-1,-1
1621,3824,331.2525939941406,241.59585571289062,17.54974365234375,4.5955047607421875,1,-1,-1,-1
1621,3825,476.17059326171875,147.36968994140625,13.13299560546875,5.86077880859375,1,-1,-1,-1
1641,3824,343.0282287597656,242.37449645996094,15.26953125,4.9473114013671875,1,-1,-1,-1
1641,3825,478.2987976074219,147.989501953125,11.834808349609375,5.1458740234375,1,-1,-1,-1
1661,3824,343.22265625,245.23915100097656,15.43206787109375,4.9908905029296875,1,-1,-1,-1
1661,3825,484.49700927734375,146.82229614257812,13.181365966796875,5.478546142578125,1,-1,-1,-1
1681,3824,343.3418273925781,239.2613983154297,19.929290771484375,5.2449798583984375,1,-1,-1,-1
1681,3825,488.3811950683594,144.80287170410156,12.768768310546875,5.2114410400390625,1,-1,-1,-1
1701,3824,346.48577880859375,234.3730926513672,18.738861083984375,4.9143218994140625,1,-1,-1,-1
1701,3825,486.9438171386719,137.5432891845703,13.878570556640625,5.5553741455078125,1,-1,-1,-1
1721,3824,363.37945556640625,226.93165588378906,19.334320068359375,7.05743408203125,1,-1,-1,-1
1721,3825,484.30169677734375,125.05043029785156,13.03936767578125,5.377288818359375,1,-1,-1,-1
1741,3824,367.08026123046875,223.31292724609375,19.9129638671875,5.743927001953125,1,-1,-1,-1
1741,3825,483.344482421875,109.90571594238281,11.02496337890625,5.4605865478515625,1,-1,-1,-1
1761,3824,368.56719970703125,219.15838623046875,20.2994384765625,5.241943359375,1,-1,-1,-1
1761,3825,482.0228576660156,105.6852798461914,13.195587158203125,5.4242401123046875,1,-1,-1,-1
1781,3824,371.6476135253906,214.54734802246094,17.645782470703125,6.0274200439453125,1,-1,-1,-1
1781,3825,481.01873779296875,105.44390106201172,12.750335693359375,5.561614990234375,1,-1,-1,-1
1801,3824,368.25537109375,212.9876251220703,20.244140625,5.884002685546875,1,-1,-1,-1
1801,3825,478.54132080078125,105.5255126953125,13.0810546875,5.489433288574219,1,-1,-1,-1
1821,3824,366.1649169921875,214.01419067382812,18.46343994140625,6.063507080078125,1,-1,-1,-1
1821,3825,474.1977233886719,105.24404907226562,12.931304931640625,5.9767303466796875,1,-1,-1,-1
1841,3824,363.82086181640625,213.8719482421875,18.1065673828125,5.67010498046875,1,-1,-1,-1
1841,3825,473.186279296875,105.51710510253906,13.50750732421875,5.46136474609375,1,-1,-1,-1
1861,3824,368.5585021972656,213.76223754882812,21.134857177734375,5.76824951171875,1,-1,-1,-1
1861,3825,473.0213928222656,104.98348236083984,13.21807861328125,5.3855133056640625,1,-1,-1,-1
1881,3824,369.70587158203125,214.568359375,18.940826416015625,5.826690673828125,1,-1,-1,-1
1881,3825,474.41986083984375,112.66392517089844,13.662567138671875,5.915641784667969,1,-1,-1,-1
1901,3824,370.65252685546875,216.29286193847656,18.295166015625,5.8049468994140625,1,-1,-1,-1
1901,3825,476.08294677734375,120.75685119628906,13.441925048828125,6.438262939453125,1,-1,-1,-1
1921,3824,374.2674560546875,216.6421356201172,18.905120849609375,5.520965576171875,1,-1,-1,-1
1921,3825,473.3795166015625,121.2048110961914,12.40325927734375,5.775199890136719,1,-1,-1,-1
1941,3824,377.8329772949219,215.54141235351562,19.36920166015625,5.7299346923828125,1,-1,-1,-1
1941,3825,468.6934814453125,121.27083587646484,14.489044189453125,5.940299987792969,1,-1,-1,-1
1961,3824,379.0040283203125,216.47076416015625,18.476165771484375,4.996124267578125,1,-1,-1,-1
1961,3825,463.4994812011719,121.48104095458984,12.776580810546875,6.26177978515625,1,-1,-1,-1
1981,3824,376.79022216796875,217.79501342773438,22.2847900390625,5.2093963623046875,1,-1,-1,-1
1981,3825,459.3221740722656,122.58940124511719,12.216949462890625,5.706787109375,1,-1,-1,-1
2001,3824,377.6931457519531,219.59210205078125,18.182525634765625,5.082000732421875,1,-1,-1,-1
2001,3825,458.37591552734375,119.36151123046875,14.1827392578125,5.1922607421875,1,-1,-1,-1
2021,3824,376.8350830078125,219.51165771484375,18.451019287109375,5.1653900146484375,1,-1,-1,-1
2021,3825,459.62554931640625,116.62044525146484,13.208251953125,5.658210754394531,1,-1,-1,-1
2041,3824,376.59759521484375,217.81712341308594,18.339080810546875,5.6136322021484375,1,-1,-1,-1
2041,3825,457.864501953125,116.37708282470703,13.52484130859375,6.144142150878906,1,-1,-1,-1
2061,3824,376.5772705078125,217.26412963867188,19.28192138671875,4.9903564453125,1,-1,-1,-1
2061,3825,450.6082763671875,117.07286834716797,11.591583251953125,5.9716644287109375,1,-1,-1,-1
2081,3824,385.61004638671875,214.30624389648438,17.7164306640625,6.3398895263671875,1,-1,-1,-1
2081,3825,438.7279968261719,118.38740539550781,13.599853515625,5.509796142578125,1,-1,-1,-1
2101,3824,387.7989196777344,213.1339569091797,20.7574462890625,6.1780853271484375,1,-1,-1,-1
2101,3825,425.1318359375,120.0366439819336,13.023529052734375,5.503654479980469,1,-1,-1,-1
2121,3824,390.6253356933594,211.93487548828125,19.765716552734375,5.994964599609375,1,-1,-1,-1
2121,3825,415.71990966796875,121.14079284667969,14.109344482421875,5.41552734375,1,-1,-1,-1
2141,3824,392.73046875,209.6534881591797,19.91900634765625,6.10235595703125,1,-1,-1,-1
2141,3825,416.84716796875,127.67381286621094,13.21484375,5.4418182373046875,1,-1,-1,-1
