1,4021,202.55377197265625,211.0724639892578,17.724456787109375,5.7898406982421875,1,-1,-1,-1
21,4023,203.00210571289062,211.1134796142578,16.2666015625,5.410797119140625,1,-1,-1,-1
61,4028,201.36061096191406,192.43946838378906,16.0443115234375,5.5624237060546875,1,-1,-1,-1
81,4031,204.38803100585938,209.9954833984375,16.0498046875,5.8253326416015625,1,-1,-1,-1
101,4031,208.520263671875,232.61378479003906,16.045379638671875,5.071685791015625,1,-1,-1,-1
121,4031,210.0363006591797,254.8302459716797,16.501571655273438,5.9944915771484375,1,-1,-1,-1
141,4031,212.49769592285156,269.6911315917969,16.855270385742188,5.48883056640625,1,-1,-1,-1
161,4031,201.41162109375,272.0763244628906,15.39410400390625,6.492034912109375,1,-1,-1,-1
181,4031,158.37777709960938,296.11419677734375,19.187545776367188,4.7933349609375,1,-1,-1,-1
241,4032,156.2144775390625,251.0503387451172,11.797988891601562,4.4087371826171875,1,-1,-1,-1
261,4032,153.22409057617188,224.6580352783203,8.877731323242188,4.236419677734375,1,-1,-1,-1
281,4032,155.79638671875,207.38185119628906,15.779571533203125,5.36236572265625,1,-1,-1,-1
301,4033,182.10336303710938,204.67506408691406,15.442123413085938,4.702789306640625,1,-1,-1,-1
321,4036,216.65509033203125,200.0155487060547,15.239974975585938,6.049560546875,1,-1,-1,-1
341,4038,240.7061767578125,197.7270050048828,15.181655883789062,5.7059326171875,1,-1,-1,-1
381,4040,249.4269561767578,218.91262817382812,14.773117065429688,5.1611328125,1,-1,-1,-1
401,4041,249.38133239746094,242.40713500976562,15.180007934570312,5.1924896240234375,1,-1,-1,-1
421,4041,252.1522216796875,266.8399658203125,15.841552734375,5.79266357421875,1,-1,-1,-1
441,4041,251.2244415283203,290.079345703125,15.624038696289062,4.910888671875,1,-1,-1,-1
461,4041,300.6612548828125,308.40411376953125,23.41131591796875,5.478424072265625,1,-1,-1,-1
481,4041,293.195068359375,306.89984130859375,20.309722900390625,6.66217041015625,1,-1,-1,-1
501,4042,271.8533630371094,293.0313415527344,14.357330322265625,5.08892822265625,1,-1,-1,-1
521,4042,281.4129943847656,291.5993957519531,14.948974609375,5.35986328125,1,-1,-1,-1
541,4042,282.0389709472656,287.978515625,16.233551025390625,5.116058349609375,1,-1,-1,-1
561,4042,280.0,276.4067687988281,15.23626708984375,5.134552001953125,1,-1,-1,-1
581,4042,275.4031677246094,247.4886016845703,15.411163330078125,6.3318634033203125,1,-1,-1,-1
601,4042,276.3919372558594,261.38043212890625,15.227752685546875,5.888580322265625,1,-1,-1,-1
621,4042,284.9422912597656,304.14068603515625,12.33184814453125,5.3453369140625,1,-1,-1,-1
641,4043,468.7759704589844,207.86749267578125,22.923370361328125,8.479461669921875,1,-1,-1,-1
721,4044,451.947021484375,211.92718505859375,6.441192626953125,3.9359893798828125,1,-1,-1,-1
761,4045,133.2713623046875,265.3363342285156,16.796096801757812,5.437957763671875,1,-1,-1,-1
781,4045,131.05917358398438,232.33383178710938,16.33465576171875,4.91839599609375,1,-1,-1,-1
801,4045,134.1348114013672,225.0615234375,14.938644409179688,4.5798797607421875,1,-1,-1,-1
821,4045,451.9549865722656,211.82325744628906,6.670928955078125,4.1247100830078125,1,-1,-1,-1
841,4045,452.22760009765625,211.95950317382812,6.26556396484375,3.8494720458984375,1,-1,-1,-1
861,4045,452.0648498535156,211.86863708496094,6.26190185546875,4.0122833251953125,1,-1,-1,-1
881,4045,451.9949645996094,211.82046508789062,6.4422607421875,4.1545867919921875,1,-1,-1,-1
901,4046,538.0849609375,171.93618774414062,19.94671630859375,7.183380126953125,1,-1,-1,-1
901,4047,250.01171875,260.43975830078125,15.789825439453125,5.0784912109375,1,-1,-1,-1
921,4046,517.9539794921875,174.8663330078125,17.75634765625,6.243988037109375,1,-1,-1,-1
921,4047,253.07655334472656,292.19970703125,14.903244018554688,4.37164306640625,1,-1,-1,-1
941,4046,509.75152587890625,166.83255004882812,20.3861083984375,7.42626953125,1,-1,-1,-1
961,4048,345.6411437988281,284.1976318359375,14.98504638671875,5.119537353515625,1,-1,-1,-1
961,4046,506.693115234375,150.98512268066406,18.96978759765625,6.877044677734375,1,-1,-1,-1
981,4048,394.9068908691406,277.1322937011719,15.502532958984375,5.68646240234375,1,-1,-1,-1
981,4046,501.4454650878906,141.40472412109375,19.375396728515625,8.93328857421875,1,-1,-1,-1
1001,4048,432.7085876464844,270.4559020996094,10.802764892578125,5.314178466796875,1,-1,-1,-1
1001,4046,484.4483947753906,142.8130340576172,17.349334716796875,8.536453247070312,1,-1,-1,-1
1021,4048,435.2767333984375,268.2486877441406,14.359649658203125,6.0635986328125,1,-1,-1,-1
1021,4046,456.908447265625,143.992431640625,19.43939208984375,8.507171630859375,1,-1,-1,-1
1041,4048,444.1347961425781,268.3160095214844,12.983154296875,5.94635009765625,1,-1,-1,-1
1041,4046,429.72344970703125,145.54580688476562,20.69061279296875,7.96673583984375,1,-1,-1,-1
1061,4046,403.4344787597656,148.0521697998047,19.876251220703125,7.8535614013671875,1,-1,-1,-1
1081,4049,391.6081237792969,163.06105041503906,17.984619140625,7.281494140625,1,-1,-1,-1
1101,4051,393.74359130859375,187.7607879638672,20.65069580078125,6.87078857421875,1,-1,-1,-1
1121,4051,397.8207092285156,209.1831817626953,21.396392822265625,7.288665771484375,1,-1,-1,-1
1141,4051,403.6446533203125,230.49729919433594,22.3809814453125,6.943359375,1,-1,-1,-1
1161,4051,403.1957702636719,246.17645263671875,19.013214111328125,6.865203857421875,1,-1,-1,-1
1181,4051,393.30303955078125,248.59642028808594,19.95977783203125,6.011199951171875,1,-1,-1,-1
1201,4051,380.3779602050781,249.05490112304688,21.640838623046875,6.8168487548828125,1,-1,-1,-1
1221,4051,367.1282653808594,244.06248474121094,22.626556396484375,8.363037109375,1,-1,-1,-1
1241,4051,352.9560546875,240.02447509765625,21.7742919921875,7.438812255859375,1,-1,-1,-1
1261,4051,337.43853759765625,234.6407012939453,21.334686279296875,7.0765228271484375,1,-1,-1,-1
1281,4051,325.8597106933594,230.43458557128906,19.414520263671875,7.690216064453125,1,-1,-1,-1
1301,4052,314.2637023925781,225.499755859375,20.811309814453125,8.09344482421875,1,-1,-1,-1
1321,4052,300.9522399902344,220.18536376953125,23.12139892578125,7.7681121826171875,1,-1,-1,-1
1341,4052,276.1062316894531,218.0240478515625,22.482421875,7.524993896484375,1,-1,-1,-1
1361,4053,237.35687255859375,220.34100341796875,23.530517578125,8.69464111328125,1,-1,-1,-1
1381,4054,302.86505126953125,289.31573486328125,16.31591796875,5.818817138671875,1,-1,-1,-1
1401,4055,127.80654907226562,222.1938018798828,21.77001953125,7.16802978515625,1,-1,-1,-1
1401,4054,307.12847900390625,279.519287109375,15.06231689453125,6.46875,1,-1,-1,-1
1421,4055,124.87621307373047,202.8579559326172,22.62409210205078,9.074966430664062,1,-1,-1,-1
1421,4054,305.7841796875,267.6883850097656,15.765869140625,5.044342041015625,1,-1,-1,-1
1441,4055,133.05264282226562,185.259033203125,17.952621459960938,8.5401611328125,1,-1,-1,-1
1441,4054,304.2645263671875,254.84893798828125,13.46527099609375,5.158172607421875,1,-1,-1,-1
1461,4055,167.05780029296875,176.37806701660156,22.872085571289062,10.2862548828125,1,-1,-1,-1
1461,4054,451.868408203125,212.04115295410156,6.52191162109375,3.87225341796875,1,-1,-1,-1
1481,4055,261.359375,174.9385986328125,20.96746826171875,7.939910888671875,1,-1,-1,-1
1481,4054,452.181396484375,212.01187133789062,6.2149658203125,3.931427001953125,1,-1,-1,-1
1501,4055,365.6649169921875,172.17315673828125,21.3128662109375,7.1037750244140625,1,-1,-1,-1
1521,4056,434.6178894042969,170.5347900390625,19.649505615234375,9.84185791015625,1,-1,-1,-1
1521,4057,200.1438751220703,236.91969299316406,17.176361083984375,4.7597808837890625,1,-1,-1,-1
1541,4056,450.2859802246094,181.532958984375,16.9329833984375,7.2698211669921875,1,-1,-1,-1
1541,4057,164.8140869140625,241.46090698242188,13.462646484375,4.78424072265625,1,-1,-1,-1
1561,4056,450.19793701171875,213.13597106933594,22.2060546875,9.535446166992188,1,-1,-1,-1
1561,4057,132.34535217285156,238.6291046142578,17.939697265625,4.766387939453125,1,-1,-1,-1
1581,4056,458.9468688964844,253.45201110839844,18.431793212890625,7.0672149658203125,1,-1,-1,-1
1581,4057,131.23167419433594,215.0840606689453,10.885330200195312,5.4625701904296875,1,-1,-1,-1
1601,4057,138.80743408203125,203.33042907714844,11.313018798828125,5.04217529296875,1,-1,-1,-1
1621,4058,135.33506774902344,192.9266357421875,17.785659790039062,4.91510009765625,1,-1,-1,-1
1641,4060,135.68446350097656,164.63214111328125,16.7867431640625,5.4072113037109375,1,-1,-1,-1
1661,4062,141.62503051757812,145.54344177246094,16.695831298828125,6.5001068115234375,1,-1,-1,-1
1681,4064,181.65582275390625,138.58139038085938,18.080642700195312,6.92755126953125,1,-1,-1,-1
1701,4067,224.337890625,133.1136932373047,15.098480224609375,5.9393463134765625,1,-1,-1,-1
1721,4069,257.48284912109375,129.52587890625,16.1156005859375,5.7671356201171875,1,-1,-1,-1
1741,4072,291.3672180175781,125.37699890136719,15.61883544921875,7.3487548828125,1,-1,-1,-1
1761,4074,321.7327880859375,126.67179107666016,16.00396728515625,6.112113952636719,1,-1,-1,-1
1781,4077,351.97113037109375,127.6414566040039,16.23895263671875,5.529121398925781,1,-1,-1,-1
1821,4080,431.70556640625,122.89482879638672,14.256805419921875,6.570106506347656,1,-1,-1,-1
