1,4869,342.0296630859375,151.3944549560547,5.07232666015625,2.9976654052734375,1,-1,-1,-1
21,4872,336.1392517089844,151.20057678222656,6.927490234375,3.66485595703125,1,-1,-1,-1
41,4875,328.6247253417969,151.9288330078125,6.59942626953125,3.175018310546875,1,-1,-1,-1
61,4878,324.9047546386719,152.79237365722656,6.194305419921875,3.302276611328125,1,-1,-1,-1
81,4881,329.4150085449219,153.718994140625,5.673370361328125,4.42950439453125,1,-1,-1,-1
101,4884,344.25885009765625,155.5761260986328,6.888946533203125,4.15277099609375,1,-1,-1,-1
121,4886,366.9766540527344,159.7770538330078,5.938720703125,3.348541259765625,1,-1,-1,-1
141,4887,396.7493896484375,162.41192626953125,5.574859619140625,3.5275115966796875,1,-1,-1,-1
161,4887,424.78955078125,161.408203125,5.324615478515625,2.81396484375,1,-1,-1,-1
181,4887,431.5329284667969,144.4900665283203,4.59808349609375,2.5908203125,1,-1,-1,-1
201,4887,427.623046875,123.51148986816406,5.705047607421875,3.0350799560546875,1,-1,-1,-1
221,4887,431.79803466796875,111.63948059082031,5.83807373046875,3.8511581420898438,1,-1,-1,-1
241,4887,446.09918212890625,112.13887023925781,6.257843017578125,3.686614990234375,1,-1,-1,-1
261,4887,473.3655090332031,115.64531707763672,6.16510009765625,3.6781234741210938,1,-1,-1,-1
281,4887,514.4512329101562,113.0596694946289,6.49365234375,3.830535888671875,1,-1,-1,-1
301,4887,557.0103759765625,96.04150390625,5.5594482421875,2.8188705444335938,1,-1,-1,-1
321,4887,567.5448608398438,93.3006591796875,5.71490478515625,3.484832763671875,1,-1,-1,-1
341,4887,544.4071655273438,90.89451599121094,7.475830078125,3.5298538208007812,1,-1,-1,-1
361,4887,504.96612548828125,83.98347473144531,9.2208251953125,3.8586044311523438,1,-1,-1,-1
381,4887,481.5970458984375,68.50328063964844,7.3468017578125,4.4507904052734375,1,-1,-1,-1
401,4887,476.13519287109375,60.37690734863281,5.963653564453125,3.4382591247558594,1,-1,-1,-1
421,4887,456.09307861328125,57.722930908203125,5.924072265625,3.7803802490234375,1,-1,-1,-1
441,4887,414.2425231933594,51.83991241455078,7.277069091796875,4.067806243896484,1,-1,-1,-1
461,4887,354.01519775390625,44.961334228515625,6.543731689453125,3.3280677795410156,1,-1,-1,-1
481,4887,279.3785095214844,35.695613861083984,6.189239501953125,4.0971832275390625,1,-1,-1,-1
501,4887,211.52297973632812,29.26675796508789,7.13885498046875,4.584999084472656,1,-1,-1,-1
521,4887,164.12680053710938,41.861671447753906,7.3632049560546875,4.6899261474609375,1,-1,-1,-1
541,4887,139.49261474609375,57.1813850402832,6.6452178955078125,4.061519622802734,1,-1,-1,-1
561,4887,131.95111083984375,78.1501693725586,7.444610595703125,5.336761474609375,1,-1,-1,-1
581,4887,144.7187042236328,91.99642944335938,6.084686279296875,3.2863082885742188,1,-1,-1,-1
601,4887,176.15457153320312,95.94664001464844,6.4336090087890625,4.2206573486328125,1,-1,-1,-1
621,4887,223.81065368652344,102.004150390625,5.040283203125,4.115135192871094,1,-1,-1,-1
641,4887,280.6458740234375,107.19505310058594,6.45025634765625,3.4148788452148438,1,-1,-1,-1
661,4888,347.49090576171875,111.35015869140625,6.2291259765625,3.4100341796875,1,-1,-1,-1
681,4888,391.7137145996094,109.20053100585938,3.784332275390625,2.61444091796875,1,-1,-1,-1
701,4888,395.93731689453125,96.74830627441406,5.815185546875,4.289176940917969,1,-1,-1,-1
721,4888,400.7357177734375,94.8874282836914,6.44085693359375,3.184295654296875,1,-1,-1,-1
741,4888,412.2091369628906,94.7276382446289,6.620086669921875,3.3604202270507812,1,-1,-1,-1
761,4888,429.802490234375,97.36165618896484,6.3677978515625,3.365997314453125,1,-1,-1,-1
781,4888,447.8184814453125,111.25051879882812,4.65570068359375,2.8596649169921875,1,-1,-1,-1
801,4888,453.62286376953125,136.3671112060547,5.32745361328125,2.8509063720703125,1,-1,-1,-1
821,4888,453.62762451171875,159.86785888671875,6.15911865234375,3.34027099609375,1,-1,-1,-1
841,4888,455.8410949707031,165.1280517578125,6.02569580078125,3.023834228515625,1,-1,-1,-1
861,4888,467.2318115234375,166.4276885986328,3.675628662109375,2.3225555419921875,1,-1,-1,-1
881,4888,486.5570373535156,167.8293914794922,4.13690185546875,2.8275146484375,1,-1,-1,-1
901,4888,510.25360107421875,170.9983673095703,8.57794189453125,3.3969879150390625,1,-1,-1,-1
921,4888,536.8472900390625,171.8718719482422,6.6666259765625,3.2623138427734375,1,-1,-1,-1
941,4888,539.513671875,161.75926208496094,6.16741943359375,3.129364013671875,1,-1,-1,-1
961,4888,535.9574584960938,142.04254150390625,4.73687744140625,3.537994384765625,1,-1,-1,-1
981,4888,535.9491577148438,119.65552520751953,4.48077392578125,3.0015411376953125,1,-1,-1,-1
1001,4888,536.6725463867188,97.51998901367188,6.4959716796875,3.6518630981445312,1,-1,-1,-1
1021,4888,544.0054321289062,87.90216827392578,4.33721923828125,2.647125244140625,1,-1,-1,-1
1041,4888,556.5574951171875,68.55618286132812,6.76336669921875,3.183685302734375,1,-1,-1,-1
1061,4888,576.0906982421875,37.19218826293945,7.9295654296875,4.916133880615234,1,-1,-1,-1
1081,4889,181.11822509765625,68.31317901611328,6.38507080078125,3.8555679321289062,1,-1,-1,-1
1101,4889,577.9873657226562,13.401735305786133,7.86444091796875,4.937488555908203,1,-1,-1,-1
1121,4890,168.23873901367188,57.212398529052734,7.034454345703125,3.9343910217285156,1,-1,-1,-1
1141,4890,157.34274291992188,54.9736213684082,7.8712005615234375,4.081626892089844,1,-1,-1,-1
1161,4890,143.48260498046875,63.37648010253906,6.9967041015625,4.472129821777344,1,-1,-1,-1
1181,4890,131.30819702148438,72.1932373046875,6.827606201171875,4.0183258056640625,1,-1,-1,-1
1201,4890,119.96627044677734,69.3037109375,7.6273345947265625,4.335487365722656,1,-1,-1,-1
1221,4890,106.96148681640625,51.19920349121094,7.634910583496094,4.624683380126953,1,-1,-1,-1
1241,4890,94.5912857055664,37.417198181152344,7.2470855712890625,5.076210021972656,1,-1,-1,-1
1321,4891,104.63800048828125,43.86732864379883,7.812957763671875,4.422641754150391,1,-1,-1,-1
1341,4891,106.64450073242188,67.358642578125,7.481170654296875,4.243568420410156,1,-1,-1,-1
1361,4891,108.0758056640625,71.7251205444336,7.1475830078125,4.967658996582031,1,-1,-1,-1
1381,4891,119.27897644042969,72.0921401977539,7.625785827636719,4.041748046875,1,-1,-1,-1
1401,4891,123.00788879394531,67.85906982421875,7.209716796875,4.220611572265625,1,-1,-1,-1
1421,4891,121.06451416015625,66.8742904663086,7.7497100830078125,4.409431457519531,1,-1,-1,-1
1441,4891,120.30895233154297,68.3035888671875,7.198524475097656,3.8415374755859375,1,-1,-1,-1
1461,4891,120.56268310546875,68.31745910644531,7.754425048828125,4.1552734375,1,-1,-1,-1
1481,4891,121.10263061523438,67.79952239990234,7.5284576416015625,4.901611328125,1,-1,-1,-1
1501,4892,525.3897705078125,69.11686706542969,8.176025390625,4.158935546875,1,-1,-1,-1
1521,4892,519.229736328125,69.72892761230469,6.071044921875,3.7430191040039062,1,-1,-1,-1
1541,4892,502.147216796875,68.6137466430664,6.48895263671875,4.0464324951171875,1,-1,-1,-1
1561,4892,480.9566955566406,68.38462829589844,7.610382080078125,4.1544952392578125,1,-1,-1,-1
1581,4892,460.4525451660156,87.21864318847656,6.2430419921875,3.971771240234375,1,-1,-1,-1
1601,4892,439.0919189453125,107.53469848632812,5.37481689453125,3.339111328125,1,-1,-1,-1
1621,4892,418.0682373046875,116.1121826171875,5.896240234375,3.8052825927734375,1,-1,-1,-1
1641,4892,396.2094421386719,123.46309661865234,7.41119384765625,3.8529891967773438,1,-1,-1,-1
1661,4892,376.427490234375,133.01943969726562,6.686187744140625,4.0997772216796875,1,-1,-1,-1
1681,4892,353.65203857421875,139.19659423828125,6.0196533203125,3.899078369140625,1,-1,-1,-1
1701,4893,335.98565673828125,139.9530029296875,6.306060791015625,3.0181427001953125,1,-1,-1,-1
1701,4894,275.9857482910156,105.00870513916016,6.5408935546875,3.3687744140625,1,-1,-1,-1
1721,4893,319.5263671875,139.67393493652344,7.092132568359375,3.411895751953125,1,-1,-1,-1
1721,4894,278.50054931640625,109.47408294677734,5.21490478515625,3.7323684692382812,1,-1,-1,-1
1741,4895,303.44757080078125,139.4817352294922,7.70684814453125,3.72003173828125,1,-1,-1,-1
1761,4898,289.9712829589844,139.00059509277344,8.5015869140625,3.8523406982421875,1,-1,-1,-1
1781,4901,279.7547607421875,108.59123992919922,6.09588623046875,3.3301239013671875,1,-1,-1,-1
1801,4903,286.04010009765625,101.41680908203125,8.095672607421875,3.8886489868164062,1,-1,-1,-1
1821,4906,293.25238037109375,96.0396499633789,5.4317626953125,3.489227294921875,1,-1,-1,-1
1841,4908,255.57630920410156,122.51092529296875,6.3914337158203125,3.9031753540039062,1,-1,-1,-1
1861,4908,247.66175842285156,113.42777252197266,3.724945068359375,2.5183181762695312,1,-1,-1,-1
1881,4908,237.4571533203125,107.05093383789062,7.5413970947265625,5.315834045410156,1,-1,-1,-1
1901,4908,234.0489959716797,122.2199478149414,6.452484130859375,3.63128662109375,1,-1,-1,-1
1921,4908,237.14511108398438,130.12075805664062,4.9237060546875,2.9513702392578125,1,-1,-1,-1
1941,4908,237.7908172607422,119.1234359741211,5.83343505859375,2.7492446899414062,1,-1,-1,-1
1961,4908,236.7556915283203,117.81510925292969,5.7772064208984375,3.2579193115234375,1,-1,-1,-1
1981,4908,235.7882080078125,124.33504486083984,3.9576416015625,2.78778076171875,1,-1,-1,-1
2001,4908,232.667724609375,135.72755432128906,4.48272705078125,2.4446563720703125,1,-1,-1,-1
2021,4908,229.7289276123047,139.03787231445312,6.3585968017578125,3.432861328125,1,-1,-1,-1
2041,4908,228.1586456298828,139.7019805908203,4.6590423583984375,2.681915283203125,1,-1,-1,-1
2061,4908,227.22177124023438,133.187744140625,5.8277587890625,3.789459228515625,1,-1,-1,-1
2081,4908,227.9368896484375,127.99183654785156,4.934967041015625,2.8953094482421875,1,-1,-1,-1
2101,4908,228.2243194580078,122.64925384521484,4.0033721923828125,2.6031570434570312,1,-1,-1,-1
2121,4908,226.31362915039062,120.88278198242188,6.3680267333984375,3.2995223999023438,1,-1,-1,-1
2141,4908,223.11245727539062,128.14956665039062,5.5547637939453125,3.057464599609375,1,-1,-1,-1
2161,4908,220.30722045898438,138.13421630859375,4.0972137451171875,3.318603515625,1,-1,-1,-1
2181,4908,217.41453552246094,135.6910858154297,4.2104644775390625,2.7803802490234375,1,-1,-1,-1
