1,5034,123.8345947265625,161.19822692871094,14.4105224609375,7.73968505859375,1,-1,-1,-1
21,5036,264.1719970703125,109.9563217163086,11.879302978515625,8.152046203613281,1,-1,-1,-1
41,5037,416.3734436035156,54.130496978759766,8.898834228515625,9.589851379394531,1,-1,-1,-1
61,5038,465.78594970703125,34.12648391723633,8.885955810546875,14.670806884765625,1,-1,-1,-1
81,5038,417.1802978515625,55.49305725097656,8.991607666015625,11.593025207519531,1,-1,-1,-1
101,5040,390.42694091796875,64.01963806152344,8.87213134765625,12.119979858398438,1,-1,-1,-1
121,5042,393.23150634765625,66.64324188232422,8.5831298828125,11.813499450683594,1,-1,-1,-1
141,5042,402.24176025390625,85.17900848388672,8.13421630859375,11.387481689453125,1,-1,-1,-1
161,5043,415.19921875,113.84765625,7.92889404296875,11.407676696777344,1,-1,-1,-1
181,5045,431.22967529296875,153.7846221923828,7.851318359375,9.015029907226562,1,-1,-1,-1
201,5045,448.25335693359375,201.8165283203125,13.606109619140625,11.905670166015625,1,-1,-1,-1
221,5045,470.094970703125,253.17364501953125,14.64862060546875,12.79168701171875,1,-1,-1,-1
241,5045,441.9564514160156,274.99981689453125,12.358245849609375,11.985687255859375,1,-1,-1,-1
261,5045,329.01263427734375,307.5355529785156,16.850433349609375,13.53350830078125,1,-1,-1,-1
281,5045,212.06539916992188,349.870361328125,15.305206298828125,7.281829833984375,1,-1,-1,-1
341,5046,270.3792724609375,332.3439636230469,13.41693115234375,6.848419189453125,1,-1,-1,-1
361,5046,373.89617919921875,295.53436279296875,19.5113525390625,9.8956298828125,1,-1,-1,-1
381,5046,475.53411865234375,262.352294921875,12.1669921875,15.616790771484375,1,-1,-1,-1
401,5046,498.90142822265625,260.0370788574219,10.3927001953125,11.185577392578125,1,-1,-1,-1
421,5046,467.62164306640625,268.048095703125,14.61083984375,14.59869384765625,1,-1,-1,-1
441,5046,376.0367431640625,300.2785949707031,15.6285400390625,13.850921630859375,1,-1,-1,-1
461,5046,251.69876098632812,348.4463195800781,11.87939453125,5.994293212890625,1,-1,-1,-1
561,5047,265.65875244140625,287.9488220214844,10.24127197265625,14.03631591796875,1,-1,-1,-1
581,5047,284.14483642578125,243.62362670898438,12.71649169921875,11.376861572265625,1,-1,-1,-1
601,5047,282.0271911621094,218.18701171875,9.042816162109375,7.954925537109375,1,-1,-1,-1
621,5049,324.06634521484375,200.6686248779297,10.28985595703125,7.5696258544921875,1,-1,-1,-1
641,5051,457.96746826171875,148.5830841064453,15.96136474609375,9.205764770507812,1,-1,-1,-1
761,5052,542.2742309570312,126.01329040527344,9.91253662109375,10.325759887695312,1,-1,-1,-1
781,5052,486.2287902832031,144.3236541748047,9.791046142578125,10.333251953125,1,-1,-1,-1
801,5053,381.0015563964844,175.02523803710938,15.8349609375,8.52423095703125,1,-1,-1,-1
821,5057,347.6527099609375,164.98973083496094,7.52752685546875,10.204498291015625,1,-1,-1,-1
841,5059,347.09820556640625,174.11268615722656,8.926239013671875,9.714035034179688,1,-1,-1,-1
861,5062,351.33740234375,180.33839416503906,9.846710205078125,11.500015258789062,1,-1,-1,-1
861,5063,351.33746337890625,180.33860778808594,9.8468017578125,11.500015258789062,1,-1,-1,-1
881,5066,369.885986328125,220.7956085205078,8.665313720703125,10.40692138671875,1,-1,-1,-1
881,5067,369.885986328125,220.7956085205078,8.665313720703125,10.40692138671875,1,-1,-1,-1
901,5066,397.53302001953125,284.03411865234375,12.039794921875,9.698516845703125,1,-1,-1,-1
901,5067,397.53302001953125,284.03411865234375,12.039794921875,9.698516845703125,1,-1,-1,-1
921,5066,434.245361328125,307.12066650390625,4.3917236328125,4.905670166015625,1,-1,-1,-1
921,5067,434.245361328125,307.12066650390625,4.3917236328125,4.905670166015625,1,-1,-1,-1
941,5066,424.23431396484375,281.7980651855469,9.29010009765625,7.199371337890625,1,-1,-1,-1
941,5067,424.23431396484375,281.7980651855469,9.29010009765625,7.199371337890625,1,-1,-1,-1
961,5066,406.3739013671875,234.04217529296875,8.86773681640625,7.8693084716796875,1,-1,-1,-1
961,5067,406.3739013671875,234.04217529296875,8.86773681640625,7.8693084716796875,1,-1,-1,-1
981,5066,389.90484619140625,186.25857543945312,8.3184814453125,8.287994384765625,1,-1,-1,-1
981,5067,389.90484619140625,186.25857543945312,8.3184814453125,8.287994384765625,1,-1,-1,-1
1001,5069,401.7581787109375,171.9790802001953,8.512969970703125,8.065139770507812,1,-1,-1,-1
1021,5071,471.52471923828125,145.27134704589844,7.64642333984375,14.382217407226562,1,-1,-1,-1
1041,5071,527.913330078125,129.3684844970703,5.98126220703125,6.5837554931640625,1,-1,-1,-1
1061,5071,530.3449096679688,128.92005920410156,6.46697998046875,7.863525390625,1,-1,-1,-1
1081,5071,486.0965270996094,148.16268920898438,6.138153076171875,6.842132568359375,1,-1,-1,-1
1101,5071,406.2525634765625,174.2887420654297,8.578094482421875,9.253433227539062,1,-1,-1,-1
1121,5072,310.2893981933594,210.52737426757812,8.878021240234375,8.880264282226562,1,-1,-1,-1
1141,5073,206.482421875,249.8104705810547,7.473876953125,6.5600738525390625,1,-1,-1,-1
1161,5073,127.58644104003906,278.00177001953125,9.772705078125,6.33544921875,1,-1,-1,-1
1181,5073,128.36404418945312,280.5623779296875,6.069976806640625,4.843109130859375,1,-1,-1,-1
1201,5073,184.05331420898438,255.9813232421875,8.299057006835938,7.017242431640625,1,-1,-1,-1
1221,5074,200.4857635498047,229.55934143066406,8.739517211914062,7.7933502197265625,1,-1,-1,-1
1241,5076,198.12997436523438,201.26666259765625,7.0911407470703125,7.7003326416015625,1,-1,-1,-1
1261,5078,195.0720977783203,171.68675231933594,8.202865600585938,9.553314208984375,1,-1,-1,-1
1281,5081,194.21249389648438,141.49366760253906,8.043670654296875,8.05535888671875,1,-1,-1,-1
1301,5083,195.80984497070312,130.75701904296875,7.9274749755859375,8.97564697265625,1,-1,-1,-1
1321,5085,213.9984893798828,156.62774658203125,8.194503784179688,9.006576538085938,1,-1,-1,-1
1361,5090,255.7563018798828,195.9904022216797,4.3621063232421875,4.05108642578125,1,-1,-1,-1
1381,5091,266.31842041015625,181.98988342285156,4.97760009765625,5.282958984375,1,-1,-1,-1
1401,5094,313.25787353515625,168.44964599609375,4.974334716796875,4.6926422119140625,1,-1,-1,-1
1421,5096,390.2308654785156,140.5130157470703,9.741973876953125,9.516799926757812,1,-1,-1,-1
1441,5098,470.09375,114.28688049316406,5.631591796875,6.49334716796875,1,-1,-1,-1
1461,5098,496.0970764160156,108.98992156982422,5.298919677734375,5.799430847167969,1,-1,-1,-1
1481,5098,481.36822509765625,115.52301788330078,5.83587646484375,6.427330017089844,1,-1,-1,-1
1521,5101,378.9346008300781,153.8998565673828,7.1051025390625,7.4762115478515625,1,-1,-1,-1
1521,5102,378.97198486328125,153.78604125976562,6.8338623046875,7.727081298828125,1,-1,-1,-1
1541,5104,304.1729736328125,180.2904510498047,6.50238037109375,10.237319946289062,1,-1,-1,-1
1561,5106,225.72996520996094,210.35574340820312,8.9788818359375,8.171157836914062,1,-1,-1,-1
1581,5107,152.1846923828125,238.1483612060547,7.25347900390625,4.6986236572265625,1,-1,-1,-1
1601,5107,121.0799331665039,249.5532989501953,5.904441833496094,4.9081878662109375,1,-1,-1,-1
1621,5107,137.82568359375,243.4295196533203,5.65203857421875,4.1546783447265625,1,-1,-1,-1
1641,5107,186.41456604003906,223.98751831054688,6.2844085693359375,4.5898895263671875,1,-1,-1,-1
1661,5108,236.8868408203125,204.007080078125,5.405120849609375,9.136932373046875,1,-1,-1,-1
1681,5110,240.43948364257812,186.3853759765625,6.3843994140625,9.461456298828125,1,-1,-1,-1
1701,5113,239.9569091796875,183.82550048828125,7.3509979248046875,8.575424194335938,1,-1,-1,-1
1721,5115,244.56536865234375,210.8045196533203,5.0482635498046875,5.486297607421875,1,-1,-1,-1
1741,5116,248.40350341796875,237.26315307617188,5.9920196533203125,7.66424560546875,1,-1,-1,-1
1761,5116,253.98939514160156,267.2336730957031,5.1389312744140625,4.9342041015625,1,-1,-1,-1
1781,5116,279.0664367675781,282.5946960449219,6.48516845703125,5.40362548828125,1,-1,-1,-1
1801,5116,341.8170166015625,274.0771179199219,8.336029052734375,5.462371826171875,1,-1,-1,-1
1821,5116,403.62933349609375,254.30624389648438,4.384918212890625,6.618621826171875,1,-1,-1,-1
1841,5116,411.7510986328125,250.3446044921875,7.08770751953125,6.2166748046875,1,-1,-1,-1
1861,5116,398.89691162109375,253.6129913330078,6.4639892578125,7.7988433837890625,1,-1,-1,-1
1881,5116,362.73602294921875,268.55389404296875,5.91339111328125,3.9903564453125,1,-1,-1,-1
1901,5116,339.110595703125,273.32562255859375,7.564788818359375,5.64813232421875,1,-1,-1,-1
1921,5116,339.2480163574219,272.3989562988281,6.355743408203125,6.522430419921875,1,-1,-1,-1
1941,5116,320.5329895019531,278.41058349609375,5.877838134765625,7.267822265625,1,-1,-1,-1
1961,5116,264.3766174316406,295.88818359375,7.79864501953125,5.339752197265625,1,-1,-1,-1
1981,5116,216.67535400390625,313.3861389160156,5.7720184326171875,4.584228515625,1,-1,-1,-1
