1,6182,273.48028564453125,151.41152954101562,13.25543212890625,4.2229461669921875,1,-1,-1,-1
21,6182,241.12521362304688,150.41258239746094,10.91796875,3.793121337890625,1,-1,-1,-1
41,6183,197.03366088867188,148.50624084472656,10.946197509765625,3.719696044921875,1,-1,-1,-1
61,6183,143.2609405517578,146.2458953857422,12.498458862304688,4.0965576171875,1,-1,-1,-1
81,6183,119.1212387084961,135.41123962402344,9.686683654785156,3.1088104248046875,1,-1,-1,-1
101,6184,109.47335815429688,122.58142852783203,13.531570434570312,4.192268371582031,1,-1,-1,-1
121,6184,82.22215270996094,109.2537841796875,12.53509521484375,4.345588684082031,1,-1,-1,-1
161,6185,68.14298248291016,97.06336975097656,27.736534118652344,6.337699890136719,1,-1,-1,-1
181,6185,111.3368911743164,97.22630310058594,20.97216033935547,5.76318359375,1,-1,-1,-1
201,6185,115.99166870117188,87.24273681640625,18.18310546875,6.056251525878906,1,-1,-1,-1
221,6185,107.6852798461914,69.24022674560547,12.214927673339844,5.367530822753906,1,-1,-1,-1
241,6185,167.4329376220703,73.84710693359375,8.610687255859375,4.649833679199219,1,-1,-1,-1
281,6187,291.2903137207031,85.22803497314453,11.61883544921875,3.6634902954101562,1,-1,-1,-1
301,6188,240.76889038085938,121.64498138427734,30.462921142578125,6.678916931152344,1,-1,-1,-1
301,6187,337.6986389160156,88.46076965332031,12.322296142578125,4.5514068603515625,1,-1,-1,-1
321,6188,244.38754272460938,129.9137420654297,26.610626220703125,7.566650390625,1,-1,-1,-1
321,6187,329.00091552734375,87.32996368408203,12.00592041015625,4.13043212890625,1,-1,-1,-1
341,6188,217.5242919921875,133.3987274169922,28.51776123046875,8.253005981445312,1,-1,-1,-1
341,6187,287.8454895019531,84.0926742553711,8.47381591796875,3.276824951171875,1,-1,-1,-1
361,6188,137.67433166503906,135.32899475097656,32.826080322265625,7.082183837890625,1,-1,-1,-1
361,6187,240.51885986328125,75.10541534423828,10.243759155273438,4.32012939453125,1,-1,-1,-1
381,6188,57.145652770996094,136.97166442871094,20.730369567871094,5.361572265625,1,-1,-1,-1
381,6187,233.2423553466797,58.38407897949219,12.42779541015625,4.090419769287109,1,-1,-1,-1
401,6187,202.81602478027344,52.489437103271484,11.593368530273438,4.059223175048828,1,-1,-1,-1
421,6187,125.0582046508789,45.931068420410156,12.031135559082031,4.001995086669922,1,-1,-1,-1
521,6189,125.18441009521484,99.9774169921875,30.774818420410156,6.72076416015625,1,-1,-1,-1
541,6191,177.9152069091797,95.2337646484375,27.286605834960938,7.6899566650390625,1,-1,-1,-1
561,6192,226.13214111328125,138.2857208251953,10.5126953125,4.560028076171875,1,-1,-1,-1
581,6192,242.2267303466797,141.089599609375,12.624359130859375,3.5263824462890625,1,-1,-1,-1
601,6192,244.65821838378906,153.23731994628906,11.521255493164062,4.5175018310546875,1,-1,-1,-1
621,6192,261.5964050292969,162.54605102539062,10.651123046875,4.048309326171875,1,-1,-1,-1
641,6192,213.0687255859375,78.60375213623047,27.162216186523438,7.020881652832031,1,-1,-1,-1
661,6194,199.48626708984375,71.69774627685547,30.587005615234375,8.325859069824219,1,-1,-1,-1
681,6196,265.80670166015625,169.2627410888672,12.709197998046875,4.08349609375,1,-1,-1,-1
681,6197,196.84571838378906,98.478515625,28.518753051757812,7.832435607910156,1,-1,-1,-1
701,6196,209.1000213623047,167.49533081054688,11.482498168945312,3.2790679931640625,1,-1,-1,-1
701,6197,197.82254028320312,118.56111907958984,26.36138916015625,6.8969879150390625,1,-1,-1,-1
721,6198,144.9441680908203,164.9414520263672,13.396865844726562,3.4193878173828125,1,-1,-1,-1
741,6198,112.51270294189453,163.91867065429688,13.11004638671875,3.65313720703125,1,-1,-1,-1
761,6198,82.76499938964844,163.66566467285156,12.317367553710938,3.3705291748046875,1,-1,-1,-1
781,6198,39.91327667236328,161.78048706054688,8.986988067626953,3.440093994140625,1,-1,-1,-1
841,6199,110.95291137695312,163.87364196777344,12.773757934570312,3.83062744140625,1,-1,-1,-1
861,6201,148.38279724121094,166.34425354003906,11.620986938476562,3.9503326416015625,1,-1,-1,-1
881,6203,198.02041625976562,168.3022918701172,10.559921264648438,3.561187744140625,1,-1,-1,-1
901,6205,251.19361877441406,170.61688232421875,11.422836303710938,4.1108245849609375,1,-1,-1,-1
921,6207,279.56695556640625,172.36158752441406,8.9708251953125,3.4039306640625,1,-1,-1,-1
941,6208,89.73316192626953,95.70435333251953,29.04383087158203,6.952392578125,1,-1,-1,-1
961,6209,140.65078735351562,91.45354461669922,28.45611572265625,6.490257263183594,1,-1,-1,-1
981,6210,150.0267333984375,93.33262634277344,27.208908081054688,7.1793670654296875,1,-1,-1,-1
981,6211,330.9136657714844,204.37957763671875,8.4091796875,3.2848358154296875,1,-1,-1,-1
1001,6210,174.8534393310547,94.04317474365234,24.109146118164062,6.4500274658203125,1,-1,-1,-1
1021,6213,204.5236358642578,95.1601333618164,25.503433227539062,6.5298004150390625,1,-1,-1,-1
1041,6215,206.98731994628906,100.13536834716797,23.100326538085938,6.7494049072265625,1,-1,-1,-1
1041,6216,134.90838623046875,200.57215881347656,8.621124267578125,4.9308929443359375,1,-1,-1,-1
1061,6218,200.34109497070312,104.72369384765625,26.681747436523438,6.3880767822265625,1,-1,-1,-1
1081,6221,193.91549682617188,104.87311553955078,25.69732666015625,6.420051574707031,1,-1,-1,-1
1101,6224,161.46490478515625,104.14602661132812,28.42730712890625,7.1313934326171875,1,-1,-1,-1
1121,6225,106.0329818725586,103.9292984008789,28.59064483642578,7.058784484863281,1,-1,-1,-1
1141,6225,96.10446166992188,104.55733489990234,29.7113037109375,7.568275451660156,1,-1,-1,-1
1181,6226,120.3489990234375,101.10517883300781,12.168792724609375,5.1822662353515625,1,-1,-1,-1
1201,6226,213.49078369140625,107.93331146240234,10.598495483398438,3.6863021850585938,1,-1,-1,-1
1221,6226,257.5943603515625,97.39361572265625,11.862579345703125,4.446372985839844,1,-1,-1,-1
1241,6226,266.4954528808594,71.3321533203125,11.370513916015625,5.002845764160156,1,-1,-1,-1
1261,6226,298.67144775390625,47.861454010009766,12.36468505859375,4.564006805419922,1,-1,-1,-1
1281,6226,307.1708679199219,46.69423294067383,10.8074951171875,4.165985107421875,1,-1,-1,-1
1301,6226,267.5146789550781,44.73941421508789,10.923004150390625,3.4872283935546875,1,-1,-1,-1
1321,6226,220.62039184570312,40.5709342956543,11.014434814453125,3.958484649658203,1,-1,-1,-1
1341,6226,174.177001953125,36.494422912597656,10.495330810546875,4.048069000244141,1,-1,-1,-1
1361,6226,116.01134490966797,30.455236434936523,10.914169311523438,4.200544357299805,1,-1,-1,-1
1381,6227,192.52972412109375,73.84119415283203,26.21405029296875,7.453346252441406,1,-1,-1,-1
1401,6228,196.95068359375,70.83912658691406,25.189743041992188,6.2668304443359375,1,-1,-1,-1
1421,6230,200.54054260253906,65.04784393310547,25.684280395507812,7.2495269775390625,1,-1,-1,-1
1461,6231,198.11691284179688,51.51559066772461,25.160186767578125,6.761161804199219,1,-1,-1,-1
1481,6231,200.99220275878906,48.39621353149414,22.503860473632812,8.068428039550781,1,-1,-1,-1
1501,6231,160.8013153076172,48.60548400878906,24.001358032226562,7.993648529052734,1,-1,-1,-1
1521,6231,165.7938995361328,41.578155517578125,10.349655151367188,4.993190765380859,1,-1,-1,-1
1541,6231,225.4703369140625,69.56238555908203,11.57550048828125,4.6128082275390625,1,-1,-1,-1
1561,6231,300.10601806640625,90.85677337646484,10.6119384765625,3.9029998779296875,1,-1,-1,-1
1581,6231,324.63232421875,91.04867553710938,10.658966064453125,3.5460586547851562,1,-1,-1,-1
1601,6231,299.8931884765625,87.78958129882812,10.662261962890625,4.446006774902344,1,-1,-1,-1
1621,6231,234.56109619140625,81.32608795166016,10.457611083984375,4.37445068359375,1,-1,-1,-1
1641,6231,161.50033569335938,74.23783111572266,12.204559326171875,5.388420104980469,1,-1,-1,-1
1661,6232,154.94662475585938,85.11494445800781,11.052398681640625,3.71014404296875,1,-1,-1,-1
1681,6234,156.7626495361328,104.20014953613281,10.954574584960938,3.5845718383789062,1,-1,-1,-1
1701,6238,154.24154663085938,122.51839447021484,12.862655639648438,4.100494384765625,1,-1,-1,-1
1721,6238,114.05525970458984,137.04867553710938,12.719650268554688,4.53265380859375,1,-1,-1,-1
1741,6238,81.91825103759766,55.433326721191406,38.40985870361328,11.273719787597656,1,-1,-1,-1
1761,6238,108.74518585205078,56.14433288574219,41.809288024902344,11.546531677246094,1,-1,-1,-1
1781,6239,202.10498046875,55.661346435546875,37.087188720703125,13.401634216308594,1,-1,-1,-1
1801,6239,235.86729431152344,56.94328308105469,35.86116027832031,11.6759033203125,1,-1,-1,-1
1821,6239,239.22731018066406,61.72665786743164,33.23832702636719,10.701702117919922,1,-1,-1,-1
1841,6239,255.06988525390625,61.41978073120117,32.238128662109375,11.441303253173828,1,-1,-1,-1
1861,6239,253.14111328125,63.3652229309082,33.6505126953125,11.151348114013672,1,-1,-1,-1
1881,6239,252.231201171875,63.55088806152344,34.508087158203125,11.363540649414062,1,-1,-1,-1
1901,6239,194.23004150390625,61.02066421508789,34.314697265625,10.10641098022461,1,-1,-1,-1
1941,6240,137.31671142578125,59.024627685546875,33.46430969238281,11.435470581054688,1,-1,-1,-1
1961,6240,145.565673828125,62.668731689453125,35.18171691894531,10.161224365234375,1,-1,-1,-1
1981,6240,143.90505981445312,63.51276779174805,36.309600830078125,10.099292755126953,1,-1,-1,-1
