81,6299,332.92108154296875,175.3098907470703,5.423583984375,2.3872528076171875,1,-1,-1,-1
121,6301,373.0548400878906,168.34999084472656,6.772308349609375,2.3821868896484375,1,-1,-1,-1
141,6303,370.71337890625,160.32347106933594,7.261138916015625,2.8368988037109375,1,-1,-1,-1
161,6304,361.7652893066406,160.2357177734375,5.801910400390625,2.875244140625,1,-1,-1,-1
181,6307,344.04095458984375,168.8170623779297,5.91522216796875,3.28179931640625,1,-1,-1,-1
261,6310,316.6287536621094,232.85760498046875,11.61737060546875,4.5481719970703125,1,-1,-1,-1
281,6311,235.60321044921875,197.25048828125,4.3338470458984375,2.3553619384765625,1,-1,-1,-1
361,6313,527.672607421875,114.66737365722656,9.77069091796875,6.676856994628906,1,-1,-1,-1
381,6313,536.8410034179688,203.16297912597656,6.4981689453125,3.824737548828125,1,-1,-1,-1
401,6313,537.0819702148438,203.19297790527344,6.24017333984375,3.6130828857421875,1,-1,-1,-1
421,6313,537.0242309570312,203.2197265625,6.10198974609375,3.5959625244140625,1,-1,-1,-1
441,6313,537.0978393554688,203.2494354248047,6.0584716796875,3.5423126220703125,1,-1,-1,-1
461,6313,536.8596801757812,203.04782104492188,6.292236328125,3.6354827880859375,1,-1,-1,-1
481,6313,537.1310424804688,203.07386779785156,5.98126220703125,3.548370361328125,1,-1,-1,-1
501,6313,537.5413208007812,203.34420776367188,5.4462890625,3.0930328369140625,1,-1,-1,-1
521,6313,537.5280151367188,203.25955200195312,5.49365234375,3.1373748779296875,1,-1,-1,-1
541,6313,537.3882446289062,203.39512634277344,5.63470458984375,3.313446044921875,1,-1,-1,-1
561,6313,537.2318115234375,203.30020141601562,5.85498046875,3.4509429931640625,1,-1,-1,-1
581,6314,227.35745239257812,95.3339614868164,6.541290283203125,2.9984512329101562,1,-1,-1,-1
601,6317,311.33172607421875,167.5331268310547,4.1859130859375,2.1277618408203125,1,-1,-1,-1
621,6317,304.35687255859375,167.54302978515625,4.85833740234375,2.2714385986328125,1,-1,-1,-1
641,6317,293.0301513671875,167.53050231933594,3.14111328125,2.0677490234375,1,-1,-1,-1
661,6318,95.0947265625,156.10205078125,6.1332550048828125,2.988983154296875,1,-1,-1,-1
761,6323,191.8136749267578,163.1012725830078,5.3614501953125,2.7491455078125,1,-1,-1,-1
781,6325,168.56698608398438,163.03575134277344,6.519927978515625,2.7613983154296875,1,-1,-1,-1
801,6327,156.01808166503906,167.53961181640625,5.0286712646484375,2.24810791015625,1,-1,-1,-1
1081,6329,167.35037231445312,254.71109008789062,6.06524658203125,2.9417724609375,1,-1,-1,-1
1141,6332,181.96197509765625,214.225830078125,4.421417236328125,2.8710784912109375,1,-1,-1,-1
1161,6332,199.45028686523438,288.7917175292969,6.159088134765625,3.240936279296875,1,-1,-1,-1
1241,6333,199.5443878173828,288.8738098144531,5.974395751953125,3.1766357421875,1,-1,-1,-1
1261,6333,199.7555389404297,288.81695556640625,6.8871612548828125,3.373687744140625,1,-1,-1,-1
1281,6333,199.79238891601562,288.88916015625,6.864501953125,3.32537841796875,1,-1,-1,-1
1301,6333,199.740234375,288.7770690917969,7.00970458984375,3.42340087890625,1,-1,-1,-1
1341,6334,256.6357116699219,203.6505126953125,5.180816650390625,2.50994873046875,1,-1,-1,-1
1381,6336,197.76385498046875,222.0966033935547,7.830047607421875,3.5213775634765625,1,-1,-1,-1
1521,6338,222.882080078125,210.0489959716797,5.68463134765625,3.0416717529296875,1,-1,-1,-1
1541,6338,222.93153381347656,207.56417846679688,4.319610595703125,3.171112060546875,1,-1,-1,-1
1561,6339,222.37863159179688,202.47576904296875,5.1212005615234375,2.73736572265625,1,-1,-1,-1
1581,6340,221.2403564453125,199.41697692871094,5.23944091796875,3.1892547607421875,1,-1,-1,-1
1601,6342,185.09300231933594,173.14788818359375,4.5903778076171875,2.6082305908203125,1,-1,-1,-1
1681,6343,135.21002197265625,177.3046112060547,7.663177490234375,2.981719970703125,1,-1,-1,-1
1701,6346,140.04360961914062,169.66053771972656,8.013702392578125,2.913330078125,1,-1,-1,-1
1741,6348,415.44793701171875,242.39306640625,6.82196044921875,3.3455657958984375,1,-1,-1,-1
1761,6348,408.4464111328125,242.44180297851562,4.7442626953125,2.9493560791015625,1,-1,-1,-1
1861,6350,284.0118713378906,229.93466186523438,32.840545654296875,4.793426513671875,1,-1,-1,-1
1901,6353,94.7605972290039,178.29901123046875,8.235153198242188,3.1500701904296875,1,-1,-1,-1
1961,6354,48.12544250488281,132.41297912597656,9.317218780517578,2.945465087890625,1,-1,-1,-1
1981,6354,49.543861389160156,132.2626495361328,9.759456634521484,2.9516448974609375,1,-1,-1,-1
