41,6358,346.3460998535156,74.70591735839844,10.6302490234375,4.900428771972656,1,-1,-1,-1
181,6363,554.0958862304688,84.61321258544922,16.1016845703125,5.4775390625,1,-1,-1,-1
201,6363,524.46826171875,105.76892852783203,17.4212646484375,5.824943542480469,1,-1,-1,-1
221,6363,512.7236938476562,112.6040267944336,13.11822509765625,5.9111175537109375,1,-1,-1,-1
241,6363,521.6393432617188,98.59204864501953,17.16046142578125,6.42578125,1,-1,-1,-1
261,6363,533.685546875,95.37662506103516,11.16461181640625,5.8044281005859375,1,-1,-1,-1
281,6363,566.9591064453125,96.33910369873047,17.29583740234375,6.076530456542969,1,-1,-1,-1
401,6364,556.54296875,123.22763061523438,15.3524169921875,6.524078369140625,1,-1,-1,-1
421,6364,528.7874755859375,123.91279602050781,7.9110107421875,3.4204025268554688,1,-1,-1,-1
441,6364,516.0206909179688,109.09754180908203,12.94464111328125,4.254524230957031,1,-1,-1,-1
461,6365,517.41162109375,108.3142318725586,9.46270751953125,4.42242431640625,1,-1,-1,-1
481,6365,513.7113037109375,106.0374526977539,11.69757080078125,5.257110595703125,1,-1,-1,-1
501,6365,507.3446350097656,107.16914367675781,9.927947998046875,4.3760986328125,1,-1,-1,-1
521,6365,500.2920837402344,106.05493927001953,12.817291259765625,5.056419372558594,1,-1,-1,-1
541,6365,495.3232421875,106.85368347167969,10.411376953125,4.4632568359375,1,-1,-1,-1
561,6365,489.5724792480469,105.90311431884766,13.08624267578125,5.3173828125,1,-1,-1,-1
601,6366,482.65478515625,107.39313507080078,12.739501953125,4.696083068847656,1,-1,-1,-1
621,6367,481.6505432128906,108.1216049194336,10.8099365234375,4.6905364990234375,1,-1,-1,-1
641,6368,482.7279357910156,107.20826721191406,11.531524658203125,4.591514587402344,1,-1,-1,-1
661,6368,484.52130126953125,107.14142608642578,7.008514404296875,4.6876068115234375,1,-1,-1,-1
681,6368,481.6551513671875,106.4674301147461,13.0499267578125,4.976570129394531,1,-1,-1,-1
701,6368,483.0202941894531,106.85165405273438,8.19708251953125,4.603248596191406,1,-1,-1,-1
741,6369,481.172607421875,111.20990753173828,10.10345458984375,4.539695739746094,1,-1,-1,-1
761,6369,482.05657958984375,117.08684539794922,12.704010009765625,5.2287445068359375,1,-1,-1,-1
781,6369,482.85418701171875,126.57141876220703,10.611358642578125,4.325599670410156,1,-1,-1,-1
801,6370,485.36187744140625,133.99581909179688,12.880859375,4.977294921875,1,-1,-1,-1
821,6370,487.371826171875,141.75807189941406,9.0643310546875,4.5415802001953125,1,-1,-1,-1
841,6371,485.6911926269531,140.0701141357422,11.995147705078125,4.585113525390625,1,-1,-1,-1
861,6371,479.5848083496094,140.0904083251953,11.358856201171875,5.1474609375,1,-1,-1,-1
881,6371,475.9111328125,139.3445281982422,12.388153076171875,5.1617279052734375,1,-1,-1,-1
901,6371,472.822021484375,139.69044494628906,9.34259033203125,5.017120361328125,1,-1,-1,-1
921,6372,467.0472717285156,138.78237915039062,11.332916259765625,4.7129364013671875,1,-1,-1,-1
941,6373,462.24310302734375,139.28395080566406,11.6884765625,4.7195281982421875,1,-1,-1,-1
981,6376,455.6143493652344,140.06048583984375,10.580535888671875,4.0294189453125,1,-1,-1,-1
1001,6376,454.2715759277344,140.79986572265625,12.21368408203125,4.3140716552734375,1,-1,-1,-1
1021,6376,453.4359130859375,142.26539611816406,10.667022705078125,4.7252960205078125,1,-1,-1,-1
1041,6377,455.8615417480469,141.3201141357422,10.449676513671875,4.45257568359375,1,-1,-1,-1
1061,6379,158.16519165039062,63.23381423950195,11.049453735351562,5.087406158447266,1,-1,-1,-1
1081,6380,451.5411376953125,142.28439331054688,8.522491455078125,4.39373779296875,1,-1,-1,-1
1101,6381,449.9997253417969,141.9185791015625,11.502166748046875,4.721527099609375,1,-1,-1,-1
1121,6381,446.0912780761719,142.6922149658203,11.663360595703125,4.8456268310546875,1,-1,-1,-1
1141,6381,444.86663818359375,142.58799743652344,12.65679931640625,4.8639068603515625,1,-1,-1,-1
1161,6382,442.6673889160156,143.07095336914062,11.229095458984375,4.970733642578125,1,-1,-1,-1
1181,6384,441.6807556152344,141.92324829101562,12.62451171875,4.26556396484375,1,-1,-1,-1
1201,6385,438.99566650390625,141.5366668701172,9.73480224609375,4.756988525390625,1,-1,-1,-1
1221,6386,437.17657470703125,140.78475952148438,10.9783935546875,4.1900787353515625,1,-1,-1,-1
1241,6388,431.981201171875,140.58070373535156,10.574188232421875,4.2242584228515625,1,-1,-1,-1
1261,6390,428.68267822265625,139.79685974121094,12.1563720703125,4.14251708984375,1,-1,-1,-1
1281,6392,425.4333801269531,139.75157165527344,10.426788330078125,4.6402130126953125,1,-1,-1,-1
1321,6396,418.525634765625,140.092041015625,11.48443603515625,4.7782135009765625,1,-1,-1,-1
1341,6398,417.74969482421875,140.05087280273438,11.28411865234375,4.393310546875,1,-1,-1,-1
1361,6401,412.68255615234375,140.75685119628906,11.2655029296875,4.5521087646484375,1,-1,-1,-1
1381,6403,410.77703857421875,140.99200439453125,11.415802001953125,4.0279388427734375,1,-1,-1,-1
1381,6404,410.7731628417969,140.9954833984375,11.419525146484375,4.024383544921875,1,-1,-1,-1
1401,6405,405.69940185546875,141.912841796875,11.4056396484375,4.667388916015625,1,-1,-1,-1
1421,6406,402.1210021972656,142.94769287109375,13.4639892578125,4.3139495849609375,1,-1,-1,-1
1421,6405,322.4664306640625,-3.493461847305298,12.927093505859375,7.765979528427124,1,-1,-1,-1
1441,6406,400.492919921875,143.2820281982422,9.94281005859375,4.5814208984375,1,-1,-1,-1
1461,6407,398.49847412109375,143.07449340820312,11.09295654296875,4.5139312744140625,1,-1,-1,-1
1481,6408,392.9063720703125,143.93017578125,11.218505859375,4.6231231689453125,1,-1,-1,-1
1501,6409,389.3885498046875,143.86456298828125,12.445281982421875,4.2729339599609375,1,-1,-1,-1
1521,6410,386.7907409667969,144.44488525390625,9.42022705078125,4.227630615234375,1,-1,-1,-1
1541,6411,381.8861389160156,144.80563354492188,12.562652587890625,4.7867889404296875,1,-1,-1,-1
1561,6415,378.70733642578125,146.02244567871094,10.474334716796875,4.235565185546875,1,-1,-1,-1
1581,6416,374.25360107421875,145.9259490966797,12.72723388671875,4.618072509765625,1,-1,-1,-1
1601,6417,373.6620788574219,146.70635986328125,8.520355224609375,4.7838592529296875,1,-1,-1,-1
1621,6420,367.022705078125,146.70143127441406,12.96514892578125,4.7571258544921875,1,-1,-1,-1
1641,6422,363.94525146484375,146.43911743164062,10.60406494140625,5.1415557861328125,1,-1,-1,-1
1661,6424,360.91143798828125,146.4498291015625,12.51214599609375,4.86712646484375,1,-1,-1,-1
1701,6426,353.60614013671875,148.24424743652344,9.77874755859375,4.0288238525390625,1,-1,-1,-1
1721,6427,349.41339111328125,148.14788818359375,11.8057861328125,4.53857421875,1,-1,-1,-1
1741,6428,343.3485412597656,148.73196411132812,12.228546142578125,5.11883544921875,1,-1,-1,-1
1741,6429,261.4372863769531,73.17727661132812,9.377777099609375,4.5392608642578125,1,-1,-1,-1
1761,6429,340.3811950683594,148.0880126953125,11.70501708984375,5.5138092041015625,1,-1,-1,-1
1781,6432,230.61212158203125,72.46660614013672,10.332382202148438,4.987548828125,1,-1,-1,-1
1801,6434,332.5233154296875,148.1936492919922,12.382049560546875,4.71319580078125,1,-1,-1,-1
1821,6436,323.9407653808594,150.3201141357422,14.18450927734375,10.7086181640625,1,-1,-1,-1
1841,6438,324.0440368652344,146.48805236816406,12.576812744140625,5.75372314453125,1,-1,-1,-1
1861,6440,319.107177734375,147.59164428710938,10.21307373046875,4.997314453125,1,-1,-1,-1
1881,6441,314.8083801269531,146.4390411376953,13.785736083984375,5.6762237548828125,1,-1,-1,-1
1901,6442,310.8212585449219,146.27589416503906,9.017120361328125,5.799835205078125,1,-1,-1,-1
1921,6443,306.97607421875,145.89723205566406,12.69439697265625,4.8855133056640625,1,-1,-1,-1
1941,6444,303.4700622558594,145.72817993164062,7.469818115234375,5.31707763671875,1,-1,-1,-1
1961,6445,191.68580627441406,65.85975646972656,8.435897827148438,4.43560791015625,1,-1,-1,-1
1961,6446,299.60711669921875,145.18064880371094,12.27532958984375,5.5567474365234375,1,-1,-1,-1
1981,6447,294.99322509765625,145.70413208007812,7.919647216796875,4.9023590087890625,1,-1,-1,-1
2001,6449,291.8039855957031,145.21017456054688,12.1148681640625,4.795806884765625,1,-1,-1,-1
2021,6451,287.3302307128906,145.60821533203125,7.3790283203125,4.4936370849609375,1,-1,-1,-1
2041,6453,282.9027099609375,145.39553833007812,11.634674072265625,4.9524993896484375,1,-1,-1,-1
2061,6454,277.77960205078125,145.04888916015625,9.648834228515625,5.3200531005859375,1,-1,-1,-1
2081,6455,273.45562744140625,145.1796112060547,13.568267822265625,5.2532806396484375,1,-1,-1,-1
2101,6456,273.3780822753906,145.70510864257812,6.196258544921875,4.07672119140625,1,-1,-1,-1
