1,7326,164.0304718017578,137.38983154296875,16.262786865234375,8.295333862304688,1,-1,-1,-1
41,7330,191.50411987304688,165.07809448242188,2.14373779296875,2.681243896484375,1,-1,-1,-1
61,7332,190.17727661132812,167.92266845703125,14.31732177734375,4.567413330078125,1,-1,-1,-1
81,7334,200.22216796875,173.89967346191406,8.93658447265625,5.1597137451171875,1,-1,-1,-1
101,7336,213.19842529296875,181.38531494140625,12.20184326171875,6.590850830078125,1,-1,-1,-1
121,7338,281.0755920410156,188.91688537597656,2.549285888671875,2.5541534423828125,1,-1,-1,-1
141,7340,309.22503662109375,198.28514099121094,11.769287109375,5.284332275390625,1,-1,-1,-1
161,7342,312.375732421875,207.41552734375,6.40325927734375,4.135528564453125,1,-1,-1,-1
181,7344,311.73468017578125,207.57325744628906,10.98492431640625,4.4011383056640625,1,-1,-1,-1
201,7344,309.9337158203125,234.4762420654297,14.080322265625,5.9161376953125,1,-1,-1,-1
221,7344,306.457763671875,228.20489501953125,13.843170166015625,5.1930084228515625,1,-1,-1,-1
241,7344,302.1829833984375,210.70742797851562,16.262451171875,8.757781982421875,1,-1,-1,-1
261,7346,315.4320068359375,200.6952667236328,16.980682373046875,10.2080078125,1,-1,-1,-1
281,7347,389.8492431640625,197.67007446289062,13.52783203125,7.96795654296875,1,-1,-1,-1
301,7347,431.45458984375,185.29652404785156,18.777069091796875,8.315536499023438,1,-1,-1,-1
321,7349,429.4593505859375,168.80130004882812,10.376129150390625,12.1256103515625,1,-1,-1,-1
341,7349,410.24261474609375,195.77066040039062,15.271240234375,5.8218994140625,1,-1,-1,-1
361,7349,409.9901123046875,223.5626220703125,2.740570068359375,4.1664276123046875,1,-1,-1,-1
381,7349,396.1623840332031,232.7629852294922,14.0301513671875,6.116668701171875,1,-1,-1,-1
401,7349,366.9942626953125,213.36636352539062,7.14947509765625,5.5424652099609375,1,-1,-1,-1
441,7352,339.60931396484375,159.6062774658203,14.55792236328125,8.87548828125,1,-1,-1,-1
461,7354,263.4507751464844,159.7808380126953,12.7216796875,8.26031494140625,1,-1,-1,-1
481,7357,232.2756805419922,166.17044067382812,13.105926513671875,5.5613555908203125,1,-1,-1,-1
501,7359,232.80921936035156,203.3988037109375,9.01275634765625,5.564178466796875,1,-1,-1,-1
521,7360,226.92015075683594,232.483154296875,12.958755493164062,4.57403564453125,1,-1,-1,-1
541,7360,226.27699279785156,223.44964599609375,1.9820709228515625,2.3760833740234375,1,-1,-1,-1
561,7362,202.5747528076172,202.37973022460938,18.09356689453125,5.3963470458984375,1,-1,-1,-1
581,7364,180.69842529296875,177.75347900390625,19.27789306640625,8.395156860351562,1,-1,-1,-1
601,7366,120.49793243408203,157.67745971679688,25.78241729736328,10.41015625,1,-1,-1,-1
621,7367,98.42813110351562,95.79692840576172,20.043624877929688,9.711677551269531,1,-1,-1,-1
641,7368,102.60488891601562,91.07894897460938,21.898956298828125,15.938179016113281,1,-1,-1,-1
661,7368,140.802001953125,138.97201538085938,18.8167724609375,9.977828979492188,1,-1,-1,-1
681,7370,176.04103088378906,178.69911193847656,14.435272216796875,4.825897216796875,1,-1,-1,-1
701,7372,205.2185821533203,197.14283752441406,9.374130249023438,6.24371337890625,1,-1,-1,-1
721,7374,272.38519287109375,203.19149780273438,13.1270751953125,5.2926177978515625,1,-1,-1,-1
741,7376,374.180908203125,206.33407592773438,4.532470703125,4.6658935546875,1,-1,-1,-1
761,7376,420.4159240722656,207.45318603515625,11.60986328125,4.7578125,1,-1,-1,-1
781,7376,444.2828674316406,198.1584930419922,7.357635498046875,3.2095947265625,1,-1,-1,-1
801,7376,469.6331787109375,173.7103729248047,14.183349609375,10.047515869140625,1,-1,-1,-1
821,7377,472.68048095703125,123.29485321044922,7.9208984375,8.453132629394531,1,-1,-1,-1
841,7377,444.1436462402344,108.4144287109375,15.343475341796875,11.258193969726562,1,-1,-1,-1
861,7379,351.90423583984375,90.56079864501953,16.702178955078125,6.67974853515625,1,-1,-1,-1
881,7381,291.0885009765625,81.48453521728516,16.070465087890625,6.858360290527344,1,-1,-1,-1
901,7383,245.12747192382812,93.49568176269531,15.600341796875,8.966796875,1,-1,-1,-1
921,7385,237.6771697998047,140.76092529296875,16.630706787109375,7.9922943115234375,1,-1,-1,-1
941,7388,242.29905700683594,207.38526916503906,16.466598510742188,5.4456939697265625,1,-1,-1,-1
961,7389,267.3565979003906,215.448974609375,10.934234619140625,7.805145263671875,1,-1,-1,-1
981,7389,353.25286865234375,211.1160125732422,20.14837646484375,8.775619506835938,1,-1,-1,-1
1001,7389,415.49554443359375,219.61654663085938,17.6116943359375,8.1304931640625,1,-1,-1,-1
1021,7389,439.7713623046875,198.56800842285156,14.96063232421875,6.7523956298828125,1,-1,-1,-1
1041,7389,443.8099365234375,188.62405395507812,8.665771484375,8.879058837890625,1,-1,-1,-1
1061,7389,430.5345153808594,199.31649780273438,11.653900146484375,4.73089599609375,1,-1,-1,-1
1081,7390,424.95050048828125,176.69268798828125,6.451019287109375,6.85992431640625,1,-1,-1,-1
1101,7391,389.60137939453125,175.65147399902344,13.6514892578125,7.9822540283203125,1,-1,-1,-1
1121,7393,327.1627197265625,179.4770050048828,2.603973388671875,2.389495849609375,1,-1,-1,-1
1141,7395,282.162841796875,171.58929443359375,11.9642333984375,4.1523590087890625,1,-1,-1,-1
1181,7400,202.64871215820312,122.66011047363281,18.0755615234375,11.765106201171875,1,-1,-1,-1
1201,7402,187.79998779296875,170.83177185058594,18.782379150390625,7.9533233642578125,1,-1,-1,-1
1221,7404,185.6121063232422,162.43197631835938,17.078857421875,13.05767822265625,1,-1,-1,-1
1261,7408,219.11767578125,229.7579803466797,13.8165283203125,9.676681518554688,1,-1,-1,-1
1281,7408,247.8324737548828,252.63046264648438,2.226898193359375,2.245941162109375,1,-1,-1,-1
1301,7409,273.9871520996094,257.7278137207031,11.22613525390625,5.00140380859375,1,-1,-1,-1
1321,7409,315.7854919433594,252.8110809326172,2.20098876953125,2.0988616943359375,1,-1,-1,-1
1341,7410,316.3758239746094,238.51580810546875,9.533843994140625,4.13720703125,1,-1,-1,-1
1361,7410,313.5623779296875,211.78195190429688,9.29925537109375,4.43341064453125,1,-1,-1,-1
1401,7414,313.14324951171875,166.39645385742188,9.7896728515625,3.7781524658203125,1,-1,-1,-1
1421,7416,314.39093017578125,148.21624755859375,2.4393310546875,2.4891204833984375,1,-1,-1,-1
1441,7418,306.1542053222656,119.45632934570312,12.392120361328125,8.276313781738281,1,-1,-1,-1
1481,7421,299.6017761230469,141.71551513671875,13.088836669921875,6.400238037109375,1,-1,-1,-1
1521,7425,338.7041015625,201.04934692382812,15.5426025390625,5.772857666015625,1,-1,-1,-1
1541,7426,404.2232971191406,200.70314025878906,9.23187255859375,7.1889190673828125,1,-1,-1,-1
1561,7426,417.0813293457031,199.4966278076172,14.4219970703125,6.143035888671875,1,-1,-1,-1
1581,7426,414.75115966796875,200.3485107421875,9.169158935546875,4.9194183349609375,1,-1,-1,-1
1601,7426,414.665283203125,192.82913208007812,13.984375,6.064239501953125,1,-1,-1,-1
1621,7428,411.71734619140625,147.70423889160156,7.76708984375,5.092071533203125,1,-1,-1,-1
1641,7430,414.24139404296875,163.8438262939453,15.2010498046875,5.7814483642578125,1,-1,-1,-1
1661,7431,413.87445068359375,194.4658203125,2.74237060546875,4.23565673828125,1,-1,-1,-1
1681,7431,396.80596923828125,191.30418395996094,14.988922119140625,6.158477783203125,1,-1,-1,-1
1701,7431,362.02264404296875,192.89874267578125,7.6405029296875,6.4627532958984375,1,-1,-1,-1
1741,7434,281.68896484375,205.9944305419922,1.804931640625,2.555908203125,1,-1,-1,-1
1761,7435,252.33953857421875,193.14466857910156,2.6123046875,2.14263916015625,1,-1,-1,-1
1781,7438,207.25729370117188,176.72364807128906,19.6922607421875,11.223602294921875,1,-1,-1,-1
1801,7440,187.181640625,162.68092346191406,12.14202880859375,11.3038330078125,1,-1,-1,-1
1821,7442,188.3041229248047,173.47219848632812,13.920059204101562,13.250808715820312,1,-1,-1,-1
1841,7444,209.21401977539062,210.06629943847656,16.718475341796875,7.0450286865234375,1,-1,-1,-1
1861,7445,232.29049682617188,228.6153106689453,12.554550170898438,5.339324951171875,1,-1,-1,-1
1881,7445,244.50210571289062,202.26966857910156,7.379486083984375,4.3444061279296875,1,-1,-1,-1
1901,7447,241.84326171875,182.1295166015625,11.790008544921875,6.3053436279296875,1,-1,-1,-1
1921,7449,285.89617919921875,182.3699951171875,8.15252685546875,5.9920196533203125,1,-1,-1,-1
1961,7453,444.3893127441406,177.45579528808594,2.45123291015625,2.1141815185546875,1,-1,-1,-1
1981,7453,483.73760986328125,154.7257843017578,15.7281494140625,8.7916259765625,1,-1,-1,-1
2001,7453,507.3779296875,141.4189910888672,7.4605712890625,8.849838256835938,1,-1,-1,-1
2021,7453,477.50848388671875,133.68057250976562,17.589019775390625,9.286727905273438,1,-1,-1,-1
2041,7455,407.498046875,133.1912078857422,14.794464111328125,5.22088623046875,1,-1,-1,-1
2061,7458,360.336669921875,140.79368591308594,15.27130126953125,9.106369018554688,1,-1,-1,-1
2081,7460,356.9598693847656,172.5355987548828,8.552490234375,6.194854736328125,1,-1,-1,-1
2101,7463,330.77496337890625,192.7080535888672,12.2904052734375,10.352508544921875,1,-1,-1,-1
2121,7465,225.03465270996094,209.84397888183594,13.307846069335938,7.29547119140625,1,-1,-1,-1
