1,1,266.05,304.85,15.17,7.26,-1,-1,-1,-1
21,1,266.84,304.59,15.55,7.25,-1,-1,-1,-1
41,1,267.96,304.77,14.08,7.30,-1,-1,-1,-1
1,2,193.68,243.85,11.51,6.44,-1,-1,-1,-1
21,2,192.99,244.58,10.94,6.11,-1,-1,-1,-1
41,2,192.84,244.27,11.15,6.16,-1,-1,-1,-1
61,2,192.03,245.08,10.95,5.39,-1,-1,-1,-1
81,2,191.52,244.93,10.68,5.64,-1,-1,-1,-1
101,2,194.91,243.97,11.18,6.41,-1,-1,-1,-1
121,2,202.76,243.22,10.71,5.11,-1,-1,-1,-1
141,2,210.07,242.36,10.64,5.27,-1,-1,-1,-1
161,2,218.36,242.98,10.57,5.19,-1,-1,-1,-1
181,2,226.27,243.92,10.40,5.69,-1,-1,-1,-1
201,2,232.02,245.23,10.60,4.96,-1,-1,-1,-1
221,2,237.01,244.90,10.67,5.44,-1,-1,-1,-1
241,2,242.66,245.06,10.42,5.56,-1,-1,-1,-1
261,2,249.03,246.86,11.07,5.07,-1,-1,-1,-1
281,2,257.22,247.66,10.69,5.14,-1,-1,-1,-1
301,2,262.77,248.02,10.24,4.82,-1,-1,-1,-1
361,2,289.30,250.12,11.07,5.52,-1,-1,-1,-1
381,2,305.91,251.30,11.14,5.56,-1,-1,-1,-1
401,2,323.37,251.48,10.37,5.38,-1,-1,-1,-1
421,2,341.13,251.49,9.77,5.05,-1,-1,-1,-1
441,2,358.93,251.56,11.44,5.27,-1,-1,-1,-1
461,2,376.30,251.35,10.93,5.13,-1,-1,-1,-1
481,2,389.65,251.83,11.23,4.99,-1,-1,-1,-1
501,2,400.20,252.27,11.41,5.41,-1,-1,-1,-1
521,2,407.92,252.64,11.03,5.07,-1,-1,-1,-1
541,2,409.65,252.52,10.89,5.31,-1,-1,-1,-1
561,2,415.59,252.28,10.74,5.87,-1,-1,-1,-1
581,2,435.27,252.80,10.96,5.62,-1,-1,-1,-1
601,2,463.06,253.06,11.49,5.77,-1,-1,-1,-1
621,2,492.03,254.24,12.02,5.87,-1,-1,-1,-1
641,2,524.05,255.83,12.00,5.32,-1,-1,-1,-1
661,2,555.75,258.37,11.53,5.15,-1,-1,-1,-1
681,2,576.50,259.76,10.00,5.21,-1,-1,-1,-1
701,2,575.38,260.12,10.41,5.35,-1,-1,-1,-1
721,2,563.24,258.98,10.65,5.92,-1,-1,-1,-1
741,2,553.00,258.07,11.11,5.23,-1,-1,-1,-1
761,2,535.76,256.90,11.41,5.20,-1,-1,-1,-1
781,2,515.77,255.39,11.54,5.71,-1,-1,-1,-1
801,2,495.00,254.45,10.66,6.10,-1,-1,-1,-1
821,2,473.43,253.96,11.33,5.52,-1,-1,-1,-1
841,2,452.79,252.63,11.17,5.66,-1,-1,-1,-1
861,2,432.87,252.49,11.06,5.61,-1,-1,-1,-1
881,2,414.35,252.75,10.85,5.39,-1,-1,-1,-1
901,2,395.66,253.45,10.64,4.81,-1,-1,-1,-1
921,2,379.27,253.53,10.81,5.12,-1,-1,-1,-1
941,2,363.79,254.09,11.45,4.60,-1,-1,-1,-1
961,2,355.29,256.00,7.95,4.64,-1,-1,-1,-1
981,2,339.71,255.68,10.40,5.23,-1,-1,-1,-1
1001,2,329.68,257.13,11.74,4.61,-1,-1,-1,-1
1021,2,323.05,256.73,10.81,4.54,-1,-1,-1,-1
1041,2,318.71,255.73,10.71,5.33,-1,-1,-1,-1
1061,2,317.05,256.01,10.99,4.94,-1,-1,-1,-1
1081,2,307.73,255.76,10.83,4.92,-1,-1,-1,-1
1101,2,289.04,254.97,11.62,4.84,-1,-1,-1,-1
1121,2,265.23,254.23,11.93,4.82,-1,-1,-1,-1
1141,2,239.79,252.12,11.03,4.75,-1,-1,-1,-1
1161,2,214.82,250.95,11.05,4.75,-1,-1,-1,-1
1181,2,191.18,249.96,10.89,4.85,-1,-1,-1,-1
1201,2,168.73,250.16,10.52,4.98,-1,-1,-1,-1
1221,2,147.29,249.51,10.66,5.38,-1,-1,-1,-1
1241,2,127.77,249.18,11.18,5.12,-1,-1,-1,-1
1261,2,108.87,246.79,10.41,6.07,-1,-1,-1,-1
1281,2,98.43,237.77,10.25,6.84,-1,-1,-1,-1
1301,2,97.76,225.38,10.39,6.24,-1,-1,-1,-1
1321,2,99.39,222.75,10.44,7.09,-1,-1,-1,-1
1341,2,118.03,224.01,10.46,5.81,-1,-1,-1,-1
1361,2,148.69,223.96,11.14,5.62,-1,-1,-1,-1
1381,2,185.16,223.65,11.44,5.64,-1,-1,-1,-1
1401,2,225.79,222.86,11.35,5.68,-1,-1,-1,-1
1421,2,268.37,223.40,11.34,5.28,-1,-1,-1,-1
1441,2,313.40,223.52,11.86,5.37,-1,-1,-1,-1
1461,2,358.92,222.95,13.43,5.82,-1,-1,-1,-1
1481,2,406.07,223.89,13.17,5.58,-1,-1,-1,-1
1501,2,451.26,224.13,11.78,6.19,-1,-1,-1,-1
1521,2,492.79,225.95,11.57,6.30,-1,-1,-1,-1
1541,2,529.92,227.56,12.10,7.03,-1,-1,-1,-1
1561,2,566.56,228.80,12.30,6.38,-1,-1,-1,-1
1581,2,592.42,231.43,10.84,5.91,-1,-1,-1,-1
1601,2,593.26,260.41,11.37,6.48,-1,-1,-1,-1
1621,2,591.31,294.89,10.27,5.46,-1,-1,-1,-1
81,3,269.02,298.18,18.27,9.16,-1,-1,-1,-1
101,3,270.79,296.21,18.76,10.57,-1,-1,-1,-1
121,3,269.53,294.82,13.64,7.25,-1,-1,-1,-1
141,3,267.48,292.38,13.04,6.44,-1,-1,-1,-1
161,3,268.43,290.67,12.02,5.66,-1,-1,-1,-1
181,3,271.05,289.16,10.23,4.71,-1,-1,-1,-1
201,3,269.91,284.85,9.79,4.97,-1,-1,-1,-1
221,3,269.71,284.67,10.14,4.68,-1,-1,-1,-1
241,3,269.41,284.16,9.96,5.26,-1,-1,-1,-1
261,3,269.22,283.97,9.99,5.78,-1,-1,-1,-1
281,3,269.73,285.02,9.95,4.35,-1,-1,-1,-1
361,3,271.00,289.97,12.56,6.39,-1,-1,-1,-1
381,3,269.40,291.16,15.77,9.47,-1,-1,-1,-1
401,3,269.78,292.57,14.59,7.50,-1,-1,-1,-1
421,3,270.13,292.94,12.70,6.88,-1,-1,-1,-1
441,3,268.30,294.15,15.94,8.18,-1,-1,-1,-1
461,3,269.90,294.60,12.36,6.21,-1,-1,-1,-1
481,3,269.90,295.93,16.70,8.06,-1,-1,-1,-1
501,3,269.30,296.28,14.46,7.25,-1,-1,-1,-1
521,3,267.66,296.87,17.01,9.55,-1,-1,-1,-1
541,3,267.83,296.44,23.24,11.60,-1,-1,-1,-1
641,3,265.99,305.18,14.51,6.94,-1,-1,-1,-1
661,3,268.34,307.95,12.03,6.19,-1,-1,-1,-1
681,3,269.73,310.51,10.65,5.85,-1,-1,-1,-1
701,3,269.94,313.34,9.18,4.67,-1,-1,-1,-1
721,3,267.72,314.52,9.84,4.40,-1,-1,-1,-1
741,3,266.84,315.75,10.72,4.90,-1,-1,-1,-1
761,3,267.33,318.07,8.37,4.90,-1,-1,-1,-1
781,3,266.34,322.80,10.29,5.67,-1,-1,-1,-1
861,4,352.11,306.40,8.19,3.93,-1,-1,-1,-1
881,4,352.43,306.37,7.92,3.82,-1,-1,-1,-1
901,4,352.39,306.29,7.93,3.89,-1,-1,-1,-1
921,4,352.33,306.28,8.16,3.99,-1,-1,-1,-1
941,4,352.48,306.31,8.03,4.08,-1,-1,-1,-1
1101,4,350.79,306.29,12.36,4.85,-1,-1,-1,-1
1121,4,350.70,306.29,12.93,5.08,-1,-1,-1,-1
1141,4,350.78,306.48,9.82,4.05,-1,-1,-1,-1
1161,4,350.46,306.56,10.19,4.06,-1,-1,-1,-1
1181,4,350.59,306.46,10.30,4.13,-1,-1,-1,-1
1201,4,350.50,306.42,10.22,4.02,-1,-1,-1,-1
1221,4,349.96,306.39,10.79,4.01,-1,-1,-1,-1
1241,4,349.87,306.34,11.00,4.24,-1,-1,-1,-1
1261,4,349.94,306.34,11.00,4.24,-1,-1,-1,-1
1281,4,349.98,306.35,10.96,4.17,-1,-1,-1,-1
1301,4,350.11,306.28,10.94,4.35,-1,-1,-1,-1
1321,4,350.27,306.33,10.59,4.25,-1,-1,-1,-1
1341,4,350.37,306.34,10.36,4.16,-1,-1,-1,-1
1361,4,347.60,306.14,14.62,5.00,-1,-1,-1,-1
1381,4,348.29,306.29,11.92,4.48,-1,-1,-1,-1
1441,4,348.59,306.29,12.59,4.64,-1,-1,-1,-1
1461,4,348.84,306.26,12.85,4.73,-1,-1,-1,-1
1481,4,348.29,306.26,13.68,4.80,-1,-1,-1,-1
1501,4,348.09,306.25,13.63,4.75,-1,-1,-1,-1
1521,4,348.45,306.28,14.48,4.94,-1,-1,-1,-1
1541,4,348.59,306.26,13.52,4.80,-1,-1,-1,-1
1561,4,348.59,306.31,13.06,4.74,-1,-1,-1,-1
1581,4,348.46,306.28,13.10,4.71,-1,-1,-1,-1
1641,4,358.84,309.75,16.06,7.52,-1,-1,-1,-1
1661,4,359.07,309.59,16.06,7.67,-1,-1,-1,-1
1681,4,358.81,309.91,16.01,7.33,-1,-1,-1,-1
1701,4,358.91,309.97,15.87,7.35,-1,-1,-1,-1
1721,4,359.06,310.12,15.72,7.11,-1,-1,-1,-1
1741,4,358.92,310.11,15.80,7.13,-1,-1,-1,-1
1761,4,356.12,309.02,18.62,8.18,-1,-1,-1,-1
1801,4,357.47,309.30,16.38,7.70,-1,-1,-1,-1
1821,4,357.32,309.33,17.03,7.87,-1,-1,-1,-1
1861,4,350.96,306.45,16.39,5.87,-1,-1,-1,-1
1881,4,351.07,306.25,18.71,6.75,-1,-1,-1,-1
1901,4,350.89,306.27,18.74,6.66,-1,-1,-1,-1
1921,4,350.63,306.30,18.78,6.48,-1,-1,-1,-1
1941,4,351.68,306.52,9.63,4.07,-1,-1,-1,-1
1961,4,351.43,306.39,10.41,4.38,-1,-1,-1,-1
1981,4,351.36,306.39,10.93,4.43,-1,-1,-1,-1
2001,4,350.84,306.29,13.43,5.18,-1,-1,-1,-1
2021,4,350.85,306.31,11.47,4.57,-1,-1,-1,-1
2041,4,350.62,306.33,12.71,4.86,-1,-1,-1,-1
2061,4,350.65,306.27,12.48,4.83,-1,-1,-1,-1
2081,4,350.61,306.29,12.19,4.87,-1,-1,-1,-1
2101,4,349.14,306.19,16.00,5.38,-1,-1,-1,-1
2121,4,349.35,306.17,15.00,5.18,-1,-1,-1,-1
2125,4,349.25,306.24,15.44,5.19,-1,-1,-1,-1
961,5,293.82,351.62,13.21,5.74,-1,-1,-1,-1
981,5,297.83,349.54,11.73,5.49,-1,-1,-1,-1
1001,5,298.01,346.61,11.91,4.69,-1,-1,-1,-1
1021,5,298.89,344.28,10.51,4.49,-1,-1,-1,-1
1041,5,298.25,341.14,10.73,6.18,-1,-1,-1,-1
1061,5,297.08,338.72,11.23,5.40,-1,-1,-1,-1
1081,5,297.07,336.04,10.03,5.14,-1,-1,-1,-1
1101,5,297.06,333.12,11.28,5.37,-1,-1,-1,-1
1121,5,297.25,330.13,11.18,5.36,-1,-1,-1,-1
1141,5,298.89,327.59,9.59,3.96,-1,-1,-1,-1
1161,5,301.86,322.74,9.35,4.13,-1,-1,-1,-1
1181,5,298.53,320.61,12.81,5.09,-1,-1,-1,-1
1201,5,298.66,315.03,12.38,4.26,-1,-1,-1,-1
1221,5,301.14,306.03,11.06,5.37,-1,-1,-1,-1
1241,5,301.39,298.30,10.44,4.87,-1,-1,-1,-1
1261,5,302.20,294.67,9.23,3.70,-1,-1,-1,-1
1281,5,301.08,289.78,9.68,4.13,-1,-1,-1,-1
1301,5,299.20,284.08,11.09,4.80,-1,-1,-1,-1
1321,5,300.15,279.49,10.95,5.82,-1,-1,-1,-1
1341,5,300.31,275.22,11.10,5.48,-1,-1,-1,-1
1361,5,300.69,270.91,11.08,5.59,-1,-1,-1,-1
1381,5,300.42,267.84,10.99,5.86,-1,-1,-1,-1
1401,5,301.12,265.00,11.85,5.25,-1,-1,-1,-1
1421,5,303.73,261.81,11.50,5.97,-1,-1,-1,-1
1441,5,304.70,259.02,10.57,5.48,-1,-1,-1,-1
1461,5,303.57,255.79,11.67,5.59,-1,-1,-1,-1
1481,5,302.99,253.20,11.48,5.97,-1,-1,-1,-1
1501,5,304.17,250.24,11.11,5.62,-1,-1,-1,-1
1521,5,303.82,247.47,11.55,5.61,-1,-1,-1,-1
1541,5,304.52,245.04,10.87,6.26,-1,-1,-1,-1
1561,5,306.01,242.99,11.14,5.62,-1,-1,-1,-1
1581,5,305.27,241.79,11.02,5.15,-1,-1,-1,-1
1601,5,304.01,239.47,10.87,5.56,-1,-1,-1,-1
1621,5,303.85,237.30,10.98,5.62,-1,-1,-1,-1
1641,5,305.49,235.22,10.87,5.79,-1,-1,-1,-1
1661,5,306.34,234.10,11.62,5.23,-1,-1,-1,-1
1681,5,306.70,231.63,11.31,5.61,-1,-1,-1,-1
1701,5,307.07,228.39,10.94,6.25,-1,-1,-1,-1
1721,5,306.16,226.80,10.61,6.18,-1,-1,-1,-1
1741,5,304.77,225.38,11.02,5.81,-1,-1,-1,-1
1761,5,304.74,224.13,10.56,5.77,-1,-1,-1,-1
1781,5,305.85,222.62,10.47,6.06,-1,-1,-1,-1
1801,5,307.68,221.93,10.75,5.62,-1,-1,-1,-1
1821,5,307.85,221.48,10.92,5.86,-1,-1,-1,-1
1841,5,308.21,220.68,10.87,6.42,-1,-1,-1,-1
1861,5,308.41,219.01,10.90,6.41,-1,-1,-1,-1
1881,5,309.23,218.67,10.75,5.38,-1,-1,-1,-1
1901,5,309.88,217.88,11.02,5.54,-1,-1,-1,-1
1921,5,309.67,216.59,12.02,5.32,-1,-1,-1,-1
1941,5,309.08,215.17,10.98,5.91,-1,-1,-1,-1
1961,5,308.92,213.16,11.10,6.25,-1,-1,-1,-1
1981,5,308.91,211.64,10.75,5.94,-1,-1,-1,-1
2001,5,308.87,210.79,10.80,5.43,-1,-1,-1,-1
2021,5,308.77,209.13,11.10,5.82,-1,-1,-1,-1
2041,5,309.92,207.72,11.38,5.66,-1,-1,-1,-1
2061,5,310.73,206.04,10.75,5.91,-1,-1,-1,-1
2081,5,310.25,204.67,11.21,6.20,-1,-1,-1,-1
2101,5,311.33,203.56,10.64,6.00,-1,-1,-1,-1
2121,5,311.18,201.96,10.36,5.15,-1,-1,-1,-1
2125,5,310.86,201.97,11.16,5.07,-1,-1,-1,-1
