1,1,149.51,264.59,17.67,6.50,-1,-1,-1,-1
21,1,181.95,261.63,16.70,9.15,-1,-1,-1,-1
41,1,260.79,259.25,18.66,6.92,-1,-1,-1,-1
21,2,291.36,279.04,5.04,2.41,-1,-1,-1,-1
61,3,377.89,254.20,19.82,6.58,-1,-1,-1,-1
81,4,485.66,251.35,18.86,6.23,-1,-1,-1,-1
101,4,542.49,242.17,17.87,9.66,-1,-1,-1,-1
121,4,563.85,237.89,17.94,9.28,-1,-1,-1,-1
141,4,546.99,236.34,19.12,9.06,-1,-1,-1,-1
161,4,504.01,237.25,19.49,8.05,-1,-1,-1,-1
181,4,441.54,239.13,20.25,8.48,-1,-1,-1,-1
201,4,357.99,242.56,21.03,8.81,-1,-1,-1,-1
221,5,260.64,247.84,22.03,7.60,-1,-1,-1,-1
241,6,164.32,249.47,19.39,11.20,-1,-1,-1,-1
261,6,144.38,196.55,19.78,9.43,-1,-1,-1,-1
281,6,160.63,173.92,18.09,11.64,-1,-1,-1,-1
301,6,258.97,168.66,21.42,7.33,-1,-1,-1,-1
321,6,374.23,159.72,19.53,13.66,-1,-1,-1,-1
341,6,424.47,209.13,18.71,11.22,-1,-1,-1,-1
361,6,436.34,275.69,18.42,8.08,-1,-1,-1,-1
381,6,438.78,316.62,17.78,7.43,-1,-1,-1,-1
401,6,390.76,318.14,20.80,9.35,-1,-1,-1,-1
421,7,322.46,319.09,15.00,5.77,-1,-1,-1,-1
441,8,251.84,323.21,22.56,8.30,-1,-1,-1,-1
461,8,248.99,279.57,19.27,7.66,-1,-1,-1,-1
481,8,251.86,224.58,20.13,9.77,-1,-1,-1,-1
501,8,230.22,211.66,20.37,13.30,-1,-1,-1,-1
521,9,140.98,220.31,21.86,7.54,-1,-1,-1,-1
541,9,82.62,219.33,18.78,8.50,-1,-1,-1,-1
561,9,79.93,194.20,18.63,7.80,-1,-1,-1,-1
581,9,104.71,191.13,18.78,9.51,-1,-1,-1,-1
601,10,177.87,185.76,20.98,7.45,-1,-1,-1,-1
621,10,274.70,176.96,20.23,8.12,-1,-1,-1,-1
641,11,423.05,163.92,21.42,12.04,-1,-1,-1,-1
661,11,511.62,168.68,19.10,13.98,-1,-1,-1,-1
681,11,531.18,194.73,20.60,10.30,-1,-1,-1,-1
701,11,530.24,201.09,20.04,10.38,-1,-1,-1,-1
721,11,529.11,218.10,17.70,9.50,-1,-1,-1,-1
741,11,524.87,240.50,15.85,8.22,-1,-1,-1,-1
761,11,518.49,258.11,13.74,7.02,-1,-1,-1,-1
781,11,519.94,236.32,12.15,4.95,-1,-1,-1,-1
801,11,509.84,229.55,11.67,8.67,-1,-1,-1,-1
821,11,449.26,231.44,12.75,8.32,-1,-1,-1,-1
821,12,163.40,234.89,4.96,3.24,-1,-1,-1,-1
841,13,343.20,238.89,14.48,6.91,-1,-1,-1,-1
861,14,227.12,246.08,14.19,4.83,-1,-1,-1,-1
881,15,137.54,226.52,14.27,4.67,-1,-1,-1,-1
901,15,75.90,216.66,12.79,9.01,-1,-1,-1,-1
921,15,85.15,209.16,13.48,9.25,-1,-1,-1,-1
941,15,162.04,198.11,16.43,8.08,-1,-1,-1,-1
961,16,296.86,184.85,19.55,5.63,-1,-1,-1,-1
981,17,450.74,171.47,16.10,11.16,-1,-1,-1,-1
1001,18,548.30,202.21,14.98,10.62,-1,-1,-1,-1
1021,18,567.35,240.17,15.03,6.97,-1,-1,-1,-1
1041,18,572.85,282.40,15.16,5.89,-1,-1,-1,-1
1061,18,558.64,293.30,14.72,6.84,-1,-1,-1,-1
1081,18,506.44,296.52,14.90,6.37,-1,-1,-1,-1
1101,18,428.50,300.02,15.39,5.74,-1,-1,-1,-1
1081,19,631.29,216.65,9.20,5.68,-1,-1,-1,-1
1121,20,331.25,303.99,20.87,4.55,-1,-1,-1,-1
1141,20,254.38,281.17,16.92,5.68,-1,-1,-1,-1
1161,21,171.96,232.66,18.13,6.73,-1,-1,-1,-1
1181,22,79.72,192.54,18.60,13.37,-1,-1,-1,-1
1201,22,71.21,165.85,20.05,13.68,-1,-1,-1,-1
1221,23,177.00,129.23,26.98,10.62,-1,-1,-1,-1
1241,24,340.02,92.10,29.24,16.20,-1,-1,-1,-1
1261,25,470.74,97.56,26.50,15.05,-1,-1,-1,-1
1281,25,528.54,124.09,21.66,15.03,-1,-1,-1,-1
1301,25,499.09,152.58,21.33,11.91,-1,-1,-1,-1
1341,26,366.56,209.92,17.67,9.31,-1,-1,-1,-1
1361,26,340.22,237.82,15.19,6.21,-1,-1,-1,-1
1381,26,337.67,252.38,12.59,7.53,-1,-1,-1,-1
1401,26,392.36,256.75,13.83,4.91,-1,-1,-1,-1
1421,26,440.94,253.24,12.95,5.97,-1,-1,-1,-1
1441,26,471.53,234.91,14.13,4.95,-1,-1,-1,-1
1461,26,497.80,204.52,15.60,10.94,-1,-1,-1,-1
1481,26,478.92,180.37,16.44,12.12,-1,-1,-1,-1
1501,26,410.33,183.16,19.52,13.92,-1,-1,-1,-1
1521,26,383.50,248.88,19.06,10.16,-1,-1,-1,-1
1541,26,378.86,261.26,18.17,7.97,-1,-1,-1,-1
1561,26,372.96,231.07,16.33,6.56,-1,-1,-1,-1
1581,26,369.70,178.62,17.39,7.95,-1,-1,-1,-1
1601,26,366.33,141.62,16.72,11.22,-1,-1,-1,-1
1621,26,315.65,141.82,18.82,11.67,-1,-1,-1,-1
1641,27,217.47,148.58,18.32,11.05,-1,-1,-1,-1
1661,27,162.23,190.80,17.12,9.47,-1,-1,-1,-1
1681,27,147.80,260.54,16.18,7.97,-1,-1,-1,-1
1701,27,151.49,300.61,17.59,7.83,-1,-1,-1,-1
1721,27,193.69,298.61,18.74,5.42,-1,-1,-1,-1
1741,27,243.64,295.36,18.73,5.74,-1,-1,-1,-1
1761,27,305.68,291.59,19.80,6.53,-1,-1,-1,-1
1781,27,389.37,288.10,19.56,5.77,-1,-1,-1,-1
1741,28,406.33,225.00,5.70,4.59,-1,-1,-1,-1
1761,29,497.57,171.98,5.67,3.95,-1,-1,-1,-1
1781,30,630.50,107.96,11.38,5.30,-1,-1,-1,-1
1801,31,474.43,281.34,17.04,9.70,-1,-1,-1,-1
1821,31,491.14,236.68,17.50,8.79,-1,-1,-1,-1
1841,31,487.68,184.06,16.09,11.91,-1,-1,-1,-1
1861,31,438.24,182.14,17.07,13.43,-1,-1,-1,-1
1881,32,291.53,192.85,22.76,9.19,-1,-1,-1,-1
1901,33,174.45,202.59,16.72,10.55,-1,-1,-1,-1
1921,33,150.15,185.49,17.99,7.85,-1,-1,-1,-1
1941,33,150.15,139.23,18.31,8.17,-1,-1,-1,-1
1961,33,173.76,123.75,14.57,9.67,-1,-1,-1,-1
1981,33,267.58,116.16,19.00,6.39,-1,-1,-1,-1
2001,34,389.53,101.36,18.12,13.71,-1,-1,-1,-1
2021,34,445.56,112.39,17.65,11.27,-1,-1,-1,-1
2041,34,459.07,166.50,17.63,9.44,-1,-1,-1,-1
2061,34,456.35,216.96,18.69,8.87,-1,-1,-1,-1
2081,34,418.76,219.29,19.12,8.29,-1,-1,-1,-1
2101,34,359.78,223.00,20.42,7.35,-1,-1,-1,-1
2121,34,308.43,222.28,17.95,7.49,-1,-1,-1,-1
2141,34,305.92,190.79,18.28,7.15,-1,-1,-1,-1
2161,34,278.70,188.76,19.16,11.44,-1,-1,-1,-1
2166,34,262.24,189.93,18.81,10.76,-1,-1,-1,-1
