1,32,283.193359375,215.63174438476562,4.99981689453125,2.9926605224609375,1,-1,-1,-1
21,32,284.44146728515625,193.9638214111328,6.34967041015625,5.9652252197265625,1,-1,-1,-1
41,32,283.09912109375,187.22804260253906,6.08251953125,3.8897552490234375,1,-1,-1,-1
61,32,273.5020751953125,176.03697204589844,8.50372314453125,3.248626708984375,1,-1,-1,-1
81,32,260.6843566894531,159.788818359375,5.9227294921875,3.3141632080078125,1,-1,-1,-1
101,32,240.0918731689453,144.76242065429688,6.703948974609375,5.0579833984375,1,-1,-1,-1
121,33,462.5589599609375,178.6464080810547,5.35662841796875,4.078582763671875,1,-1,-1,-1
121,32,204.8431396484375,138.15045166015625,8.429641723632812,4.537109375,1,-1,-1,-1
141,33,464.67431640625,178.19036865234375,5.87774658203125,4.4785614013671875,1,-1,-1,-1
141,32,163.214111328125,135.6354217529297,7.89031982421875,5.4383544921875,1,-1,-1,-1
161,33,464.5326232910156,178.7006378173828,4.895721435546875,3.8155517578125,1,-1,-1,-1
161,32,116.13423156738281,139.02210998535156,8.350448608398438,4.713714599609375,1,-1,-1,-1
181,33,463.755615234375,178.74920654296875,6.132049560546875,3.6965179443359375,1,-1,-1,-1
181,32,81.38739776611328,143.88877868652344,7.003326416015625,4.201812744140625,1,-1,-1,-1
201,34,105.01902770996094,266.9795837402344,13.116645812988281,5.047515869140625,1,-1,-1,-1
201,33,463.04425048828125,175.20590209960938,4.707489013671875,3.06097412109375,1,-1,-1,-1
201,32,79.40280151367188,143.41659545898438,6.798988342285156,4.2204742431640625,1,-1,-1,-1
221,34,104.07088470458984,280.4253234863281,13.07550048828125,5.600616455078125,1,-1,-1,-1
221,33,458.35089111328125,167.5012664794922,7.6177978515625,3.8245086669921875,1,-1,-1,-1
221,32,110.34211730957031,132.1908721923828,8.256454467773438,4.2779998779296875,1,-1,-1,-1
241,34,106.91633605957031,262.91363525390625,12.599441528320312,5.919647216796875,1,-1,-1,-1
241,33,457.3397521972656,167.87472534179688,5.573333740234375,4.339019775390625,1,-1,-1,-1
241,32,169.71881103515625,110.41307067871094,8.77960205078125,5.2283935546875,1,-1,-1,-1
261,34,108.38863372802734,249.44308471679688,11.464691162109375,6.4083709716796875,1,-1,-1,-1
261,33,457.6553955078125,170.07626342773438,5.44464111328125,4.4300537109375,1,-1,-1,-1
261,32,231.30313110351562,85.16059875488281,8.36376953125,8.548561096191406,1,-1,-1,-1
281,34,107.27030944824219,250.3494110107422,12.81884765625,4.8593902587890625,1,-1,-1,-1
281,33,457.674072265625,171.52496337890625,6.25396728515625,4.034576416015625,1,-1,-1,-1
281,32,250.5140380859375,79.26030731201172,7.72698974609375,5.806282043457031,1,-1,-1,-1
301,34,119.95222473144531,245.48355102539062,12.031509399414062,5.763885498046875,1,-1,-1,-1
301,33,458.09600830078125,170.3095245361328,6.23077392578125,4.4901580810546875,1,-1,-1,-1
301,32,257.8992004394531,85.4790267944336,9.623199462890625,6.8800201416015625,1,-1,-1,-1
321,34,150.9396514892578,236.08847045898438,11.903121948242188,5.2322845458984375,1,-1,-1,-1
321,33,456.721923828125,170.38104248046875,6.6849365234375,4.02545166015625,1,-1,-1,-1
321,32,286.8080749511719,109.58818054199219,7.6988525390625,6.263946533203125,1,-1,-1,-1
341,34,181.91893005371094,226.0293426513672,11.068527221679688,8.028610229492188,1,-1,-1,-1
341,33,456.31787109375,170.19944763183594,6.196441650390625,3.5338897705078125,1,-1,-1,-1
341,32,320.9610595703125,142.10659790039062,5.6533203125,5.7917327880859375,1,-1,-1,-1
361,34,185.2178192138672,225.3432159423828,12.045089721679688,6.1720428466796875,1,-1,-1,-1
361,33,453.67303466796875,164.45034790039062,8.194091796875,5.459869384765625,1,-1,-1,-1
361,32,336.3150329589844,177.01504516601562,6.637420654296875,5.428192138671875,1,-1,-1,-1
381,34,179.77444458007812,225.73867797851562,12.107452392578125,6.828094482421875,1,-1,-1,-1
381,33,453.8961486816406,164.99703979492188,7.162933349609375,4.4988250732421875,1,-1,-1,-1
381,32,318.90234375,208.81809997558594,4.41351318359375,4.23956298828125,1,-1,-1,-1
401,34,170.19369506835938,229.6409149169922,12.788162231445312,5.787261962890625,1,-1,-1,-1
401,33,455.03118896484375,166.43017578125,5.58251953125,3.74749755859375,1,-1,-1,-1
401,32,279.71990966796875,238.7948760986328,5.252685546875,2.98150634765625,1,-1,-1,-1
421,34,168.42825317382812,229.31829833984375,11.860122680664062,6.0868072509765625,1,-1,-1,-1
421,33,461.4336853027344,186.59982299804688,6.316375732421875,4.13116455078125,1,-1,-1,-1
421,32,232.40728759765625,265.01446533203125,4.9430084228515625,2.787139892578125,1,-1,-1,-1
441,34,188.5342254638672,223.93148803710938,10.21728515625,5.3201751708984375,1,-1,-1,-1
441,33,466.2637634277344,208.27969360351562,7.118316650390625,4.4521636962890625,1,-1,-1,-1
441,32,196.7295684814453,285.0643310546875,4.732818603515625,2.475677490234375,1,-1,-1,-1
461,34,227.83653259277344,211.2965087890625,11.223983764648438,6.080841064453125,1,-1,-1,-1
461,33,468.70587158203125,226.29750061035156,7.924713134765625,4.5772247314453125,1,-1,-1,-1
461,32,181.74742126464844,293.76043701171875,4.8343963623046875,3.55645751953125,1,-1,-1,-1
481,34,291.3644104003906,190.52882385253906,11.112213134765625,7.6810302734375,1,-1,-1,-1
481,33,476.3885803222656,247.73558044433594,6.6976318359375,4.141326904296875,1,-1,-1,-1
481,32,178.17556762695312,294.8421630859375,4.918975830078125,4.1585693359375,1,-1,-1,-1
501,34,334.6058654785156,177.42877197265625,11.442779541015625,9.11602783203125,1,-1,-1,-1
501,33,481.8795166015625,268.56182861328125,8.216552734375,3.348541259765625,1,-1,-1,-1
501,32,181.83958435058594,292.9189758300781,4.8065948486328125,5.828460693359375,1,-1,-1,-1
521,34,344.4070739746094,174.81668090820312,10.826202392578125,8.3714599609375,1,-1,-1,-1
521,33,482.5048522949219,273.7940673828125,7.68890380859375,3.272247314453125,1,-1,-1,-1
521,32,203.65811157226562,295.9193115234375,5.746490478515625,3.9342041015625,1,-1,-1,-1
541,34,335.94195556640625,176.65438842773438,12.52862548828125,9.113922119140625,1,-1,-1,-1
541,33,484.91790771484375,277.493408203125,6.58868408203125,4.606414794921875,1,-1,-1,-1
541,32,236.0759735107422,304.0413818359375,4.264068603515625,3.335296630859375,1,-1,-1,-1
561,34,311.8902282714844,185.5794219970703,10.595733642578125,8.504928588867188,1,-1,-1,-1
561,33,489.0523681640625,292.42572021484375,7.97882080078125,4.45489501953125,1,-1,-1,-1
561,32,267.8056335449219,315.53399658203125,3.305999755859375,2.61346435546875,1,-1,-1,-1
581,34,269.9132080078125,196.812744140625,12.5546875,8.537063598632812,1,-1,-1,-1
581,33,494.13232421875,301.89984130859375,6.88818359375,3.96160888671875,1,-1,-1,-1
581,32,284.32000732421875,322.4903259277344,4.042388916015625,3.2244873046875,1,-1,-1,-1
601,34,219.39144897460938,212.83078002929688,12.783111572265625,7.873931884765625,1,-1,-1,-1
601,33,492.42132568359375,301.64739990234375,7.08551025390625,4.73828125,1,-1,-1,-1
601,32,287.5299377441406,323.7133483886719,4.512847900390625,3.991058349609375,1,-1,-1,-1
621,34,163.870361328125,230.46026611328125,11.605682373046875,7.51104736328125,1,-1,-1,-1
621,33,483.5921630859375,278.0624694824219,8.17791748046875,3.6466064453125,1,-1,-1,-1
621,32,279.29388427734375,320.07269287109375,5.55682373046875,2.8792724609375,1,-1,-1,-1
641,34,115.19668579101562,246.0503387451172,11.4560546875,6.3385162353515625,1,-1,-1,-1
641,33,474.123291015625,240.29888916015625,6.99951171875,4.456756591796875,1,-1,-1,-1
641,32,268.0982360839844,312.8683166503906,3.761474609375,2.90704345703125,1,-1,-1,-1
661,34,99.59840393066406,251.7017059326172,12.387413024902344,5.1867828369140625,1,-1,-1,-1
661,33,468.82269287109375,220.40618896484375,6.492401123046875,3.987823486328125,1,-1,-1,-1
661,32,264.12127685546875,312.4103088378906,3.642242431640625,2.30401611328125,1,-1,-1,-1
681,34,94.15579986572266,253.57281494140625,11.878028869628906,5.46038818359375,1,-1,-1,-1
681,33,461.54052734375,201.69207763671875,6.4593505859375,3.940826416015625,1,-1,-1,-1
681,32,263.0782165527344,312.5946960449219,5.0018310546875,3.13055419921875,1,-1,-1,-1
701,34,93.34904479980469,253.57212829589844,11.883071899414062,5.3821868896484375,1,-1,-1,-1
701,33,456.2734375,184.5371551513672,6.7099609375,3.180633544921875,1,-1,-1,-1
701,32,263.8730163574219,313.23968505859375,3.94439697265625,3.52020263671875,1,-1,-1,-1
721,34,107.70651245117188,248.4501190185547,10.922042846679688,6.0632171630859375,1,-1,-1,-1
721,33,453.02606201171875,168.92291259765625,5.9256591796875,4.3893585205078125,1,-1,-1,-1
721,32,272.0868835449219,318.80224609375,3.86151123046875,3.265625,1,-1,-1,-1
741,34,142.8348388671875,236.2756805419922,12.43487548828125,7.076019287109375,1,-1,-1,-1
741,33,451.41204833984375,161.8591766357422,6.8026123046875,4.8849945068359375,1,-1,-1,-1
741,32,282.78662109375,324.88983154296875,4.269561767578125,4.064361572265625,1,-1,-1,-1
761,34,170.05715942382812,229.96287536621094,12.4622802734375,8.055694580078125,1,-1,-1,-1
761,33,450.7294921875,161.99205017089844,6.764739990234375,4.80914306640625,1,-1,-1,-1
761,32,283.2026672363281,329.3320007324219,4.056549072265625,3.7283935546875,1,-1,-1,-1
781,34,174.13963317871094,240.6810302734375,11.857833862304688,6.488494873046875,1,-1,-1,-1
781,33,442.112548828125,164.9404296875,5.451416015625,5.4233551025390625,1,-1,-1,-1
781,32,266.3170471191406,335.65887451171875,3.690093994140625,3.651153564453125,1,-1,-1,-1
801,34,172.27264404296875,231.38125610351562,11.54254150390625,6.0351409912109375,1,-1,-1,-1
801,33,414.0138244628906,175.68203735351562,4.543365478515625,3.910675048828125,1,-1,-1,-1
801,32,241.144775390625,342.5999450683594,4.48443603515625,3.226776123046875,1,-1,-1,-1
821,34,171.35977172851562,226.14805603027344,11.616592407226562,5.7889251708984375,1,-1,-1,-1
821,33,375.7214050292969,189.66029357910156,4.225921630859375,2.9717559814453125,1,-1,-1,-1
821,32,236.43614196777344,344.21649169921875,3.8083648681640625,2.518524169921875,1,-1,-1,-1
841,34,169.50503540039062,226.6295623779297,13.149993896484375,7.1096954345703125,1,-1,-1,-1
841,33,361.27679443359375,193.63742065429688,5.684417724609375,4.286895751953125,1,-1,-1,-1
841,32,252.07171630859375,339.94659423828125,2.733428955078125,2.48968505859375,1,-1,-1,-1
861,34,176.9593963623047,232.1600799560547,11.827926635742188,6.892974853515625,1,-1,-1,-1
861,33,359.966796875,193.71449279785156,6.290771484375,4.161895751953125,1,-1,-1,-1
861,32,284.11370849609375,332.0113220214844,2.98199462890625,2.699249267578125,1,-1,-1,-1
881,34,190.56655883789062,241.30300903320312,11.50360107421875,8.104812622070312,1,-1,-1,-1
881,33,357.328857421875,190.35028076171875,6.763397216796875,4.542205810546875,1,-1,-1,-1
881,32,311.38250732421875,324.8128967285156,3.002593994140625,3.00146484375,1,-1,-1,-1
901,34,208.47787475585938,255.2769317626953,10.260238647460938,5.5033721923828125,1,-1,-1,-1
901,33,351.99951171875,180.6655731201172,3.44793701171875,3.945556640625,1,-1,-1,-1
901,32,314.14166259765625,323.0916748046875,4.902191162109375,3.79962158203125,1,-1,-1,-1
921,34,218.86717224121094,263.154541015625,10.361663818359375,4.7559814453125,1,-1,-1,-1
921,33,337.3411865234375,167.35601806640625,5.758148193359375,2.6046905517578125,1,-1,-1,-1
921,32,313.8912353515625,324.0412902832031,4.59576416015625,2.94287109375,1,-1,-1,-1
941,34,224.3317413330078,261.9951171875,9.48883056640625,5.794921875,1,-1,-1,-1
941,33,321.03802490234375,145.8807830810547,7.502288818359375,5.2257537841796875,1,-1,-1,-1
941,32,313.1705322265625,322.6573791503906,5.998291015625,4.98089599609375,1,-1,-1,-1
961,34,258.3258361816406,252.63815307617188,9.383331298828125,6.21966552734375,1,-1,-1,-1
961,33,300.81048583984375,121.49181365966797,6.6927490234375,5.348388671875,1,-1,-1,-1
961,32,312.5888366699219,325.1097717285156,3.233978271484375,2.660552978515625,1,-1,-1,-1
981,34,322.6490783691406,232.55665588378906,8.437896728515625,8.492523193359375,1,-1,-1,-1
981,33,275.6226806640625,95.42181396484375,9.696044921875,6.7823638916015625,1,-1,-1,-1
981,32,312.284423828125,325.1744384765625,3.3212890625,2.779754638671875,1,-1,-1,-1
1001,34,357.12750244140625,223.32749938964844,9.779510498046875,7.2008514404296875,1,-1,-1,-1
1001,33,262.0699462890625,84.32504272460938,8.895599365234375,6.053741455078125,1,-1,-1,-1
1001,32,304.5474548339844,327.8648681640625,3.497314453125,3.53704833984375,1,-1,-1,-1
1021,34,358.9947204589844,222.81326293945312,10.1336669921875,7.1776885986328125,1,-1,-1,-1
1021,33,260.9084777832031,83.83380126953125,8.8704833984375,4.909942626953125,1,-1,-1,-1
1021,32,283.3926086425781,333.8345642089844,3.437957763671875,2.625396728515625,1,-1,-1,-1
1041,34,339.4551086425781,227.46348571777344,11.249603271484375,8.101348876953125,1,-1,-1,-1
1041,33,252.01844787597656,74.83265686035156,10.414810180664062,5.591087341308594,1,-1,-1,-1
1041,32,279.38604736328125,334.7857971191406,3.81488037109375,3.28546142578125,1,-1,-1,-1
1061,34,307.53118896484375,237.62652587890625,10.032989501953125,6.7878875732421875,1,-1,-1,-1
1061,33,240.55772399902344,60.762447357177734,9.855621337890625,6.996677398681641,1,-1,-1,-1
1061,32,279.7420959472656,336.2222595214844,3.723419189453125,2.843048095703125,1,-1,-1,-1
1081,34,264.7475891113281,250.04757690429688,10.98016357421875,6.652008056640625,1,-1,-1,-1
1081,33,232.65731811523438,49.56684112548828,10.152740478515625,9.191352844238281,1,-1,-1,-1
1081,32,280.51898193359375,336.5530700683594,4.31402587890625,3.395050048828125,1,-1,-1,-1
1101,34,221.13174438476562,262.62353515625,10.588455200195312,6.2816162109375,1,-1,-1,-1
1101,33,232.05331420898438,50.41263198852539,9.6680908203125,7.73333740234375,1,-1,-1,-1
1101,32,281.82440185546875,336.88653564453125,3.785369873046875,2.88037109375,1,-1,-1,-1
1121,34,192.99888610839844,272.021728515625,10.29876708984375,4.6998291015625,1,-1,-1,-1
1121,33,231.55824279785156,60.781673431396484,10.420654296875,7.167057037353516,1,-1,-1,-1
1121,32,281.6400451660156,336.5660400390625,4.319793701171875,3.09954833984375,1,-1,-1,-1
1141,34,188.48770141601562,273.41204833984375,11.480682373046875,5.2562255859375,1,-1,-1,-1
1141,33,230.0803985595703,75.89463806152344,11.244049072265625,6.552703857421875,1,-1,-1,-1
1141,32,281.23919677734375,337.2128601074219,3.168426513671875,2.59698486328125,1,-1,-1,-1
1161,34,190.40321350097656,272.6339416503906,10.916549682617188,5.064727783203125,1,-1,-1,-1
1161,33,229.40975952148438,89.8663330078125,11.040252685546875,7.9077911376953125,1,-1,-1,-1
1161,32,280.5168762207031,337.1151428222656,3.72503662109375,2.639678955078125,1,-1,-1,-1
1181,34,191.76840209960938,272.6888427734375,10.102340698242188,5.404449462890625,1,-1,-1,-1
1181,33,229.48342895507812,103.2986068725586,11.155242919921875,7.251945495605469,1,-1,-1,-1
1181,32,280.4811096191406,337.0334777832031,3.340576171875,2.59210205078125,1,-1,-1,-1
1201,34,191.27215576171875,272.6382751464844,9.840850830078125,5.62335205078125,1,-1,-1,-1
1201,33,231.5772705078125,104.3161392211914,10.7572021484375,6.174964904785156,1,-1,-1,-1
1201,32,280.39208984375,337.3420104980469,3.278533935546875,2.061767578125,1,-1,-1,-1
1221,34,181.43832397460938,274.3553161621094,11.234588623046875,5.906585693359375,1,-1,-1,-1
1221,33,238.8861083984375,100.20020294189453,10.696334838867188,6.856819152832031,1,-1,-1,-1
1221,32,280.5129699707031,336.637451171875,4.297821044921875,3.2431640625,1,-1,-1,-1
1241,34,167.2672119140625,280.237548828125,9.876861572265625,4.5721435546875,1,-1,-1,-1
1241,33,254.72344970703125,94.0044937133789,10.765960693359375,7.0330963134765625,1,-1,-1,-1
1241,32,280.2667236328125,336.052734375,5.207244873046875,4.08587646484375,1,-1,-1,-1
1261,34,162.44424438476562,281.03973388671875,10.366104125976562,4.780731201171875,1,-1,-1,-1
1261,33,276.2722473144531,84.57191467285156,10.680389404296875,6.7666168212890625,1,-1,-1,-1
1261,32,279.391357421875,336.35595703125,4.557586669921875,3.55072021484375,1,-1,-1,-1
1281,34,169.80233764648438,279.3299255371094,9.24346923828125,4.396087646484375,1,-1,-1,-1
1281,33,301.8359069824219,74.43115997314453,11.327667236328125,6.953727722167969,1,-1,-1,-1
1281,32,281.7015686035156,338.4921569824219,4.76654052734375,4.421112060546875,1,-1,-1,-1
1301,34,195.67745971679688,271.6715087890625,10.48529052734375,5.050506591796875,1,-1,-1,-1
1301,33,330.946044921875,60.83244705200195,11.1307373046875,8.608882904052734,1,-1,-1,-1
1301,32,287.64874267578125,343.28765869140625,4.849578857421875,3.87255859375,1,-1,-1,-1
1321,34,240.90859985351562,258.8387145996094,10.037765502929688,4.822021484375,1,-1,-1,-1
1321,33,360.81866455078125,48.160400390625,12.30804443359375,9.452930450439453,1,-1,-1,-1
1321,32,289.25531005859375,344.0072021484375,4.184356689453125,3.310302734375,1,-1,-1,-1
1341,34,280.3968505859375,245.48072814941406,10.41143798828125,7.521942138671875,1,-1,-1,-1
1341,33,389.7195739746094,35.21463394165039,12.19085693359375,8.613731384277344,1,-1,-1,-1
1341,32,284.9217529296875,341.2965087890625,4.339752197265625,3.64166259765625,1,-1,-1,-1
1361,34,288.42388916015625,242.67567443847656,10.324432373046875,7.2342376708984375,1,-1,-1,-1
1361,33,416.79144287109375,24.15386390686035,10.8883056640625,9.063333511352539,1,-1,-1,-1
1361,32,274.34124755859375,336.289794921875,5.271148681640625,4.496551513671875,1,-1,-1,-1
1381,34,282.5764465332031,244.09552001953125,10.677398681640625,7.562164306640625,1,-1,-1,-1
1381,33,440.3887939453125,14.091768264770508,10.47003173828125,10.075963973999023,1,-1,-1,-1
1381,32,259.9112548828125,328.1690368652344,3.41766357421875,2.95892333984375,1,-1,-1,-1
1401,34,263.08880615234375,250.868408203125,9.7540283203125,6.647674560546875,1,-1,-1,-1
1401,33,448.2373046875,11.984127044677734,11.445556640625,9.392545700073242,1,-1,-1,-1
1401,32,253.61940002441406,325.6120300292969,3.4233856201171875,3.400421142578125,1,-1,-1,-1
1421,34,234.2686767578125,259.35321044921875,10.650787353515625,5.962310791015625,1,-1,-1,-1
1421,33,454.13226318359375,32.51803970336914,11.40130615234375,9.304576873779297,1,-1,-1,-1
1421,32,250.9782257080078,326.3343200683594,3.6580963134765625,2.35430908203125,1,-1,-1,-1
1441,34,201.47555541992188,269.3329162597656,10.1143798828125,4.91790771484375,1,-1,-1,-1
1441,33,457.5509948730469,48.39061737060547,12.955108642578125,8.16982650756836,1,-1,-1,-1
1441,32,243.57611083984375,327.3449401855469,5.6707305908203125,4.352783203125,1,-1,-1,-1
1461,34,184.59860229492188,273.8804931640625,10.82733154296875,4.92919921875,1,-1,-1,-1
1461,33,457.7364501953125,48.35737609863281,12.758392333984375,10.188690185546875,1,-1,-1,-1
1461,32,241.82998657226562,328.2438049316406,4.26654052734375,2.51141357421875,1,-1,-1,-1
1481,34,184.2998504638672,274.9034118652344,10.654861450195312,4.604522705078125,1,-1,-1,-1
1481,33,459.7279357910156,56.14228057861328,12.204071044921875,9.473724365234375,1,-1,-1,-1
1481,32,240.57864379882812,328.0220947265625,5.756011962890625,3.379150390625,1,-1,-1,-1
1501,34,188.91387939453125,273.6571960449219,10.23638916015625,4.779144287109375,1,-1,-1,-1
1501,33,465.7204895019531,75.30863189697266,12.1783447265625,9.273857116699219,1,-1,-1,-1
1501,32,239.79141235351562,328.2722473144531,3.6769866943359375,2.583282470703125,1,-1,-1,-1
1521,34,204.20660400390625,268.340087890625,10.51239013671875,5.06451416015625,1,-1,-1,-1
1521,33,475.4943542480469,101.137939453125,10.549163818359375,8.165458679199219,1,-1,-1,-1
1521,32,239.2213592529297,327.2313537597656,3.8250732421875,2.86199951171875,1,-1,-1,-1
1541,34,241.3150177001953,257.5528259277344,10.50030517578125,5.681365966796875,1,-1,-1,-1
1541,33,484.6319274902344,129.1167449951172,10.078277587890625,6.342559814453125,1,-1,-1,-1
1541,32,252.11795043945312,323.29901123046875,3.4897308349609375,2.5980224609375,1,-1,-1,-1
1561,34,288.5257568359375,243.7578887939453,9.197265625,7.830810546875,1,-1,-1,-1
1561,33,495.6316833496094,156.47657775878906,7.82965087890625,5.480316162109375,1,-1,-1,-1
1561,32,274.6706237792969,314.1395263671875,6.359283447265625,3.931732177734375,1,-1,-1,-1
1581,34,300.8733215332031,240.462158203125,10.138916015625,6.00274658203125,1,-1,-1,-1
1581,33,504.84539794921875,180.6358184814453,7.115020751953125,5.2414093017578125,1,-1,-1,-1
1581,32,285.453857421875,311.3654479980469,4.563995361328125,2.5069580078125,1,-1,-1,-1
1601,34,295.6603698730469,240.92965698242188,9.077728271484375,7.6750640869140625,1,-1,-1,-1
1601,33,506.36419677734375,187.98802185058594,7.71734619140625,4.4068450927734375,1,-1,-1,-1
1601,32,285.08428955078125,309.38232421875,3.687591552734375,3.503143310546875,1,-1,-1,-1
1621,34,272.0474853515625,248.5922393798828,9.841583251953125,6.0347137451171875,1,-1,-1,-1
1621,33,506.4667053222656,189.5880126953125,8.685516357421875,5.2603912353515625,1,-1,-1,-1
1621,32,274.81365966796875,312.3600769042969,3.9755859375,2.7611083984375,1,-1,-1,-1
1641,34,255.40118408203125,253.99630737304688,10.283905029296875,5.08856201171875,1,-1,-1,-1
1641,33,506.6630554199219,191.22775268554688,8.860626220703125,5.43792724609375,1,-1,-1,-1
1641,32,278.98779296875,311.47613525390625,3.65020751953125,2.976318359375,1,-1,-1,-1
1661,34,255.80245971679688,254.00326538085938,10.264739990234375,4.97906494140625,1,-1,-1,-1
1661,33,508.544921875,199.51751708984375,7.1507568359375,4.078369140625,1,-1,-1,-1
1661,32,298.241943359375,305.0890197753906,4.5635986328125,4.56903076171875,1,-1,-1,-1
1681,34,273.6914367675781,248.10183715820312,9.267974853515625,5.69195556640625,1,-1,-1,-1
1681,33,511.9638671875,208.65438842773438,8.04498291015625,4.072235107421875,1,-1,-1,-1
1681,32,320.8667297363281,298.6452331542969,4.433990478515625,4.405303955078125,1,-1,-1,-1
1701,34,304.2850646972656,239.346923828125,11.837615966796875,5.2211151123046875,1,-1,-1,-1
1701,33,514.7335205078125,216.31329345703125,8.2490234375,5.41680908203125,1,-1,-1,-1
1701,32,327.94610595703125,297.662109375,3.381256103515625,3.12896728515625,1,-1,-1,-1
1721,34,344.5501403808594,225.31797790527344,9.933013916015625,7.979766845703125,1,-1,-1,-1
1721,33,516.3326416015625,220.8957061767578,6.38006591796875,3.925506591796875,1,-1,-1,-1
1721,32,326.3145446777344,297.4044189453125,6.393035888671875,4.20404052734375,1,-1,-1,-1
1741,34,362.070068359375,220.672119140625,10.46356201171875,6.51153564453125,1,-1,-1,-1
1741,33,520.7755126953125,236.15745544433594,6.81707763671875,4.8634185791015625,1,-1,-1,-1
1741,32,324.81890869140625,285.1403503417969,5.528717041015625,3.8843994140625,1,-1,-1,-1
1761,34,357.0233459472656,220.44644165039062,9.922882080078125,8.03173828125,1,-1,-1,-1
1761,33,524.29736328125,248.0501251220703,7.37518310546875,4.1763153076171875,1,-1,-1,-1
1761,32,323.3050231933594,276.6693115234375,3.3218994140625,3.11126708984375,1,-1,-1,-1
1781,34,334.4400329589844,228.70814514160156,9.579864501953125,6.73187255859375,1,-1,-1,-1
1781,33,525.2305908203125,250.7340545654297,7.99462890625,4.154632568359375,1,-1,-1,-1
1781,32,322.6751708984375,276.45977783203125,4.40667724609375,2.2813720703125,1,-1,-1,-1
1801,34,298.115478515625,238.9552764892578,9.8720703125,6.5019683837890625,1,-1,-1,-1
1801,33,521.384033203125,252.1151123046875,6.87103271484375,5.683380126953125,1,-1,-1,-1
1801,32,324.05889892578125,264.303466796875,2.38909912109375,2.827667236328125,1,-1,-1,-1
1821,34,258.4879150390625,251.48773193359375,10.322540283203125,5.5582275390625,1,-1,-1,-1
1821,33,510.9673767089844,254.9604034423828,7.410491943359375,4.8811187744140625,1,-1,-1,-1
1821,32,321.84716796875,256.060302734375,4.1729736328125,2.684967041015625,1,-1,-1,-1
1841,34,221.238525390625,262.15509033203125,10.718490600585938,5.505157470703125,1,-1,-1,-1
1841,33,495.4552001953125,259.99310302734375,5.067138671875,4.953582763671875,1,-1,-1,-1
1841,32,319.63458251953125,256.892578125,4.00299072265625,3.3153076171875,1,-1,-1,-1
1861,34,199.06959533691406,268.4051513671875,9.175186157226562,5.484649658203125,1,-1,-1,-1
1861,33,468.9966125488281,267.4545593261719,6.51031494140625,4.35955810546875,1,-1,-1,-1
1861,32,299.9834899902344,261.9497985839844,2.5416259765625,2.543701171875,1,-1,-1,-1
1881,34,196.59890747070312,269.0289001464844,10.446517944335938,5.469085693359375,1,-1,-1,-1
1881,33,443.54412841796875,275.3440246582031,7.692108154296875,3.549224853515625,1,-1,-1,-1
1881,32,264.9248352050781,272.45184326171875,3.24359130859375,2.791839599609375,1,-1,-1,-1
1901,34,211.62094116210938,264.4033203125,10.65631103515625,5.20172119140625,1,-1,-1,-1
1901,33,436.42938232421875,276.646240234375,7.6910400390625,3.071868896484375,1,-1,-1,-1
1901,32,211.62075805664062,264.4034118652344,10.656463623046875,5.20172119140625,1,-1,-1,-1
1921,34,224.94454956054688,259.6168212890625,10.826766967773438,6.89581298828125,1,-1,-1,-1
1921,33,431.5999755859375,272.54315185546875,7.071441650390625,4.3145751953125,1,-1,-1,-1
1921,32,224.94451904296875,259.6168212890625,10.826751708984375,6.89581298828125,1,-1,-1,-1
1941,34,225.9799041748047,259.7879638671875,10.299301147460938,5.8060302734375,1,-1,-1,-1
1941,33,424.77978515625,267.1890563964844,8.834381103515625,3.886627197265625,1,-1,-1,-1
1941,32,225.9799041748047,259.7879638671875,10.299301147460938,5.8060302734375,1,-1,-1,-1
1961,34,225.3981170654297,260.376953125,9.962966918945312,5.49505615234375,1,-1,-1,-1
1961,33,417.8396911621094,259.73614501953125,8.162689208984375,4.208251953125,1,-1,-1,-1
1961,32,225.3981170654297,260.376953125,9.962966918945312,5.495086669921875,1,-1,-1,-1
1981,34,221.3535919189453,261.03741455078125,10.620452880859375,6.47369384765625,1,-1,-1,-1
1981,33,408.4710998535156,250.89352416992188,8.06695556640625,3.839080810546875,1,-1,-1,-1
1981,32,221.35362243652344,261.0374450683594,10.620468139648438,6.47369384765625,1,-1,-1,-1
2001,34,212.39715576171875,263.77801513671875,10.1478271484375,5.947052001953125,1,-1,-1,-1
2001,33,399.41839599609375,240.9749298095703,7.85516357421875,3.6336517333984375,1,-1,-1,-1
2001,32,212.39715576171875,263.77801513671875,10.1478271484375,5.947052001953125,1,-1,-1,-1
2021,34,207.91075134277344,265.4000549316406,10.082626342773438,5.632049560546875,1,-1,-1,-1
2021,33,391.1135559082031,230.42218017578125,8.51531982421875,5.3751068115234375,1,-1,-1,-1
2021,32,207.91075134277344,265.4000549316406,10.082626342773438,5.632049560546875,1,-1,-1,-1
2041,34,199.0113983154297,267.54595947265625,10.749435424804688,5.872833251953125,1,-1,-1,-1
2041,33,382.8533630371094,221.31234741210938,8.60565185546875,4.876556396484375,1,-1,-1,-1
2041,32,199.0113983154297,267.54595947265625,10.749435424804688,5.872833251953125,1,-1,-1,-1
2061,34,180.21852111816406,272.23590087890625,12.2962646484375,5.35107421875,1,-1,-1,-1
2061,33,374.0225524902344,210.80813598632812,9.187255859375,5.5471038818359375,1,-1,-1,-1
2061,32,180.21853637695312,272.23590087890625,12.2962646484375,5.35107421875,1,-1,-1,-1
2081,34,180.1795196533203,273.6833801269531,9.798126220703125,4.98870849609375,1,-1,-1,-1
2081,33,365.8138427734375,201.91387939453125,9.88995361328125,5.9737396240234375,1,-1,-1,-1
2081,32,180.1795196533203,273.6833801269531,9.798126220703125,4.98870849609375,1,-1,-1,-1
2101,34,207.9071044921875,263.9859619140625,9.856491088867188,7.8516845703125,1,-1,-1,-1
2101,33,360.84588623046875,195.7010498046875,10.021728515625,6.233489990234375,1,-1,-1,-1
2101,32,207.9071044921875,263.9859619140625,9.856491088867188,7.8516845703125,1,-1,-1,-1
2121,34,217.6793212890625,249.30966186523438,10.6759033203125,5.8594818115234375,1,-1,-1,-1
2121,33,363.6323547363281,196.22669982910156,9.292449951171875,5.6791534423828125,1,-1,-1,-1
2121,32,217.6793212890625,249.30966186523438,10.6759033203125,5.8594818115234375,1,-1,-1,-1
2141,34,217.34872436523438,231.4181671142578,10.285919189453125,5.4133758544921875,1,-1,-1,-1
2141,33,375.2020568847656,192.22488403320312,9.631439208984375,5.360260009765625,1,-1,-1,-1
2141,32,217.34872436523438,231.4181671142578,10.285919189453125,5.4133758544921875,1,-1,-1,-1
2161,34,216.8384552001953,223.54727172851562,9.097900390625,5.8636474609375,1,-1,-1,-1
2161,33,406.2615966796875,181.24595642089844,11.8096923828125,5.4697418212890625,1,-1,-1,-1
2161,32,216.8384552001953,223.54727172851562,9.097900390625,5.8636474609375,1,-1,-1,-1
2181,34,217.511962890625,223.7309112548828,9.47235107421875,4.6763916015625,1,-1,-1,-1
2181,33,453.45367431640625,164.32313537597656,10.517333984375,5.299713134765625,1,-1,-1,-1
2181,32,217.511962890625,223.7309112548828,9.47235107421875,4.6763916015625,1,-1,-1,-1
2201,34,227.85968017578125,219.7322540283203,10.2271728515625,4.680084228515625,1,-1,-1,-1
2201,33,512.2361450195312,143.3585968017578,11.1187744140625,6.1988525390625,1,-1,-1,-1
2201,32,227.85968017578125,219.7322540283203,10.2271728515625,4.680084228515625,1,-1,-1,-1
2221,34,258.0257263183594,210.5906219482422,9.937469482421875,4.9541015625,1,-1,-1,-1
2221,33,560.5652465820312,125.2273941040039,11.09576416015625,8.532539367675781,1,-1,-1,-1
2221,32,258.0257263183594,210.5906219482422,9.937469482421875,4.9541015625,1,-1,-1,-1
