1,53,312.24493408203125,257.5652160644531,6.0460205078125,3.2119140625,1,-1,-1,-1
21,53,311.5706787109375,253.80880737304688,4.784576416015625,3.962371826171875,1,-1,-1,-1
41,53,311.29315185546875,245.89584350585938,4.599151611328125,4.249176025390625,1,-1,-1,-1
61,53,311.1626892089844,237.2095184326172,4.630401611328125,3.40618896484375,1,-1,-1,-1
81,53,310.90966796875,229.7882843017578,4.86260986328125,3.7121734619140625,1,-1,-1,-1
101,53,311.2478332519531,229.13101196289062,5.234710693359375,3.0581817626953125,1,-1,-1,-1
121,53,310.3409118652344,229.25479125976562,5.487213134765625,3.03369140625,1,-1,-1,-1
141,53,310.8381652832031,229.22108459472656,4.886993408203125,3.17462158203125,1,-1,-1,-1
161,53,310.40191650390625,229.28428649902344,5.283966064453125,3.0687408447265625,1,-1,-1,-1
181,53,310.0069274902344,229.18527221679688,5.106781005859375,3.2454833984375,1,-1,-1,-1
201,53,309.55511474609375,229.24325561523438,4.31231689453125,3.2016143798828125,1,-1,-1,-1
221,53,303.22796630859375,229.5933837890625,3.63531494140625,3.75616455078125,1,-1,-1,-1
241,53,284.4991149902344,230.51455688476562,5.6375732421875,3.6184539794921875,1,-1,-1,-1
261,53,258.6889343261719,231.76268005371094,5.03424072265625,3.773468017578125,1,-1,-1,-1
281,53,232.40005493164062,233.64280700683594,3.8941650390625,3.944732666015625,1,-1,-1,-1
301,53,223.57969665527344,234.3712158203125,4.9651336669921875,3.601531982421875,1,-1,-1,-1
321,53,230.19900512695312,233.298583984375,5.22515869140625,4.7037811279296875,1,-1,-1,-1
341,53,253.61526489257812,233.10789489746094,4.19158935546875,3.1995086669921875,1,-1,-1,-1
361,53,288.3376770019531,230.9957733154297,4.515289306640625,3.4208221435546875,1,-1,-1,-1
381,53,328.69171142578125,228.06201171875,6.168212890625,3.91168212890625,1,-1,-1,-1
401,53,370.5341796875,225.72857666015625,5.971893310546875,4.6095733642578125,1,-1,-1,-1
421,53,397.50225830078125,224.9965057373047,3.9212646484375,3.620758056640625,1,-1,-1,-1
441,54,313.0880432128906,289.24359130859375,4.787384033203125,3.671417236328125,1,-1,-1,-1
441,53,418.3569641113281,223.31268310546875,5.79559326171875,3.1842193603515625,1,-1,-1,-1
461,54,311.81048583984375,264.6214904785156,3.885467529296875,3.061309814453125,1,-1,-1,-1
461,53,438.04779052734375,222.44589233398438,4.738922119140625,4.4565887451171875,1,-1,-1,-1
481,54,312.2509765625,241.94972229003906,6.227264404296875,4.321014404296875,1,-1,-1,-1
481,53,447.8861999511719,235.63217163085938,4.876922607421875,3.643341064453125,1,-1,-1,-1
501,54,314.9669189453125,235.288818359375,3.992401123046875,3.04296875,1,-1,-1,-1
501,53,449.64532470703125,247.54078674316406,4.5216064453125,2.889068603515625,1,-1,-1,-1
521,54,333.93450927734375,233.55616760253906,5.3804931640625,3.4913787841796875,1,-1,-1,-1
521,53,449.45013427734375,248.03515625,4.83660888671875,3.6497344970703125,1,-1,-1,-1
541,54,344.7023010253906,226.8837890625,3.939117431640625,3.877532958984375,1,-1,-1,-1
541,53,453.32611083984375,263.6849365234375,5.22705078125,4.089202880859375,1,-1,-1,-1
561,54,343.57000732421875,216.1857452392578,5.12628173828125,3.66497802734375,1,-1,-1,-1
561,53,455.3718566894531,269.9197692871094,4.573516845703125,3.920867919921875,1,-1,-1,-1
581,54,346.443603515625,208.19635009765625,4.5648193359375,4.861785888671875,1,-1,-1,-1
581,53,447.09539794921875,271.04156494140625,4.2210693359375,3.3671875,1,-1,-1,-1
601,54,347.7154541015625,200.0716094970703,3.50738525390625,3.3549957275390625,1,-1,-1,-1
601,53,427.1492004394531,272.1734924316406,3.86871337890625,3.385345458984375,1,-1,-1,-1
621,54,347.95465087890625,203.7593231201172,3.611358642578125,3.735321044921875,1,-1,-1,-1
621,53,396.6101379394531,273.4964294433594,4.25445556640625,4.11236572265625,1,-1,-1,-1
641,54,345.7203369140625,217.3272247314453,4.724273681640625,4.6759796142578125,1,-1,-1,-1
641,53,359.808837890625,276.1636962890625,5.03961181640625,3.725311279296875,1,-1,-1,-1
661,54,343.3531494140625,221.25765991210938,4.29925537109375,3.136505126953125,1,-1,-1,-1
661,53,319.5422058105469,278.9998779296875,5.468292236328125,3.935272216796875,1,-1,-1,-1
681,54,341.0523681640625,210.98594665527344,5.756744384765625,2.8981170654296875,1,-1,-1,-1
681,53,280.374267578125,280.4596252441406,5.09002685546875,4.910247802734375,1,-1,-1,-1
701,54,343.4884948730469,215.75416564941406,4.064178466796875,3.580169677734375,1,-1,-1,-1
701,53,267.82476806640625,268.9989318847656,5.16802978515625,3.482452392578125,1,-1,-1,-1
721,54,345.8101806640625,231.88050842285156,5.28973388671875,4.2657928466796875,1,-1,-1,-1
721,53,265.76190185546875,236.17579650878906,4.732940673828125,3.2867584228515625,1,-1,-1,-1
741,54,339.55810546875,240.40054321289062,3.72186279296875,3.6622161865234375,1,-1,-1,-1
741,53,265.3870544433594,201.5450439453125,4.632720947265625,4.078765869140625,1,-1,-1,-1
761,54,313.617431640625,247.80477905273438,3.287261962890625,2.9764862060546875,1,-1,-1,-1
761,53,268.5257263183594,185.92735290527344,5.126373291015625,4.63250732421875,1,-1,-1,-1
781,54,291.1194763183594,261.87298583984375,4.274322509765625,4.05987548828125,1,-1,-1,-1
781,53,288.9145202636719,185.17169189453125,4.321319580078125,3.8654632568359375,1,-1,-1,-1
801,54,274.35528564453125,276.86822509765625,6.694366455078125,4.683929443359375,1,-1,-1,-1
801,53,331.3586120605469,184.19598388671875,3.237518310546875,2.568145751953125,1,-1,-1,-1
821,54,280.0804138183594,286.9874267578125,4.348541259765625,4.54193115234375,1,-1,-1,-1
821,53,375.9014587402344,179.9041748046875,3.443206787109375,4.1727142333984375,1,-1,-1,-1
841,54,306.7625732421875,224.29486083984375,8.8828125,6.0933380126953125,1,-1,-1,-1
841,53,392.5766296386719,179.618896484375,4.47357177734375,3.2733612060546875,1,-1,-1,-1
861,54,312.4317626953125,252.3112030029297,8.46160888671875,5.5811920166015625,1,-1,-1,-1
861,53,394.59710693359375,178.1560516357422,4.12384033203125,4.2439727783203125,1,-1,-1,-1
881,54,321.642333984375,306.11181640625,8.972320556640625,4.809234619140625,1,-1,-1,-1
881,53,394.61517333984375,177.5120086669922,4.668121337890625,3.933258056640625,1,-1,-1,-1
901,54,315.8912048339844,341.2769470214844,9.546661376953125,6.1678466796875,1,-1,-1,-1
901,53,394.25640869140625,177.8735809326172,3.925628662109375,3.88592529296875,1,-1,-1,-1
921,54,260.3017272949219,345.1781005859375,7.45391845703125,5.71905517578125,1,-1,-1,-1
921,53,393.54425048828125,176.9438934326172,4.389404296875,2.5831146240234375,1,-1,-1,-1
941,54,171.503173828125,346.7711486816406,8.1044921875,4.706451416015625,1,-1,-1,-1
941,53,393.82110595703125,165.70152282714844,4.819793701171875,4.222137451171875,1,-1,-1,-1
961,54,117.01956176757812,345.5872497558594,10.921966552734375,4.6282958984375,1,-1,-1,-1
961,53,397.4972229003906,145.09295654296875,4.42413330078125,4.6567230224609375,1,-1,-1,-1
981,54,121.17621612548828,308.0351867675781,9.408470153808594,4.23193359375,1,-1,-1,-1
981,53,399.20538330078125,130.24009704589844,4.97955322265625,4.845611572265625,1,-1,-1,-1
1001,54,129.2528076171875,280.8480224609375,9.22698974609375,4.287353515625,1,-1,-1,-1
1001,53,399.5323486328125,132.08346557617188,4.90997314453125,5.3959197998046875,1,-1,-1,-1
1021,54,132.20079040527344,266.0295715332031,10.127105712890625,7.276153564453125,1,-1,-1,-1
1021,53,396.71295166015625,148.9237060546875,4.97076416015625,4.5028076171875,1,-1,-1,-1
1041,54,135.4347381591797,270.88140869140625,9.231246948242188,6.345947265625,1,-1,-1,-1
1041,53,392.7336120605469,175.4660186767578,5.081573486328125,3.845977783203125,1,-1,-1,-1
1061,54,144.950927734375,295.9571838378906,10.073211669921875,6.86639404296875,1,-1,-1,-1
1061,53,388.2994079589844,207.33993530273438,3.059783935546875,2.7530059814453125,1,-1,-1,-1
1081,54,155.10885620117188,331.3509521484375,8.452239990234375,5.2982177734375,1,-1,-1,-1
1081,53,383.63385009765625,237.8876953125,3.67950439453125,2.596282958984375,1,-1,-1,-1
1101,54,380.36248779296875,251.6439208984375,9.7950439453125,7.8863525390625,1,-1,-1,-1
1101,53,380.41485595703125,251.67550659179688,9.7772216796875,7.831787109375,1,-1,-1,-1
1121,54,347.34869384765625,250.18426513671875,5.763641357421875,4.904022216796875,1,-1,-1,-1
1121,53,347.34869384765625,250.18426513671875,5.763641357421875,4.904022216796875,1,-1,-1,-1
1141,54,304.3241882324219,248.06431579589844,6.22119140625,5.7766571044921875,1,-1,-1,-1
1141,53,304.3241882324219,248.06431579589844,6.22119140625,5.7766571044921875,1,-1,-1,-1
1161,54,291.6468505859375,252.68775939941406,6.77801513671875,4.5595245361328125,1,-1,-1,-1
1161,53,291.6468505859375,252.68775939941406,6.77801513671875,4.5595245361328125,1,-1,-1,-1
1181,54,287.7521057128906,266.0399475097656,6.131988525390625,5.25836181640625,1,-1,-1,-1
1181,53,287.7521057128906,266.0399475097656,6.131988525390625,5.25836181640625,1,-1,-1,-1
1201,54,283.7635803222656,288.9222412109375,6.217254638671875,3.947509765625,1,-1,-1,-1
1201,53,283.7635803222656,288.9222412109375,6.217254638671875,3.947509765625,1,-1,-1,-1
1221,54,280.6062316894531,312.2845153808594,6.017608642578125,5.16943359375,1,-1,-1,-1
1221,53,280.6062316894531,312.2845153808594,6.017608642578125,5.16943359375,1,-1,-1,-1
1241,54,278.30322265625,336.8112487792969,5.237701416015625,3.74420166015625,1,-1,-1,-1
1241,53,278.30322265625,336.8112487792969,5.237701416015625,3.74420166015625,1,-1,-1,-1
1261,54,362.48468017578125,310.4759826660156,3.348907470703125,3.954010009765625,1,-1,-1,-1
1261,53,362.4847106933594,310.4759826660156,3.348846435546875,3.954010009765625,1,-1,-1,-1
1281,54,331.53729248046875,312.75335693359375,5.684722900390625,3.13916015625,1,-1,-1,-1
1281,53,331.53729248046875,312.75335693359375,5.684722900390625,3.13916015625,1,-1,-1,-1
1301,55,184.80795288085938,312.884521484375,6.376220703125,4.569000244140625,1,-1,-1,-1
1301,54,308.8221435546875,313.66864013671875,4.1202392578125,3.79058837890625,1,-1,-1,-1
1301,53,308.8221435546875,313.66864013671875,4.1202392578125,3.79058837890625,1,-1,-1,-1
1321,55,188.16015625,304.7853698730469,6.52850341796875,4.333740234375,1,-1,-1,-1
1321,54,304.6700439453125,314.81817626953125,2.957000732421875,3.359039306640625,1,-1,-1,-1
1321,53,304.6700439453125,314.81817626953125,2.95703125,3.359039306640625,1,-1,-1,-1
1341,55,187.60842895507812,290.1910095214844,5.152557373046875,3.57354736328125,1,-1,-1,-1
1341,54,308.2598876953125,315.2703552246094,3.450897216796875,2.585052490234375,1,-1,-1,-1
1341,53,308.2598876953125,315.2703552246094,3.450897216796875,2.585052490234375,1,-1,-1,-1
1361,55,184.34930419921875,261.9330139160156,7.12567138671875,6.2994384765625,1,-1,-1,-1
1361,54,320.75152587890625,314.3943176269531,2.9952392578125,3.159210205078125,1,-1,-1,-1
1361,53,320.75152587890625,314.3943176269531,2.9952392578125,3.159210205078125,1,-1,-1,-1
1381,55,187.92100524902344,246.54788208007812,5.83172607421875,5.3215484619140625,1,-1,-1,-1
1381,54,338.59136962890625,313.2983093261719,3.8548583984375,3.470367431640625,1,-1,-1,-1
1381,53,338.5914306640625,313.2983093261719,3.854827880859375,3.470367431640625,1,-1,-1,-1
1401,55,221.72256469726562,241.383056640625,6.54644775390625,6.2840576171875,1,-1,-1,-1
1401,54,361.8805236816406,312.2557067871094,4.4287109375,3.357818603515625,1,-1,-1,-1
1401,53,361.8805236816406,312.2557067871094,4.4287109375,3.357818603515625,1,-1,-1,-1
1421,55,237.91268920898438,241.44964599609375,6.79840087890625,5.86627197265625,1,-1,-1,-1
1421,54,387.4063720703125,311.49688720703125,2.91473388671875,2.744598388671875,1,-1,-1,-1
1421,53,387.4063720703125,311.49688720703125,2.91473388671875,2.744598388671875,1,-1,-1,-1
1441,55,227.4229278564453,236.2621307373047,5.390777587890625,4.3464202880859375,1,-1,-1,-1
1441,54,401.95941162109375,309.55810546875,3.949127197265625,4.19049072265625,1,-1,-1,-1
1441,53,401.95941162109375,309.55810546875,3.949127197265625,4.19049072265625,1,-1,-1,-1
1461,55,220.95208740234375,239.2339630126953,6.732635498046875,4.47882080078125,1,-1,-1,-1
1461,54,404.494384765625,309.7771301269531,4.37518310546875,3.2445068359375,1,-1,-1,-1
1461,53,404.494384765625,309.7771301269531,4.37518310546875,3.2445068359375,1,-1,-1,-1
1481,55,219.64324951171875,275.70208740234375,7.80963134765625,4.28729248046875,1,-1,-1,-1
1481,54,405.3463134765625,309.19720458984375,4.18988037109375,3.61981201171875,1,-1,-1,-1
1481,53,405.3463134765625,309.19720458984375,4.18988037109375,3.61981201171875,1,-1,-1,-1
1501,55,219.6743621826172,321.18670654296875,7.0838470458984375,5.135406494140625,1,-1,-1,-1
1501,54,414.6368408203125,309.1794128417969,4.258880615234375,2.31597900390625,1,-1,-1,-1
1501,53,414.6368408203125,309.1794128417969,4.258880615234375,2.31597900390625,1,-1,-1,-1
1521,55,218.10330200195312,336.54595947265625,8.489791870117188,5.313018798828125,1,-1,-1,-1
1521,54,433.84771728515625,308.5116882324219,2.988677978515625,2.39385986328125,1,-1,-1,-1
1521,53,433.84771728515625,308.5116882324219,2.988677978515625,2.39385986328125,1,-1,-1,-1
1541,55,220.37689208984375,317.7825927734375,8.026962280273438,5.111724853515625,1,-1,-1,-1
1541,54,458.7841796875,307.3929443359375,3.203887939453125,2.738250732421875,1,-1,-1,-1
1541,53,458.7841796875,307.3929443359375,3.203887939453125,2.738250732421875,1,-1,-1,-1
1561,55,222.12612915039062,318.36187744140625,8.797714233398438,5.541656494140625,1,-1,-1,-1
1561,54,475.8392333984375,305.4000549316406,5.35302734375,4.100738525390625,1,-1,-1,-1
1561,53,475.8392333984375,305.4000549316406,5.35302734375,4.100738525390625,1,-1,-1,-1
1581,55,224.30587768554688,335.3134765625,9.564208984375,5.52056884765625,1,-1,-1,-1
1581,54,480.7400817871094,305.9448547363281,3.856964111328125,3.09478759765625,1,-1,-1,-1
1581,53,480.7400817871094,305.9448547363281,3.856964111328125,3.09478759765625,1,-1,-1,-1
1601,55,383.8648986816406,303.52215576171875,5.078887939453125,3.8507080078125,1,-1,-1,-1
1601,54,487.19549560546875,305.3935241699219,3.59637451171875,3.428955078125,1,-1,-1,-1
1601,53,487.19549560546875,305.3935241699219,3.59637451171875,3.428955078125,1,-1,-1,-1
1621,55,385.8572692871094,294.1401062011719,6.09033203125,4.29058837890625,1,-1,-1,-1
1621,54,499.93878173828125,304.3685302734375,5.075439453125,3.215362548828125,1,-1,-1,-1
1621,53,499.93878173828125,304.3685302734375,5.075439453125,3.215362548828125,1,-1,-1,-1
1641,55,385.74334716796875,293.75921630859375,4.964111328125,4.236175537109375,1,-1,-1,-1
1641,54,518.2623901367188,303.63873291015625,4.441162109375,3.704925537109375,1,-1,-1,-1
1641,53,518.2623901367188,303.63873291015625,4.441162109375,3.704925537109375,1,-1,-1,-1
1661,55,361.7582702636719,296.3353576660156,2.665802001953125,2.4921875,1,-1,-1,-1
1661,54,524.852783203125,303.17694091796875,3.924560546875,2.97064208984375,1,-1,-1,-1
1661,53,524.852783203125,303.17694091796875,3.924560546875,2.97064208984375,1,-1,-1,-1
1681,55,312.5045471191406,296.4086608886719,4.893035888671875,3.425933837890625,1,-1,-1,-1
1681,54,520.5028076171875,302.73736572265625,3.7401123046875,4.002197265625,1,-1,-1,-1
1681,53,520.5028076171875,302.73736572265625,3.7401123046875,4.002197265625,1,-1,-1,-1
1701,55,259.36663818359375,296.0395812988281,7.09869384765625,4.588958740234375,1,-1,-1,-1
1701,54,503.5802917480469,303.7156677246094,3.566436767578125,3.32073974609375,1,-1,-1,-1
1701,53,503.5802917480469,303.7156677246094,3.566436767578125,3.32073974609375,1,-1,-1,-1
1721,55,246.81715393066406,297.90435791015625,5.9787750244140625,4.403656005859375,1,-1,-1,-1
1721,54,477.6283264160156,305.12030029296875,3.074188232421875,2.785858154296875,1,-1,-1,-1
1721,53,477.6283264160156,305.12030029296875,3.074188232421875,2.785858154296875,1,-1,-1,-1
1741,55,248.51303100585938,298.111083984375,6.358306884765625,4.95086669921875,1,-1,-1,-1
1741,54,443.7874755859375,306.3933410644531,4.495758056640625,3.684906005859375,1,-1,-1,-1
1741,53,443.7874755859375,306.3933410644531,4.495758056640625,3.684906005859375,1,-1,-1,-1
1761,55,261.2135925292969,298.4304504394531,5.4840087890625,4.228485107421875,1,-1,-1,-1
1761,54,407.89825439453125,308.62200927734375,3.16107177734375,2.90936279296875,1,-1,-1,-1
1761,53,407.89825439453125,308.62200927734375,3.16107177734375,2.90936279296875,1,-1,-1,-1
1781,55,264.0328369140625,298.34405517578125,7.03961181640625,5.0479736328125,1,-1,-1,-1
1781,54,385.2987365722656,309.6144104003906,3.82208251953125,3.4600830078125,1,-1,-1,-1
1781,53,385.2987365722656,309.6144104003906,3.82208251953125,3.4600830078125,1,-1,-1,-1
1801,55,264.8633117675781,307.3636779785156,5.9033203125,4.19964599609375,1,-1,-1,-1
1801,54,381.3952331542969,310.5240478515625,3.617462158203125,3.132293701171875,1,-1,-1,-1
1801,53,381.3952331542969,310.5240478515625,3.617462158203125,3.132293701171875,1,-1,-1,-1
1821,55,265.0140686035156,324.2984313964844,5.73663330078125,4.889434814453125,1,-1,-1,-1
1821,54,384.6172790527344,310.2004699707031,3.238372802734375,3.30364990234375,1,-1,-1,-1
1821,53,384.6172790527344,310.2004699707031,3.238372802734375,3.30364990234375,1,-1,-1,-1
1841,55,266.324951171875,345.68255615234375,5.211029052734375,4.07794189453125,1,-1,-1,-1
1841,54,398.6490173339844,309.4804382324219,3.408966064453125,3.159423828125,1,-1,-1,-1
1841,53,398.6490173339844,309.4804382324219,3.408966064453125,3.159423828125,1,-1,-1,-1
1861,55,263.878173828125,356.3075256347656,11.6824951171875,6.919281005859375,1,-1,-1,-1
1861,54,422.89483642578125,308.25274658203125,4.02862548828125,2.61822509765625,1,-1,-1,-1
1861,53,422.894775390625,308.25274658203125,4.028717041015625,2.61822509765625,1,-1,-1,-1
1881,55,171.96548461914062,282.19036865234375,7.6483917236328125,4.84967041015625,1,-1,-1,-1
1881,54,452.2464599609375,306.1092529296875,3.68280029296875,4.422637939453125,1,-1,-1,-1
1881,53,452.2464599609375,306.1092529296875,3.68280029296875,4.422637939453125,1,-1,-1,-1
1901,55,229.32260131835938,275.82757568359375,9.085311889648438,4.9801025390625,1,-1,-1,-1
1901,54,480.31365966796875,304.2023620605469,3.4229736328125,3.811920166015625,1,-1,-1,-1
1901,53,480.31365966796875,304.2023620605469,3.4229736328125,3.811920166015625,1,-1,-1,-1
1921,55,289.9844970703125,271.17889404296875,7.150665283203125,5.90045166015625,1,-1,-1,-1
1921,54,488.9102783203125,304.1499328613281,4.00439453125,3.131561279296875,1,-1,-1,-1
1921,53,488.9102783203125,304.1499328613281,4.00439453125,3.131561279296875,1,-1,-1,-1
1941,55,311.4232177734375,269.5373840332031,6.722564697265625,5.729522705078125,1,-1,-1,-1
1941,54,490.2025146484375,304.1394958496094,3.63433837890625,2.554595947265625,1,-1,-1,-1
1941,53,490.2024841308594,304.1394958496094,3.634429931640625,2.554595947265625,1,-1,-1,-1
1961,55,290.9532165527344,269.3354187011719,6.648406982421875,5.593841552734375,1,-1,-1,-1
1961,54,484.8017578125,303.7052917480469,3.149261474609375,2.93890380859375,1,-1,-1,-1
1961,53,484.8017578125,303.7052917480469,3.149261474609375,2.93890380859375,1,-1,-1,-1
1981,55,232.14242553710938,269.8832702636719,7.3252105712890625,5.28424072265625,1,-1,-1,-1
1981,54,470.5139465332031,304.49908447265625,3.934783935546875,3.325286865234375,1,-1,-1,-1
1981,53,470.5139465332031,304.49908447265625,3.934783935546875,3.325286865234375,1,-1,-1,-1
2001,55,195.2225341796875,275.97357177734375,6.685028076171875,5.061431884765625,1,-1,-1,-1
2001,54,450.5470275878906,305.1142272949219,4.857177734375,3.49725341796875,1,-1,-1,-1
2001,53,450.5470275878906,305.1142272949219,4.857177734375,3.49725341796875,1,-1,-1,-1
2021,55,179.23831176757812,297.1220397949219,8.4515380859375,6.22857666015625,1,-1,-1,-1
2021,54,442.26287841796875,306.063232421875,4.35333251953125,2.689849853515625,1,-1,-1,-1
2021,53,442.26287841796875,306.063232421875,4.35333251953125,2.689849853515625,1,-1,-1,-1
2041,55,176.04249572753906,328.0741271972656,5.181732177734375,4.534271240234375,1,-1,-1,-1
2041,54,438.080078125,306.5693054199219,4.102996826171875,3.375244140625,1,-1,-1,-1
2041,53,438.080078125,306.5693054199219,4.102996826171875,3.375244140625,1,-1,-1,-1
2061,55,192.89022827148438,355.9764404296875,9.51190185546875,6.566925048828125,1,-1,-1,-1
2061,54,421.6063232421875,307.29852294921875,4.679718017578125,3.505279541015625,1,-1,-1,-1
2061,53,421.6063232421875,307.29852294921875,4.679718017578125,3.505279541015625,1,-1,-1,-1
2081,55,284.4024658203125,355.62451171875,11.69708251953125,8.743804931640625,1,-1,-1,-1
2081,54,396.1448974609375,309.5122985839844,3.684783935546875,3.2398681640625,1,-1,-1,-1
2081,53,396.1448974609375,309.5122985839844,3.684783935546875,3.2398681640625,1,-1,-1,-1
2101,55,326.05615234375,350.59173583984375,15.5657958984375,18.807281494140625,1,-1,-1,-1
2101,54,362.5811767578125,312.0035705566406,4.19775390625,3.290740966796875,1,-1,-1,-1
2101,53,362.5811767578125,312.0035705566406,4.19775390625,3.290740966796875,1,-1,-1,-1
2121,55,333.9520568847656,353.8560485839844,5.708770751953125,6.014739990234375,1,-1,-1,-1
2121,54,337.34600830078125,311.75811767578125,3.617462158203125,3.421295166015625,1,-1,-1,-1
2121,53,337.34600830078125,311.75811767578125,3.617462158203125,3.421295166015625,1,-1,-1,-1
2141,55,331.04876708984375,355.4441833496094,9.6810302734375,8.450897216796875,1,-1,-1,-1
2141,54,332.85162353515625,301.705078125,3.6092529296875,2.874481201171875,1,-1,-1,-1
2141,53,332.85162353515625,301.705078125,3.6092529296875,2.874481201171875,1,-1,-1,-1
2161,55,334.91192626953125,343.9493713378906,5.385284423828125,3.971435546875,1,-1,-1,-1
2161,54,332.93646240234375,289.516357421875,3.09259033203125,2.2811279296875,1,-1,-1,-1
2161,53,332.93646240234375,289.516357421875,3.09259033203125,2.2811279296875,1,-1,-1,-1
2181,55,332.6123352050781,276.51043701171875,2.69317626953125,3.544525146484375,1,-1,-1,-1
2181,54,332.61236572265625,276.5104675292969,2.693115234375,3.544464111328125,1,-1,-1,-1
2181,53,332.61236572265625,276.5104675292969,2.693115234375,3.544464111328125,1,-1,-1,-1
2201,55,332.7128601074219,271.2713623046875,2.504974365234375,2.641357421875,1,-1,-1,-1
2201,54,332.7128601074219,271.2713623046875,2.504974365234375,2.641357421875,1,-1,-1,-1
2201,53,332.7128601074219,271.2713623046875,2.504974365234375,2.641357421875,1,-1,-1,-1
2221,55,332.3351745605469,271.0629577636719,4.478759765625,2.85595703125,1,-1,-1,-1
2221,54,332.3351745605469,271.0629577636719,4.478759765625,2.85595703125,1,-1,-1,-1
2221,53,332.3351745605469,271.0629577636719,4.478759765625,2.85595703125,1,-1,-1,-1
2241,55,333.15765380859375,268.2881164550781,4.83880615234375,2.817840576171875,1,-1,-1,-1
2241,54,333.15765380859375,268.2881164550781,4.83880615234375,2.817840576171875,1,-1,-1,-1
2241,53,333.15765380859375,268.2881164550781,4.83880615234375,2.817840576171875,1,-1,-1,-1
2261,55,335.93560791015625,263.86578369140625,3.2081298828125,2.78271484375,1,-1,-1,-1
2261,54,335.93560791015625,263.86578369140625,3.2081298828125,2.78271484375,1,-1,-1,-1
2261,53,335.93560791015625,263.86578369140625,3.2081298828125,2.78271484375,1,-1,-1,-1
2281,55,338.0167236328125,255.2917938232422,3.8460693359375,3.0224761962890625,1,-1,-1,-1
2281,54,338.0167236328125,255.2917938232422,3.8460693359375,3.0224761962890625,1,-1,-1,-1
2281,53,338.0167236328125,255.2917938232422,3.8460693359375,3.0224761962890625,1,-1,-1,-1
2301,55,342.0248718261719,243.40748596191406,3.115081787109375,2.032989501953125,1,-1,-1,-1
2301,54,342.0248718261719,243.40748596191406,3.115081787109375,2.032989501953125,1,-1,-1,-1
2301,53,342.0248718261719,243.40748596191406,3.115081787109375,2.032989501953125,1,-1,-1,-1
2321,55,347.29400634765625,225.26931762695312,4.12481689453125,3.18011474609375,1,-1,-1,-1
2321,54,347.29400634765625,225.26931762695312,4.12481689453125,3.18011474609375,1,-1,-1,-1
2321,53,347.29400634765625,225.26931762695312,4.12481689453125,3.18011474609375,1,-1,-1,-1
