1,65,313.2611389160156,232.37637329101562,6.205047607421875,4.0770416259765625,1,-1,-1,-1
21,65,313.154541015625,233.2833709716797,5.795135498046875,3.5368194580078125,1,-1,-1,-1
41,65,313.09423828125,233.2735595703125,5.585205078125,5.048858642578125,1,-1,-1,-1
61,65,313.20074462890625,233.3984832763672,6.026214599609375,4.7686767578125,1,-1,-1,-1
81,66,392.9916687011719,240.6993408203125,5.933837890625,6.7186431884765625,1,-1,-1,-1
81,65,313.2083435058594,234.02040100097656,6.056915283203125,4.16351318359375,1,-1,-1,-1
101,66,365.27032470703125,243.50558471679688,8.93585205078125,4.588165283203125,1,-1,-1,-1
101,65,313.43756103515625,233.590087890625,5.754241943359375,5.0342254638671875,1,-1,-1,-1
121,66,341.49346923828125,243.85418701171875,7.462982177734375,5.790008544921875,1,-1,-1,-1
121,65,312.46820068359375,234.18994140625,6.84967041015625,4.3900604248046875,1,-1,-1,-1
141,66,315.5631408691406,244.75929260253906,7.256683349609375,5.903228759765625,1,-1,-1,-1
141,65,314.745849609375,236.0249786376953,8.07281494140625,14.26385498046875,1,-1,-1,-1
161,66,311.408935546875,245.5691680908203,7.0994873046875,5.0008087158203125,1,-1,-1,-1
161,65,311.408935546875,245.5691680908203,7.0994873046875,5.0008087158203125,1,-1,-1,-1
181,66,329.5480041503906,244.7752685546875,7.4005126953125,5.6114349365234375,1,-1,-1,-1
181,65,329.5480041503906,244.7752685546875,7.4005126953125,5.6114349365234375,1,-1,-1,-1
201,67,309.73974609375,207.6175537109375,5.669830322265625,3.1705322265625,1,-1,-1,-1
201,66,368.94708251953125,243.57435607910156,8.284820556640625,6.0021820068359375,1,-1,-1,-1
201,65,368.94708251953125,243.5743408203125,8.284820556640625,6.0021820068359375,1,-1,-1,-1
221,67,311.84918212890625,206.99546813964844,5.714324951171875,3.3907470703125,1,-1,-1,-1
221,66,423.86798095703125,241.93426513671875,5.737396240234375,6.38824462890625,1,-1,-1,-1
221,65,423.86798095703125,241.93426513671875,5.737396240234375,6.38824462890625,1,-1,-1,-1
241,67,310.72265625,205.32154846191406,6.253509521484375,5.0320892333984375,1,-1,-1,-1
241,66,444.18682861328125,243.4791717529297,6.43011474609375,5.96124267578125,1,-1,-1,-1
241,65,444.18682861328125,243.4791717529297,6.43011474609375,5.96124267578125,1,-1,-1,-1
261,67,310.6474304199219,206.02557373046875,4.876312255859375,4.10125732421875,1,-1,-1,-1
261,66,451.45220947265625,258.45404052734375,7.232757568359375,5.299468994140625,1,-1,-1,-1
261,65,451.45220947265625,258.45404052734375,7.232757568359375,5.299468994140625,1,-1,-1,-1
281,67,310.9210510253906,207.11648559570312,5.376678466796875,3.87353515625,1,-1,-1,-1
281,66,450.4945373535156,259.6058044433594,8.2244873046875,4.8243408203125,1,-1,-1,-1
281,65,450.4945373535156,259.6058044433594,8.2244873046875,4.8243408203125,1,-1,-1,-1
301,67,311.73565673828125,206.43048095703125,5.841766357421875,4.2804718017578125,1,-1,-1,-1
301,66,451.21337890625,266.9977111816406,8.701019287109375,5.173431396484375,1,-1,-1,-1
301,65,451.21337890625,266.9977111816406,8.701019287109375,5.173431396484375,1,-1,-1,-1
321,67,312.63568115234375,207.9323272705078,3.432464599609375,2.471282958984375,1,-1,-1,-1
321,66,451.40411376953125,267.85784912109375,7.708740234375,4.85211181640625,1,-1,-1,-1
321,65,451.40411376953125,267.85784912109375,7.708740234375,4.85211181640625,1,-1,-1,-1
341,67,312.93011474609375,206.95211791992188,3.89312744140625,3.62969970703125,1,-1,-1,-1
341,66,450.677001953125,264.724365234375,7.943878173828125,5.123199462890625,1,-1,-1,-1
341,65,450.677001953125,264.724365234375,7.943878173828125,5.123199462890625,1,-1,-1,-1
361,67,312.37713623046875,205.67758178710938,5.426025390625,4.38671875,1,-1,-1,-1
361,66,449.3502502441406,256.9351806640625,7.464447021484375,4.68994140625,1,-1,-1,-1
361,65,449.35028076171875,256.9352111816406,7.464447021484375,4.68988037109375,1,-1,-1,-1
381,67,311.95703125,206.2630157470703,5.33856201171875,3.42974853515625,1,-1,-1,-1
381,66,449.4444580078125,257.0918273925781,7.472015380859375,4.31671142578125,1,-1,-1,-1
381,65,449.4444580078125,257.0918273925781,7.472015380859375,4.31671142578125,1,-1,-1,-1
401,67,311.71307373046875,205.57919311523438,5.800140380859375,3.7271575927734375,1,-1,-1,-1
401,66,449.324951171875,256.7610778808594,8.58575439453125,5.14410400390625,1,-1,-1,-1
401,65,449.324951171875,256.7611083984375,8.58575439453125,5.14404296875,1,-1,-1,-1
421,67,311.1621398925781,205.3003692626953,5.321258544921875,4.1867828369140625,1,-1,-1,-1
421,66,449.35955810546875,256.6845703125,9.264068603515625,5.17596435546875,1,-1,-1,-1
421,65,449.35955810546875,256.6845703125,9.264068603515625,5.17596435546875,1,-1,-1,-1
441,67,311.79730224609375,204.77633666992188,5.05291748046875,3.8553466796875,1,-1,-1,-1
441,66,452.1896057128906,268.6361389160156,9.0030517578125,5.202850341796875,1,-1,-1,-1
441,65,452.1896057128906,268.6361389160156,9.0030517578125,5.202850341796875,1,-1,-1,-1
461,67,311.4689636230469,205.4040985107422,5.96270751953125,4.0597076416015625,1,-1,-1,-1
461,66,453.9568786621094,278.1228332519531,9.417022705078125,5.726409912109375,1,-1,-1,-1
461,65,453.9568786621094,278.1228332519531,9.417022705078125,5.726409912109375,1,-1,-1,-1
481,67,312.85601806640625,204.52085876464844,4.59259033203125,3.5154571533203125,1,-1,-1,-1
481,66,451.19390869140625,266.3472900390625,9.6309814453125,4.426788330078125,1,-1,-1,-1
481,65,451.19390869140625,266.3472900390625,9.6309814453125,4.426788330078125,1,-1,-1,-1
501,67,319.802001953125,190.20790100097656,6.05615234375,5.7743072509765625,1,-1,-1,-1
501,66,451.4954833984375,264.42535400390625,8.350738525390625,5.07464599609375,1,-1,-1,-1
501,65,451.4954833984375,264.42535400390625,8.350738525390625,5.07464599609375,1,-1,-1,-1
521,67,323.5596923828125,184.74827575683594,5.466461181640625,5.285888671875,1,-1,-1,-1
521,66,451.1963195800781,264.77191162109375,7.104949951171875,4.955810546875,1,-1,-1,-1
521,65,451.1963195800781,264.77191162109375,7.104949951171875,4.955810546875,1,-1,-1,-1
541,67,323.482666015625,185.3545684814453,5.44036865234375,4.1356201171875,1,-1,-1,-1
541,66,450.9273986816406,264.7412109375,7.21563720703125,4.9730224609375,1,-1,-1,-1
541,65,450.9273986816406,264.7412109375,7.21563720703125,4.9730224609375,1,-1,-1,-1
561,67,323.0999450683594,185.44606018066406,5.742095947265625,4.6906585693359375,1,-1,-1,-1
561,66,450.7759094238281,264.634521484375,8.842010498046875,5.0992431640625,1,-1,-1,-1
561,65,450.7759094238281,264.634521484375,8.842010498046875,5.0992431640625,1,-1,-1,-1
581,67,323.1013488769531,185.7945098876953,6.837860107421875,4.9750518798828125,1,-1,-1,-1
581,66,450.5318908691406,264.7766418457031,7.36334228515625,5.0938720703125,1,-1,-1,-1
581,65,450.5318908691406,264.7766418457031,7.36334228515625,5.0938720703125,1,-1,-1,-1
601,67,323.11639404296875,186.38095092773438,5.741485595703125,5.0648345947265625,1,-1,-1,-1
601,66,446.15771484375,264.4535827636719,7.727294921875,5.406951904296875,1,-1,-1,-1
601,65,446.15771484375,264.4535827636719,7.727294921875,5.406951904296875,1,-1,-1,-1
621,67,323.2596130371094,187.1796112060547,5.295257568359375,3.9974822998046875,1,-1,-1,-1
621,66,423.8941955566406,264.4196472167969,6.89666748046875,6.242218017578125,1,-1,-1,-1
621,65,423.8941955566406,264.4196472167969,6.89666748046875,6.242218017578125,1,-1,-1,-1
641,67,315.783935546875,186.71707153320312,5.1434326171875,4.4432830810546875,1,-1,-1,-1
641,66,381.7279357910156,264.7622985839844,8.358856201171875,6.533416748046875,1,-1,-1,-1
641,65,381.7279357910156,264.7622985839844,8.358856201171875,6.533416748046875,1,-1,-1,-1
661,67,275.91412353515625,182.157958984375,5.6802978515625,3.940185546875,1,-1,-1,-1
661,66,364.50360107421875,266.23382568359375,8.12445068359375,5.32562255859375,1,-1,-1,-1
661,65,364.50360107421875,266.23382568359375,8.12445068359375,5.32562255859375,1,-1,-1,-1
681,67,213.57647705078125,171.84410095214844,5.3412933349609375,4.9769287109375,1,-1,-1,-1
681,66,364.5689392089844,265.834228515625,7.813812255859375,5.83428955078125,1,-1,-1,-1
681,65,364.56890869140625,265.834228515625,7.813873291015625,5.83428955078125,1,-1,-1,-1
701,67,173.33572387695312,166.03282165527344,5.1834869384765625,5.529083251953125,1,-1,-1,-1
701,66,381.33843994140625,265.3919372558594,8.847869873046875,5.368988037109375,1,-1,-1,-1
701,65,381.33843994140625,265.3919372558594,8.847869873046875,5.368988037109375,1,-1,-1,-1
721,67,166.8734588623047,166.48626708984375,5.81024169921875,4.3660736083984375,1,-1,-1,-1
721,66,419.3788146972656,263.0606384277344,8.063568115234375,5.888580322265625,1,-1,-1,-1
721,65,419.37872314453125,263.0606384277344,8.06365966796875,5.888580322265625,1,-1,-1,-1
741,67,166.97862243652344,166.51846313476562,5.14599609375,4.7458343505859375,1,-1,-1,-1
741,66,472.611572265625,260.8777160644531,8.004913330078125,6.04571533203125,1,-1,-1,-1
741,65,472.611572265625,260.8777160644531,8.004913330078125,6.04571533203125,1,-1,-1,-1
761,67,167.67942810058594,166.74041748046875,5.7415008544921875,4.6186981201171875,1,-1,-1,-1
761,66,510.5127258300781,260.4759216308594,7.610198974609375,4.968536376953125,1,-1,-1,-1
761,65,510.5127258300781,260.4759216308594,7.610198974609375,4.968536376953125,1,-1,-1,-1
781,67,168.04086303710938,166.51266479492188,6.0362701416015625,5.18511962890625,1,-1,-1,-1
781,66,526.50830078125,260.4878234863281,6.92010498046875,5.070587158203125,1,-1,-1,-1
781,65,526.50830078125,260.4878234863281,6.92010498046875,5.070587158203125,1,-1,-1,-1
801,67,167.9076385498047,166.92410278320312,6.3744354248046875,4.235382080078125,1,-1,-1,-1
801,66,522.4142456054688,260.1420593261719,7.8619384765625,5.5938720703125,1,-1,-1,-1
801,65,522.4142456054688,260.1420593261719,7.8619384765625,5.5938720703125,1,-1,-1,-1
821,67,168.793701171875,167.60711669921875,5.5289764404296875,3.80242919921875,1,-1,-1,-1
821,66,502.93414306640625,261.05987548828125,6.8548583984375,5.71002197265625,1,-1,-1,-1
821,65,502.93414306640625,261.05987548828125,6.8548583984375,5.71002197265625,1,-1,-1,-1
841,67,168.1584930419922,167.80386352539062,5.474395751953125,3.4097747802734375,1,-1,-1,-1
841,66,470.2310485839844,262.648193359375,7.860198974609375,5.059722900390625,1,-1,-1,-1
841,65,470.2310485839844,262.648193359375,7.860198974609375,5.059722900390625,1,-1,-1,-1
861,67,169.13351440429688,167.3620147705078,5.786468505859375,4.814849853515625,1,-1,-1,-1
861,66,429.5050048828125,264.8049621582031,6.57196044921875,3.942535400390625,1,-1,-1,-1
861,65,429.5050048828125,264.8049621582031,6.57196044921875,3.942535400390625,1,-1,-1,-1
881,67,169.23355102539062,167.81813049316406,5.5201416015625,4.7355499267578125,1,-1,-1,-1
881,66,389.430419921875,264.19952392578125,9.281005859375,6.7364501953125,1,-1,-1,-1
881,65,389.430419921875,264.19952392578125,9.281005859375,6.7364501953125,1,-1,-1,-1
901,67,160.97506713867188,167.818359375,5.645721435546875,4.0181427001953125,1,-1,-1,-1
901,66,379.7228698730469,265.9173889160156,8.05816650390625,4.8741455078125,1,-1,-1,-1
901,65,379.7228698730469,265.9173889160156,8.05816650390625,4.8741455078125,1,-1,-1,-1
921,67,119.64130401611328,161.92433166503906,5.2435302734375,3.8717041015625,1,-1,-1,-1
921,66,379.3359069824219,258.7468566894531,7.835693359375,4.6611328125,1,-1,-1,-1
921,65,379.3359069824219,258.7468566894531,7.835693359375,4.6611328125,1,-1,-1,-1
941,67,46.55613327026367,151.41453552246094,6.488391876220703,4.56365966796875,1,-1,-1,-1
941,66,379.0909423828125,243.0172119140625,7.49755859375,4.8226165771484375,1,-1,-1,-1
941,65,379.0909423828125,243.0172119140625,7.49755859375,4.8226165771484375,1,-1,-1,-1
961,66,380.2620849609375,250.24822998046875,8.051513671875,4.49542236328125,1,-1,-1,-1
961,65,380.2620849609375,250.24822998046875,8.051513671875,4.49542236328125,1,-1,-1,-1
981,66,384.34942626953125,272.9398498535156,7.55181884765625,5.1832275390625,1,-1,-1,-1
981,65,384.34942626953125,272.9398498535156,7.55181884765625,5.1832275390625,1,-1,-1,-1
1001,66,387.4331970214844,298.1391906738281,8.68524169921875,4.94317626953125,1,-1,-1,-1
1001,65,387.4331970214844,298.1391906738281,8.68524169921875,4.94317626953125,1,-1,-1,-1
1021,66,389.25433349609375,318.3106994628906,8.9046630859375,5.14178466796875,1,-1,-1,-1
1021,65,389.25439453125,318.3106994628906,8.904632568359375,5.14178466796875,1,-1,-1,-1
1041,66,385.1095886230469,301.229248046875,8.81768798828125,5.622772216796875,1,-1,-1,-1
1041,65,385.1095886230469,301.229248046875,8.81768798828125,5.622772216796875,1,-1,-1,-1
1061,66,380.49786376953125,273.5368957519531,9.28350830078125,4.9190673828125,1,-1,-1,-1
1061,65,380.49786376953125,273.5368957519531,9.28350830078125,4.9190673828125,1,-1,-1,-1
1081,66,380.3447265625,271.8090515136719,7.722930908203125,5.081573486328125,1,-1,-1,-1
1081,65,380.3447265625,271.8090515136719,7.722930908203125,5.081573486328125,1,-1,-1,-1
1101,66,383.7320556640625,289.5654602050781,7.43035888671875,5.488250732421875,1,-1,-1,-1
1101,65,383.7320556640625,289.5654602050781,7.43035888671875,5.488250732421875,1,-1,-1,-1
1121,66,387.15399169921875,313.25732421875,8.077789306640625,5.518096923828125,1,-1,-1,-1
1121,65,387.15399169921875,313.25732421875,8.077789306640625,5.518096923828125,1,-1,-1,-1
1141,66,387.38128662109375,309.18896484375,7.16314697265625,5.788604736328125,1,-1,-1,-1
1141,65,387.3812561035156,309.18896484375,7.163238525390625,5.788604736328125,1,-1,-1,-1
1161,66,384.8919982910156,295.6953430175781,8.28460693359375,5.1878662109375,1,-1,-1,-1
1161,65,384.8919982910156,295.6953430175781,8.28460693359375,5.1878662109375,1,-1,-1,-1
1181,66,384.85919189453125,295.45068359375,8.4578857421875,4.63275146484375,1,-1,-1,-1
1181,65,384.85919189453125,295.45068359375,8.4578857421875,4.63275146484375,1,-1,-1,-1
1201,66,384.8258056640625,294.7544860839844,8.550201416015625,5.217742919921875,1,-1,-1,-1
1201,65,384.8258056640625,294.7544860839844,8.550201416015625,5.217742919921875,1,-1,-1,-1
1221,66,385.2643127441406,295.26519775390625,6.753021240234375,4.588592529296875,1,-1,-1,-1
1221,65,385.2643127441406,295.26519775390625,6.753021240234375,4.588592529296875,1,-1,-1,-1
1241,66,385.49969482421875,295.0023193359375,8.0877685546875,5.00518798828125,1,-1,-1,-1
1241,65,385.49969482421875,295.0023193359375,8.0877685546875,5.00518798828125,1,-1,-1,-1
1261,66,385.3541259765625,295.1477355957031,7.054962158203125,4.61419677734375,1,-1,-1,-1
1261,65,385.3541259765625,295.1477355957031,7.054962158203125,4.61419677734375,1,-1,-1,-1
1281,66,385.17974853515625,294.5469055175781,7.607879638671875,5.333343505859375,1,-1,-1,-1
1281,65,385.17974853515625,294.5469055175781,7.607879638671875,5.333343505859375,1,-1,-1,-1
1301,66,385.24822998046875,294.8798828125,7.312164306640625,4.8935546875,1,-1,-1,-1
1301,65,385.24822998046875,294.8798828125,7.312164306640625,4.8935546875,1,-1,-1,-1
1321,66,385.1467590332031,294.7257385253906,8.293212890625,6.10980224609375,1,-1,-1,-1
1321,65,385.1467590332031,294.7257385253906,8.293212890625,6.10980224609375,1,-1,-1,-1
1341,66,385.21343994140625,294.71307373046875,8.346710205078125,4.990264892578125,1,-1,-1,-1
1341,65,385.21343994140625,294.71307373046875,8.346710205078125,4.990264892578125,1,-1,-1,-1
1361,66,385.296142578125,294.8144226074219,7.894195556640625,5.18756103515625,1,-1,-1,-1
1361,65,385.296142578125,294.8144226074219,7.894195556640625,5.18756103515625,1,-1,-1,-1
1381,66,385.2813720703125,294.5909118652344,7.588958740234375,5.497039794921875,1,-1,-1,-1
1381,65,385.2813415527344,294.5909118652344,7.588958740234375,5.497039794921875,1,-1,-1,-1
1401,66,385.8276062011719,305.0135498046875,8.445587158203125,5.471405029296875,1,-1,-1,-1
1401,65,385.8276062011719,305.0135498046875,8.445587158203125,5.471405029296875,1,-1,-1,-1
1421,66,388.4992980957031,312.6098327636719,7.744598388671875,5.126495361328125,1,-1,-1,-1
1421,65,388.4992980957031,312.6098327636719,7.744598388671875,5.126495361328125,1,-1,-1,-1
1441,66,384.6099853515625,291.6446228027344,8.60479736328125,5.456329345703125,1,-1,-1,-1
1441,65,384.6099853515625,291.6446228027344,8.60479736328125,5.456329345703125,1,-1,-1,-1
1461,66,380.81805419921875,266.4591064453125,7.881927490234375,4.51727294921875,1,-1,-1,-1
1461,65,380.81805419921875,266.4591064453125,7.881927490234375,4.51727294921875,1,-1,-1,-1
1481,66,379.05596923828125,250.48458862304688,6.977630615234375,4.9538116455078125,1,-1,-1,-1
1481,65,379.05596923828125,250.48458862304688,6.977630615234375,4.9538116455078125,1,-1,-1,-1
1501,66,379.31927490234375,250.53089904785156,7.236083984375,5.016845703125,1,-1,-1,-1
1501,65,379.31927490234375,250.53089904785156,7.236083984375,5.016845703125,1,-1,-1,-1
1521,66,366.22174072265625,250.97283935546875,6.911163330078125,5.43365478515625,1,-1,-1,-1
1521,65,366.22174072265625,250.97283935546875,6.911163330078125,5.43365478515625,1,-1,-1,-1
1541,66,335.9781188964844,252.52987670898438,7.65191650390625,4.28173828125,1,-1,-1,-1
1541,65,335.9781188964844,252.52987670898438,7.65191650390625,4.28173828125,1,-1,-1,-1
1561,66,318.3892822265625,252.48275756835938,7.39935302734375,5.31451416015625,1,-1,-1,-1
1561,65,318.3892822265625,252.48275756835938,7.39935302734375,5.31451416015625,1,-1,-1,-1
1581,66,322.70574951171875,251.7589569091797,7.5401611328125,5.4050750732421875,1,-1,-1,-1
1581,65,322.70574951171875,251.7589569091797,7.5401611328125,5.4050750732421875,1,-1,-1,-1
1601,66,353.3979797363281,249.83309936523438,8.203277587890625,5.9196929931640625,1,-1,-1,-1
1601,65,353.3979797363281,249.83309936523438,8.203277587890625,5.9196929931640625,1,-1,-1,-1
1621,66,404.8281555175781,247.9053955078125,6.070709228515625,6.660675048828125,1,-1,-1,-1
1621,65,404.8281555175781,247.9053955078125,6.070709228515625,6.660675048828125,1,-1,-1,-1
1641,66,425.2244567871094,249.09449768066406,6.780181884765625,5.4313201904296875,1,-1,-1,-1
1641,65,425.2244567871094,249.09454345703125,6.780181884765625,5.4313201904296875,1,-1,-1,-1
1661,66,424.7298583984375,248.6804962158203,9.265045166015625,5.5191192626953125,1,-1,-1,-1
1661,65,424.7298583984375,248.6804962158203,9.265045166015625,5.5191192626953125,1,-1,-1,-1
1681,66,414.8492126464844,248.90084838867188,7.5321044921875,5.52508544921875,1,-1,-1,-1
1681,65,414.8492126464844,248.90084838867188,7.5321044921875,5.52508544921875,1,-1,-1,-1
1701,66,396.3476257324219,249.55348205566406,8.502960205078125,5.1089324951171875,1,-1,-1,-1
1701,65,396.3476257324219,249.55348205566406,8.502960205078125,5.1089324951171875,1,-1,-1,-1
1721,66,392.2167663574219,249.369384765625,7.86993408203125,4.397674560546875,1,-1,-1,-1
1721,65,392.2167663574219,249.369384765625,7.86993408203125,4.397674560546875,1,-1,-1,-1
1741,66,401.58154296875,247.8358154296875,8.2938232421875,5.696929931640625,1,-1,-1,-1
1741,65,401.58154296875,247.8358154296875,8.2938232421875,5.696929931640625,1,-1,-1,-1
1761,66,434.4286804199219,246.9044189453125,7.58758544921875,5.0567169189453125,1,-1,-1,-1
1761,65,434.4286804199219,246.9044189453125,7.58758544921875,5.0567169189453125,1,-1,-1,-1
1781,66,486.7324523925781,244.3927001953125,8.702606201171875,5.63482666015625,1,-1,-1,-1
1781,65,486.7324523925781,244.3927001953125,8.702606201171875,5.63482666015625,1,-1,-1,-1
1801,66,531.6370239257812,243.7109375,6.24774169921875,5.9206085205078125,1,-1,-1,-1
1801,65,531.6370239257812,243.7109375,6.24774169921875,5.9206085205078125,1,-1,-1,-1
1821,66,547.2794189453125,243.23170471191406,8.72869873046875,5.1168365478515625,1,-1,-1,-1
1821,65,547.2794189453125,243.23170471191406,8.72869873046875,5.1168365478515625,1,-1,-1,-1
1841,66,572.5960693359375,242.32730102539062,7.8387451171875,5.608612060546875,1,-1,-1,-1
1841,65,572.5960693359375,242.32730102539062,7.8387451171875,5.608612060546875,1,-1,-1,-1
1861,66,580.1732788085938,242.13836669921875,7.7613525390625,5.1482086181640625,1,-1,-1,-1
1861,65,580.1732177734375,242.13836669921875,7.761474609375,5.1482086181640625,1,-1,-1,-1
1881,66,576.0794677734375,242.01153564453125,7.00775146484375,4.9196929931640625,1,-1,-1,-1
1881,65,576.0794677734375,242.01153564453125,7.00775146484375,4.9196929931640625,1,-1,-1,-1
1901,66,568.1910400390625,242.17222595214844,7.962646484375,4.63336181640625,1,-1,-1,-1
1901,65,568.1910400390625,242.17222595214844,7.962646484375,4.63336181640625,1,-1,-1,-1
1921,66,565.7887573242188,241.8594207763672,8.28125,4.9398651123046875,1,-1,-1,-1
1921,65,565.7887573242188,241.8594207763672,8.28125,4.9398651123046875,1,-1,-1,-1
1941,66,556.59130859375,242.0176239013672,6.72821044921875,5.0605010986328125,1,-1,-1,-1
1941,65,556.59130859375,242.0176239013672,6.72821044921875,5.0605010986328125,1,-1,-1,-1
1961,66,539.6600952148438,241.85980224609375,7.76214599609375,5.7739715576171875,1,-1,-1,-1
1961,65,539.6600952148438,241.85980224609375,7.76214599609375,5.7739715576171875,1,-1,-1,-1
1981,66,517.8888549804688,241.3555145263672,8.5281982421875,6.3796234130859375,1,-1,-1,-1
1981,65,517.8888549804688,241.3555145263672,8.5281982421875,6.3796234130859375,1,-1,-1,-1
2001,66,507.1646728515625,243.550048828125,8.47259521484375,3.932159423828125,1,-1,-1,-1
2001,65,507.1646728515625,243.550048828125,8.47259521484375,3.932159423828125,1,-1,-1,-1
2021,66,508.5159606933594,243.35772705078125,7.692596435546875,4.766693115234375,1,-1,-1,-1
2021,65,508.5159606933594,243.35772705078125,7.692596435546875,4.766693115234375,1,-1,-1,-1
2041,66,509.3222351074219,243.9486541748047,8.574310302734375,4.8350982666015625,1,-1,-1,-1
2041,65,509.3222351074219,243.9486541748047,8.574310302734375,4.8350982666015625,1,-1,-1,-1
2061,66,510.0056457519531,244.02081298828125,8.423553466796875,4.7239532470703125,1,-1,-1,-1
2061,65,510.0056457519531,244.02081298828125,8.423553466796875,4.7239532470703125,1,-1,-1,-1
2081,66,510.14324951171875,243.98338317871094,7.77642822265625,4.7729644775390625,1,-1,-1,-1
2081,65,510.14324951171875,243.98338317871094,7.77642822265625,4.7729644775390625,1,-1,-1,-1
2101,66,510.3089599609375,243.8087615966797,7.697998046875,4.5704803466796875,1,-1,-1,-1
2101,65,510.3089599609375,243.8087615966797,7.697998046875,4.5704803466796875,1,-1,-1,-1
2121,66,510.3188781738281,243.12368774414062,7.593170166015625,4.4545745849609375,1,-1,-1,-1
2121,65,510.3188781738281,243.12368774414062,7.593170166015625,4.4545745849609375,1,-1,-1,-1
2141,66,509.5885009765625,242.7457733154297,7.8648681640625,4.8389129638671875,1,-1,-1,-1
2141,65,509.5885009765625,242.7457733154297,7.8648681640625,4.8389129638671875,1,-1,-1,-1
2161,66,509.2889099121094,243.42608642578125,7.586029052734375,4.33990478515625,1,-1,-1,-1
2161,65,509.2889099121094,243.42608642578125,7.586029052734375,4.33990478515625,1,-1,-1,-1
2181,66,508.8223876953125,243.60476684570312,8.694580078125,4.7910308837890625,1,-1,-1,-1
2181,65,508.8223876953125,243.60476684570312,8.694580078125,4.7910308837890625,1,-1,-1,-1
2201,66,507.9844970703125,243.65371704101562,8.15521240234375,5.12713623046875,1,-1,-1,-1
2201,65,507.9844970703125,243.65371704101562,8.15521240234375,5.12713623046875,1,-1,-1,-1
2221,66,508.228515625,243.81613159179688,8.4151611328125,5.035888671875,1,-1,-1,-1
2221,65,508.228515625,243.81613159179688,8.4151611328125,5.035888671875,1,-1,-1,-1
2241,66,500.32421875,243.8201446533203,7.704315185546875,5.7629241943359375,1,-1,-1,-1
2241,65,500.32421875,243.8201446533203,7.704315185546875,5.7629241943359375,1,-1,-1,-1
2261,66,478.1231689453125,244.42376708984375,7.79473876953125,5.4184417724609375,1,-1,-1,-1
2261,65,478.1231689453125,244.42376708984375,7.79473876953125,5.4184417724609375,1,-1,-1,-1
2281,66,470.46722412109375,245.24630737304688,6.662353515625,5.51556396484375,1,-1,-1,-1
2281,65,470.46722412109375,245.24630737304688,6.662353515625,5.51556396484375,1,-1,-1,-1
2301,66,453.286865234375,246.1854248046875,8.14117431640625,5.516204833984375,1,-1,-1,-1
2301,65,453.286865234375,246.1854248046875,8.14117431640625,5.516204833984375,1,-1,-1,-1
2321,66,424.9967041015625,247.59791564941406,8.895751953125,5.305145263671875,1,-1,-1,-1
2321,65,424.9967041015625,247.59791564941406,8.895751953125,5.305145263671875,1,-1,-1,-1
2341,66,412.310546875,248.8116912841797,6.94915771484375,5.2550201416015625,1,-1,-1,-1
2341,65,412.310546875,248.8116912841797,6.94915771484375,5.2550201416015625,1,-1,-1,-1
2361,66,395.95111083984375,249.49276733398438,7.378326416015625,4.680572509765625,1,-1,-1,-1
2361,65,395.95111083984375,249.49276733398438,7.378326416015625,4.680572509765625,1,-1,-1,-1
2381,66,383.77398681640625,250.75424194335938,7.34857177734375,4.305999755859375,1,-1,-1,-1
2381,65,383.77398681640625,250.75424194335938,7.34857177734375,4.305999755859375,1,-1,-1,-1
2401,66,376.3346862792969,250.67897033691406,6.47613525390625,5.4315338134765625,1,-1,-1,-1
2401,65,376.3346862792969,250.67897033691406,6.47613525390625,5.4315338134765625,1,-1,-1,-1
2421,66,358.4081726074219,250.35353088378906,8.082489013671875,5.48101806640625,1,-1,-1,-1
2421,65,358.4081726074219,250.35353088378906,8.082489013671875,5.48101806640625,1,-1,-1,-1
2441,66,351.3678283691406,251.71688842773438,7.131805419921875,4.8277587890625,1,-1,-1,-1
2441,65,351.3678283691406,251.71688842773438,7.131805419921875,4.8277587890625,1,-1,-1,-1
2461,66,336.12689208984375,251.52088928222656,7.844482421875,5.0934600830078125,1,-1,-1,-1
2461,65,336.12689208984375,251.52088928222656,7.844482421875,5.0934600830078125,1,-1,-1,-1
2481,66,330.4246826171875,251.97377014160156,7.4593505859375,4.6195831298828125,1,-1,-1,-1
2481,65,330.4246826171875,251.97377014160156,7.4593505859375,4.6195831298828125,1,-1,-1,-1
2501,66,322.13140869140625,252.580810546875,7.743927001953125,4.751251220703125,1,-1,-1,-1
2501,65,322.13140869140625,252.580810546875,7.743927001953125,4.751251220703125,1,-1,-1,-1
2521,66,304.8566589355469,252.995849609375,6.89404296875,5.525360107421875,1,-1,-1,-1
2521,65,304.8566589355469,252.995849609375,6.89404296875,5.525360107421875,1,-1,-1,-1
2541,66,278.29498291015625,253.70411682128906,7.372711181640625,5.4539031982421875,1,-1,-1,-1
2541,65,278.29498291015625,253.70411682128906,7.372711181640625,5.4539031982421875,1,-1,-1,-1
2561,66,243.07827758789062,255.32420349121094,7.600433349609375,4.3388214111328125,1,-1,-1,-1
2561,65,243.07827758789062,255.32420349121094,7.600433349609375,4.3388214111328125,1,-1,-1,-1
2581,66,221.95741271972656,255.9693145751953,7.454376220703125,4.5198822021484375,1,-1,-1,-1
2581,65,221.95741271972656,255.9693145751953,7.454376220703125,4.5198822021484375,1,-1,-1,-1
2601,66,225.32662963867188,255.54808044433594,7.341583251953125,4.7678680419921875,1,-1,-1,-1
2601,65,225.32662963867188,255.54808044433594,7.341583251953125,4.7678680419921875,1,-1,-1,-1
2621,68,177.4739227294922,273.46832275390625,8.57098388671875,8.455322265625,1,-1,-1,-1
2621,66,252.68954467773438,253.50656127929688,7.9383544921875,6.013763427734375,1,-1,-1,-1
2621,65,252.68954467773438,253.50656127929688,7.9383544921875,6.013763427734375,1,-1,-1,-1
2641,68,175.1231231689453,265.02783203125,7.1800537109375,5.771942138671875,1,-1,-1,-1
2641,66,299.7596435546875,252.76026916503906,7.378265380859375,5.6517181396484375,1,-1,-1,-1
2641,65,299.7596435546875,252.76026916503906,7.378265380859375,5.6517181396484375,1,-1,-1,-1
2661,68,187.7812957763672,265.712646484375,8.114425659179688,5.44085693359375,1,-1,-1,-1
2661,66,328.34033203125,252.09878540039062,6.56768798828125,5.06732177734375,1,-1,-1,-1
2661,65,328.34033203125,252.09878540039062,6.56768798828125,5.06732177734375,1,-1,-1,-1
2681,68,199.85023498535156,264.8808288574219,7.228851318359375,3.50115966796875,1,-1,-1,-1
2681,66,346.279052734375,251.81175231933594,6.85595703125,5.1829986572265625,1,-1,-1,-1
2681,65,346.279052734375,251.81175231933594,6.85595703125,5.1829986572265625,1,-1,-1,-1
2701,68,201.38955688476562,250.38406372070312,9.85870361328125,5.8172607421875,1,-1,-1,-1
2701,66,382.7236633300781,250.0543670654297,7.894134521484375,4.70098876953125,1,-1,-1,-1
2701,65,382.7236633300781,250.0543670654297,7.894134521484375,4.70098876953125,1,-1,-1,-1
2721,68,203.60276794433594,244.18197631835938,6.63482666015625,3.3177947998046875,1,-1,-1,-1
2721,66,410.6960754394531,248.96978759765625,7.886871337890625,5.42376708984375,1,-1,-1,-1
2721,65,410.6960754394531,248.96978759765625,7.886871337890625,5.42376708984375,1,-1,-1,-1
2741,68,204.3061981201172,249.02870178222656,8.917922973632812,3.828521728515625,1,-1,-1,-1
2741,66,416.4076232910156,248.86123657226562,7.254547119140625,5.2992706298828125,1,-1,-1,-1
2741,65,416.4076232910156,248.86123657226562,7.254547119140625,5.2992706298828125,1,-1,-1,-1
2761,68,204.04571533203125,288.506103515625,6.1806488037109375,5.221343994140625,1,-1,-1,-1
2761,66,410.3583068847656,249.33425903320312,7.469879150390625,5.3665771484375,1,-1,-1,-1
2761,65,410.3583068847656,249.33425903320312,7.469879150390625,5.3665771484375,1,-1,-1,-1
2781,68,199.30087280273438,328.2689208984375,8.307281494140625,6.442535400390625,1,-1,-1,-1
2781,66,390.3641052246094,248.85809326171875,7.011260986328125,5.9552001953125,1,-1,-1,-1
2781,65,390.3641052246094,248.85809326171875,7.011260986328125,5.9552001953125,1,-1,-1,-1
