1,275,395.52978515625,240.4675750732422,19.5845947265625,7.2313232421875,1,-1,-1,-1
1,276,279.68914794921875,185.84910583496094,3.803466796875,3.5460052490234375,1,-1,-1,-1
21,275,381.1189270019531,195.7092742919922,18.090728759765625,5.2046356201171875,1,-1,-1,-1
21,276,280.54852294921875,185.58596801757812,5.889434814453125,5.289581298828125,1,-1,-1,-1
41,275,380.77545166015625,192.27813720703125,19.3680419921875,4.750518798828125,1,-1,-1,-1
41,276,284.1346740722656,185.81324768066406,4.5972900390625,3.4296722412109375,1,-1,-1,-1
61,275,383.3743591308594,199.54197692871094,18.75390625,4.419891357421875,1,-1,-1,-1
61,276,284.68017578125,186.02040100097656,5.197174072265625,3.1004638671875,1,-1,-1,-1
81,275,385.4586181640625,208.79705810546875,14.311126708984375,4.3263397216796875,1,-1,-1,-1
81,276,284.61834716796875,186.0181427001953,5.177276611328125,2.7099761962890625,1,-1,-1,-1
101,275,385.17425537109375,230.28895568847656,16.75115966796875,5.8730010986328125,1,-1,-1,-1
101,276,285.4518737792969,184.21336364746094,4.715789794921875,3.1222686767578125,1,-1,-1,-1
121,275,393.7878112792969,245.42591857910156,18.693389892578125,6.016571044921875,1,-1,-1,-1
121,276,285.22222900390625,171.4857635498047,2.744720458984375,2.4561614990234375,1,-1,-1,-1
141,275,423.24188232421875,257.6855163574219,19.3997802734375,6.316314697265625,1,-1,-1,-1
141,276,284.87982177734375,181.11009216308594,3.335693359375,2.5704498291015625,1,-1,-1,-1
161,275,472.96044921875,214.5562286376953,27.202972412109375,11.917465209960938,1,-1,-1,-1
161,276,285.6849670410156,207.19676208496094,2.196502685546875,2.263824462890625,1,-1,-1,-1
181,275,466.3343505859375,208.02796936035156,29.344024658203125,8.8260498046875,1,-1,-1,-1
181,276,289.25115966796875,207.86007690429688,2.890899658203125,1.9727325439453125,1,-1,-1,-1
201,275,362.87567138671875,201.6819305419922,29.93707275390625,10.210845947265625,1,-1,-1,-1
201,276,296.7884521484375,200.2784423828125,5.7177734375,3.4938201904296875,1,-1,-1,-1
221,275,201.83961486816406,197.53872680664062,29.0809326171875,10.41937255859375,1,-1,-1,-1
221,276,201.83961486816406,197.53872680664062,29.0809326171875,10.41937255859375,1,-1,-1,-1
241,275,186.41180419921875,194.08258056640625,33.208038330078125,12.921554565429688,1,-1,-1,-1
241,276,186.41180419921875,194.08258056640625,33.208038330078125,12.921554565429688,1,-1,-1,-1
261,275,303.1561584472656,194.67318725585938,32.395782470703125,11.500244140625,1,-1,-1,-1
261,276,303.1561279296875,194.67318725585938,32.39581298828125,11.500244140625,1,-1,-1,-1
281,275,288.0099792480469,195.27163696289062,5.586761474609375,2.800567626953125,1,-1,-1,-1
281,276,288.0099792480469,195.27163696289062,5.586761474609375,2.800567626953125,1,-1,-1,-1
301,275,266.08612060546875,191.18370056152344,5.248046875,2.8035736083984375,1,-1,-1,-1
301,276,266.08612060546875,191.18370056152344,5.248046875,2.8035736083984375,1,-1,-1,-1
321,275,258.51263427734375,183.24337768554688,6.61962890625,3.970001220703125,1,-1,-1,-1
321,276,258.5126953125,183.24337768554688,6.619659423828125,3.970001220703125,1,-1,-1,-1
341,275,274.8427734375,173.1575927734375,7.22625732421875,2.948211669921875,1,-1,-1,-1
341,276,274.8427734375,173.1575927734375,7.22625732421875,2.948211669921875,1,-1,-1,-1
361,275,321.9569091796875,159.33494567871094,5.339508056640625,3.8796234130859375,1,-1,-1,-1
361,276,321.9569091796875,159.33494567871094,5.339508056640625,3.8796234130859375,1,-1,-1,-1
381,275,372.3995361328125,145.91192626953125,9.399932861328125,5.202606201171875,1,-1,-1,-1
381,276,372.3995361328125,145.91192626953125,9.399932861328125,5.202606201171875,1,-1,-1,-1
401,275,386.93621826171875,144.54132080078125,7.383575439453125,2.82232666015625,1,-1,-1,-1
401,276,386.93621826171875,144.54132080078125,7.383575439453125,2.82232666015625,1,-1,-1,-1
421,275,365.5876159667969,140.5855255126953,7.911376953125,3.56512451171875,1,-1,-1,-1
421,276,365.5876159667969,140.5855255126953,7.911376953125,3.56512451171875,1,-1,-1,-1
441,277,465.6263427734375,196.458251953125,28.884185791015625,8.456039428710938,1,-1,-1,-1
441,275,329.362548828125,129.2816162109375,9.528076171875,4.8661041259765625,1,-1,-1,-1
441,276,329.362548828125,129.2816162109375,9.528076171875,4.8661041259765625,1,-1,-1,-1
461,277,402.6356201171875,193.69911193847656,30.8133544921875,8.119461059570312,1,-1,-1,-1
461,275,312.1124267578125,107.15422058105469,10.53759765625,6.252952575683594,1,-1,-1,-1
461,276,312.1124267578125,107.15422058105469,10.53759765625,6.252952575683594,1,-1,-1,-1
481,277,401.18292236328125,191.09719848632812,35.88983154296875,8.651992797851562,1,-1,-1,-1
481,275,309.2508544921875,98.11223602294922,12.404388427734375,7.0959625244140625,1,-1,-1,-1
481,276,309.2508544921875,98.11223602294922,12.404388427734375,7.0959625244140625,1,-1,-1,-1
501,277,449.3768310546875,191.7008056640625,31.971282958984375,7.8342437744140625,1,-1,-1,-1
501,275,299.0760498046875,116.08997344970703,11.18939208984375,6.578880310058594,1,-1,-1,-1
501,276,299.0760498046875,116.08997344970703,11.18939208984375,6.578880310058594,1,-1,-1,-1
521,277,469.46185302734375,117.46512603759766,29.757476806640625,8.987739562988281,1,-1,-1,-1
521,275,281.2327880859375,180.43887329101562,10.0914306640625,5.7534027099609375,1,-1,-1,-1
521,276,281.2327880859375,180.43887329101562,10.0914306640625,5.7534027099609375,1,-1,-1,-1
541,277,458.0545654296875,99.45925903320312,31.128326416015625,11.83966064453125,1,-1,-1,-1
541,275,262.8935546875,213.57058715820312,8.40911865234375,3.8738861083984375,1,-1,-1,-1
541,276,262.8935546875,213.57058715820312,8.40911865234375,3.8738861083984375,1,-1,-1,-1
561,277,405.85174560546875,137.71778869628906,28.69171142578125,8.907424926757812,1,-1,-1,-1
561,275,248.6634979248047,222.60403442382812,9.393356323242188,5.5535430908203125,1,-1,-1,-1
561,276,248.6634979248047,222.60403442382812,9.393356323242188,5.5535430908203125,1,-1,-1,-1
581,277,391.3899230957031,139.2716827392578,31.926055908203125,8.158309936523438,1,-1,-1,-1
581,275,249.6330108642578,228.33203125,12.102554321289062,5.701812744140625,1,-1,-1,-1
581,276,249.6330108642578,228.33203125,12.102554321289062,5.701812744140625,1,-1,-1,-1
601,277,395.2073669433594,138.92788696289062,30.424652099609375,8.193069458007812,1,-1,-1,-1
601,275,268.1375732421875,229.69285583496094,8.46453857421875,4.881195068359375,1,-1,-1,-1
601,276,268.1375732421875,229.69285583496094,8.46453857421875,4.881195068359375,1,-1,-1,-1
621,277,398.3313293457031,136.68692016601562,26.8743896484375,8.891876220703125,1,-1,-1,-1
621,275,274.8154296875,219.24949645996094,4.69097900390625,2.7281646728515625,1,-1,-1,-1
621,276,274.8154296875,219.24949645996094,4.69097900390625,2.7281646728515625,1,-1,-1,-1
641,277,397.2452087402344,135.90847778320312,28.58917236328125,8.217025756835938,1,-1,-1,-1
641,275,275.1868591308594,186.06149291992188,3.445526123046875,2.35223388671875,1,-1,-1,-1
641,276,275.1868591308594,186.06149291992188,3.445526123046875,2.35223388671875,1,-1,-1,-1
661,277,396.6998596191406,134.29664611816406,26.5789794921875,9.743072509765625,1,-1,-1,-1
661,275,288.8383483886719,176.97967529296875,5.486846923828125,3.970977783203125,1,-1,-1,-1
661,276,288.8383483886719,176.97967529296875,5.486846923828125,3.970977783203125,1,-1,-1,-1
681,277,358.1843566894531,132.8185272216797,29.550933837890625,9.894577026367188,1,-1,-1,-1
681,275,319.6600646972656,178.75448608398438,5.66680908203125,3.104217529296875,1,-1,-1,-1
681,276,319.6600646972656,178.75448608398438,5.66680908203125,3.104217529296875,1,-1,-1,-1
701,277,356.4024658203125,131.7550811767578,32.38336181640625,13.432220458984375,1,-1,-1,-1
701,275,348.99090576171875,180.11154174804688,5.917816162109375,2.8898773193359375,1,-1,-1,-1
701,276,348.99090576171875,180.11154174804688,5.917816162109375,2.8898773193359375,1,-1,-1,-1
721,277,421.9054870605469,132.92698669433594,31.854705810546875,12.763214111328125,1,-1,-1,-1
721,275,369.142333984375,177.20423889160156,6.051788330078125,3.283233642578125,1,-1,-1,-1
721,276,369.142333984375,177.20423889160156,6.051788330078125,3.283233642578125,1,-1,-1,-1
741,277,438.55499267578125,135.73959350585938,29.362640380859375,10.8626708984375,1,-1,-1,-1
741,275,375.9931945800781,199.77549743652344,3.168426513671875,1.82257080078125,1,-1,-1,-1
741,276,375.9931945800781,199.77549743652344,3.168426513671875,1.82257080078125,1,-1,-1,-1
761,277,364.889892578125,133.96340942382812,29.973541259765625,13.458465576171875,1,-1,-1,-1
761,275,369.6490783691406,229.271728515625,7.498870849609375,4.6799163818359375,1,-1,-1,-1
761,276,369.6490783691406,229.271728515625,7.498870849609375,4.6799163818359375,1,-1,-1,-1
781,277,329.9099426269531,184.8121337890625,27.6871337890625,7.110687255859375,1,-1,-1,-1
781,275,329.90972900390625,184.81211853027344,27.68731689453125,7.1107330322265625,1,-1,-1,-1
781,276,329.90972900390625,184.81211853027344,27.68731689453125,7.1107330322265625,1,-1,-1,-1
801,277,337.73297119140625,188.51756286621094,35.654510498046875,11.02362060546875,1,-1,-1,-1
801,275,337.73297119140625,188.51756286621094,35.654510498046875,11.02362060546875,1,-1,-1,-1
801,276,337.73297119140625,188.51756286621094,35.654510498046875,11.02362060546875,1,-1,-1,-1
821,277,367.214599609375,168.1578826904297,39.27685546875,12.379379272460938,1,-1,-1,-1
821,275,367.214599609375,168.1578826904297,39.27685546875,12.379379272460938,1,-1,-1,-1
821,276,367.214599609375,168.1578826904297,39.27685546875,12.379379272460938,1,-1,-1,-1
841,278,213.60174560546875,167.37310791015625,5.7295989990234375,3.2371368408203125,1,-1,-1,-1
841,277,386.6908264160156,186.2884063720703,43.244110107421875,13.061111450195312,1,-1,-1,-1
841,275,386.6908264160156,186.2884063720703,43.244110107421875,13.061111450195312,1,-1,-1,-1
841,276,386.6908264160156,186.2884063720703,43.244110107421875,13.061111450195312,1,-1,-1,-1
861,278,207.9855499267578,167.53375244140625,5.0414276123046875,3.5094146728515625,1,-1,-1,-1
861,277,435.2023620605469,173.2431640625,53.57080078125,18.745559692382812,1,-1,-1,-1
861,275,435.2023620605469,173.2431640625,53.57080078125,18.745559692382812,1,-1,-1,-1
861,276,435.2023620605469,173.2431640625,53.57080078125,18.745559692382812,1,-1,-1,-1
881,278,227.40130615234375,171.6155242919922,4.51873779296875,2.399078369140625,1,-1,-1,-1
881,277,448.030517578125,198.94757080078125,63.197235107421875,20.578338623046875,1,-1,-1,-1
881,275,448.030517578125,198.94757080078125,63.197235107421875,20.578338623046875,1,-1,-1,-1
881,276,448.030517578125,198.94757080078125,63.197235107421875,20.578338623046875,1,-1,-1,-1
901,278,263.1075439453125,173.2102508544922,4.330047607421875,2.2314300537109375,1,-1,-1,-1
901,277,534.6837768554688,223.9771270751953,78.09002685546875,18.819808959960938,1,-1,-1,-1
901,275,534.683837890625,223.9771270751953,78.08990478515625,18.819808959960938,1,-1,-1,-1
901,276,534.683837890625,223.9771270751953,78.08990478515625,18.819808959960938,1,-1,-1,-1
921,278,281.9393615722656,172.5225067138672,5.2021484375,4.212310791015625,1,-1,-1,-1
941,278,291.76068115234375,173.28707885742188,4.35882568359375,2.5821075439453125,1,-1,-1,-1
961,278,284.7652587890625,172.11651611328125,5.71044921875,3.268524169921875,1,-1,-1,-1
981,278,268.3669128417969,171.50856018066406,2.924957275390625,3.0198822021484375,1,-1,-1,-1
1001,278,250.06961059570312,171.4832000732422,4.3079071044921875,2.9881591796875,1,-1,-1,-1
1021,278,233.33370971679688,170.3687286376953,4.469451904296875,2.3386383056640625,1,-1,-1,-1
1041,278,234.99905395507812,169.9286346435547,5.009796142578125,2.686737060546875,1,-1,-1,-1
1061,278,242.74703979492188,169.23037719726562,7.889251708984375,3.85498046875,1,-1,-1,-1
1081,278,255.81002807617188,169.17831420898438,3.452392578125,2.440216064453125,1,-1,-1,-1
1101,278,261.3814697265625,168.337890625,4.69537353515625,2.4877166748046875,1,-1,-1,-1
1121,278,261.1106262207031,148.45921325683594,4.1688232421875,2.422882080078125,1,-1,-1,-1
1141,278,261.9609069824219,138.35653686523438,6.095977783203125,3.485321044921875,1,-1,-1,-1
1161,279,262.7004089355469,114.8966293334961,5.746429443359375,3.056365966796875,1,-1,-1,-1
1161,278,262.7004089355469,114.89663696289062,5.746429443359375,3.056365966796875,1,-1,-1,-1
1181,279,260.08258056640625,105.14879608154297,3.994476318359375,2.7330856323242188,1,-1,-1,-1
1181,278,260.08258056640625,105.14879608154297,3.994476318359375,2.7330856323242188,1,-1,-1,-1
1201,279,259.1773376464844,104.47245788574219,6.037078857421875,3.1653289794921875,1,-1,-1,-1
1201,278,259.1773376464844,104.47245788574219,6.037078857421875,3.1653289794921875,1,-1,-1,-1
1221,279,258.4346008300781,103.38206481933594,4.258880615234375,2.8052520751953125,1,-1,-1,-1
1221,278,258.4345703125,103.38206481933594,4.2589111328125,2.8052520751953125,1,-1,-1,-1
1241,280,237.6560821533203,159.82701110839844,9.952850341796875,3.81109619140625,1,-1,-1,-1
1261,280,258.866455078125,101.14114379882812,3.406005859375,2.184112548828125,1,-1,-1,-1
1281,281,261.14202880859375,97.4116439819336,5.840362548828125,4.019256591796875,1,-1,-1,-1
1301,281,263.1943054199219,122.74578094482422,4.108367919921875,2.8730316162109375,1,-1,-1,-1
1341,282,262.74053955078125,181.00778198242188,3.8614501953125,2.407379150390625,1,-1,-1,-1
1361,282,264.6690979003906,202.25381469726562,4.37091064453125,2.460723876953125,1,-1,-1,-1
1381,282,267.253662109375,212.4297332763672,3.82763671875,2.058868408203125,1,-1,-1,-1
1401,282,274.2588195800781,223.44874572753906,6.622711181640625,2.6538848876953125,1,-1,-1,-1
1421,282,301.79132080078125,224.1884307861328,7.2764892578125,4.7863922119140625,1,-1,-1,-1
1441,282,313.30999755859375,225.25209045410156,7.574066162109375,4.802825927734375,1,-1,-1,-1
1461,283,223.9664306640625,85.44300079345703,13.996307373046875,5.5882568359375,1,-1,-1,-1
1461,282,301.3612976074219,225.2390594482422,8.302032470703125,5.092041015625,1,-1,-1,-1
1481,283,225.721923828125,123.50862121582031,13.655853271484375,5.180328369140625,1,-1,-1,-1
1481,282,285.1113586425781,225.925537109375,9.294189453125,5.1295013427734375,1,-1,-1,-1
1501,283,228.16006469726562,181.2010040283203,11.603958129882812,3.6331787109375,1,-1,-1,-1
1501,282,282.84197998046875,244.93331909179688,7.49285888671875,3.4048614501953125,1,-1,-1,-1
1521,283,230.63150024414062,189.5601043701172,11.342849731445312,4.4398040771484375,1,-1,-1,-1
1521,282,292.12847900390625,248.1710662841797,7.833953857421875,4.824462890625,1,-1,-1,-1
1541,283,248.6885986328125,178.71630859375,11.64227294921875,4.7492828369140625,1,-1,-1,-1
1541,282,313.54296875,247.88958740234375,6.522003173828125,4.15802001953125,1,-1,-1,-1
1561,284,327.2783203125,246.94973754882812,7.16363525390625,3.9071044921875,1,-1,-1,-1
1561,283,298.4394226074219,181.07957458496094,12.0107421875,4.342010498046875,1,-1,-1,-1
1561,282,298.4394226074219,181.07957458496094,12.0107421875,4.342010498046875,1,-1,-1,-1
1581,284,320.8509521484375,246.11158752441406,6.9449462890625,3.9442138671875,1,-1,-1,-1
1581,283,307.79107666015625,180.66249084472656,13.0096435546875,4.0489349365234375,1,-1,-1,-1
1581,282,307.7911682128906,180.66246032714844,13.00958251953125,4.0489349365234375,1,-1,-1,-1
1601,285,298.0989685058594,244.00416564941406,7.72686767578125,4.448638916015625,1,-1,-1,-1
1601,284,308.4382019042969,183.0674591064453,11.902435302734375,4.0562744140625,1,-1,-1,-1
1601,283,308.4382019042969,183.0674591064453,11.902435302734375,4.0562744140625,1,-1,-1,-1
1601,282,308.43829345703125,183.06752014160156,11.902435302734375,4.0562286376953125,1,-1,-1,-1
1621,285,285.8209533691406,240.94973754882812,9.849456787109375,5.0440673828125,1,-1,-1,-1
1621,284,307.3030090332031,202.24078369140625,11.644775390625,4.4947509765625,1,-1,-1,-1
1621,283,307.3030090332031,202.24078369140625,11.644775390625,4.4947509765625,1,-1,-1,-1
1621,282,307.3030090332031,202.24078369140625,11.644775390625,4.4947509765625,1,-1,-1,-1
1641,285,275.96875,240.056884765625,8.213134765625,5.131561279296875,1,-1,-1,-1
1641,284,311.81201171875,192.1238250732422,13.79327392578125,3.7574005126953125,1,-1,-1,-1
1641,283,311.81201171875,192.1238250732422,13.79327392578125,3.7574005126953125,1,-1,-1,-1
1641,282,311.81201171875,192.1238250732422,13.79327392578125,3.7574005126953125,1,-1,-1,-1
1661,285,253.79737854003906,239.96954345703125,11.038619995117188,5.047821044921875,1,-1,-1,-1
1661,284,316.12890625,132.85641479492188,15.136383056640625,6.1475372314453125,1,-1,-1,-1
1661,283,316.12890625,132.85641479492188,15.136383056640625,6.1475372314453125,1,-1,-1,-1
1661,282,316.12890625,132.85641479492188,15.136383056640625,6.1475372314453125,1,-1,-1,-1
1681,285,249.72720336914062,237.31204223632812,9.961151123046875,5.0862884521484375,1,-1,-1,-1
1681,284,318.4385070800781,124.81866455078125,14.911376953125,5.2076873779296875,1,-1,-1,-1
1681,283,318.4385070800781,124.81866455078125,14.911376953125,5.2076873779296875,1,-1,-1,-1
1681,282,318.43853759765625,124.81871032714844,14.911376953125,5.2076873779296875,1,-1,-1,-1
1701,285,250.7037353515625,231.1610565185547,13.525726318359375,6.196380615234375,1,-1,-1,-1
1701,284,318.8064270019531,150.36602783203125,14.04669189453125,5.0543975830078125,1,-1,-1,-1
1701,283,318.8064270019531,150.36605834960938,14.04669189453125,5.0543975830078125,1,-1,-1,-1
1701,282,318.8064270019531,150.36602783203125,14.04669189453125,5.0543975830078125,1,-1,-1,-1
1721,285,255.17910766601562,219.8818359375,9.569793701171875,4.7079315185546875,1,-1,-1,-1
1721,284,320.03167724609375,191.46292114257812,13.642181396484375,4.23956298828125,1,-1,-1,-1
1721,283,320.03167724609375,191.46292114257812,13.642181396484375,4.23956298828125,1,-1,-1,-1
1721,282,320.03167724609375,191.46292114257812,13.642181396484375,4.23956298828125,1,-1,-1,-1
1741,285,255.22219848632812,231.4133758544922,12.05352783203125,5.2225799560546875,1,-1,-1,-1
1741,284,318.0826721191406,160.11207580566406,14.547943115234375,4.3372955322265625,1,-1,-1,-1
1741,283,318.0826721191406,160.11207580566406,14.547943115234375,4.3372955322265625,1,-1,-1,-1
1741,282,318.0826721191406,160.11207580566406,14.547943115234375,4.3372955322265625,1,-1,-1,-1
1761,285,254.67835998535156,241.2399444580078,12.325912475585938,5.4906768798828125,1,-1,-1,-1
1761,284,320.53387451171875,115.42823028564453,13.178466796875,5.580497741699219,1,-1,-1,-1
1761,283,320.53387451171875,115.42823028564453,13.178466796875,5.580497741699219,1,-1,-1,-1
1761,282,320.53387451171875,115.42823028564453,13.178466796875,5.580497741699219,1,-1,-1,-1
1781,285,256.3970947265625,233.7846221923828,12.3055419921875,5.6655120849609375,1,-1,-1,-1
1781,284,319.4682922363281,100.42782592773438,13.7044677734375,4.6260223388671875,1,-1,-1,-1
1781,283,319.4682922363281,100.42782592773438,13.7044677734375,4.6260223388671875,1,-1,-1,-1
1781,282,319.4682922363281,100.42782592773438,13.7044677734375,4.6260223388671875,1,-1,-1,-1
1801,285,265.2620544433594,224.44381713867188,13.141082763671875,5.478485107421875,1,-1,-1,-1
1801,284,319.6559143066406,84.07172393798828,13.340972900390625,5.260650634765625,1,-1,-1,-1
1801,283,319.6559143066406,84.07172393798828,13.340972900390625,5.260650634765625,1,-1,-1,-1
1801,282,319.6559143066406,84.07172393798828,13.340972900390625,5.260650634765625,1,-1,-1,-1
1821,285,286.35772705078125,208.49693298339844,20.67462158203125,6.2909088134765625,1,-1,-1,-1
1821,284,319.2047424316406,55.51945114135742,13.104217529296875,5.502574920654297,1,-1,-1,-1
1821,283,319.2047424316406,55.51945114135742,13.104217529296875,5.502574920654297,1,-1,-1,-1
1821,282,319.2047424316406,55.51945114135742,13.104217529296875,5.502574920654297,1,-1,-1,-1
1841,285,311.7389831542969,186.00665283203125,32.2734375,15.58062744140625,1,-1,-1,-1
1841,284,320.6706237792969,102.31620788574219,12.493133544921875,5.105964660644531,1,-1,-1,-1
1841,283,320.6706237792969,102.31620788574219,12.493133544921875,5.105964660644531,1,-1,-1,-1
1841,282,320.6706237792969,102.31620788574219,12.493133544921875,5.105964660644531,1,-1,-1,-1
1861,285,322.126220703125,170.6873016357422,13.242279052734375,4.565216064453125,1,-1,-1,-1
1861,284,322.1263122558594,170.6873016357422,13.242279052734375,4.565216064453125,1,-1,-1,-1
1861,283,322.1263122558594,170.6873016357422,13.242279052734375,4.565216064453125,1,-1,-1,-1
1861,282,322.1263122558594,170.6873016357422,13.242279052734375,4.565216064453125,1,-1,-1,-1
1881,285,305.2884216308594,162.86203002929688,50.255126953125,22.102218627929688,1,-1,-1,-1
1881,284,305.2884216308594,162.86203002929688,50.255126953125,22.102218627929688,1,-1,-1,-1
1881,283,305.2884216308594,162.86203002929688,50.255126953125,22.102203369140625,1,-1,-1,-1
1881,282,305.2884216308594,162.86203002929688,50.255126953125,22.102203369140625,1,-1,-1,-1
1901,285,326.9723205566406,167.91021728515625,15.76116943359375,6.9211273193359375,1,-1,-1,-1
1901,284,326.9723205566406,167.91018676757812,15.76116943359375,6.9211273193359375,1,-1,-1,-1
1901,283,326.9723205566406,167.91021728515625,15.76116943359375,6.9211273193359375,1,-1,-1,-1
1901,282,326.9723205566406,167.91021728515625,15.76116943359375,6.9211273193359375,1,-1,-1,-1
1921,285,329.77593994140625,164.26382446289062,18.26751708984375,6.5333709716796875,1,-1,-1,-1
1921,284,329.77593994140625,164.26382446289062,18.26751708984375,6.5333709716796875,1,-1,-1,-1
1921,283,329.77593994140625,164.26382446289062,18.26751708984375,6.5333709716796875,1,-1,-1,-1
1921,282,329.77593994140625,164.26382446289062,18.26751708984375,6.5333709716796875,1,-1,-1,-1
1941,285,339.5851135253906,155.2035675048828,19.538421630859375,5.7254486083984375,1,-1,-1,-1
1941,284,339.5851135253906,155.2035675048828,19.538421630859375,5.7254486083984375,1,-1,-1,-1
1941,283,339.5851135253906,155.2035675048828,19.538421630859375,5.7254486083984375,1,-1,-1,-1
1941,282,339.5851135253906,155.2035675048828,19.538421630859375,5.7254486083984375,1,-1,-1,-1
1961,285,340.76922607421875,155.05809020996094,17.366424560546875,5.173583984375,1,-1,-1,-1
1961,284,340.76922607421875,155.05809020996094,17.366424560546875,5.173583984375,1,-1,-1,-1
1961,283,340.76922607421875,155.05809020996094,17.366424560546875,5.173583984375,1,-1,-1,-1
1961,282,340.76922607421875,155.05809020996094,17.366424560546875,5.173583984375,1,-1,-1,-1
1981,285,341.4349670410156,155.02874755859375,17.489013671875,5.78466796875,1,-1,-1,-1
1981,284,341.4349670410156,155.02874755859375,17.489013671875,5.78466796875,1,-1,-1,-1
1981,283,341.4349670410156,155.02874755859375,17.489013671875,5.78466796875,1,-1,-1,-1
1981,282,341.4349670410156,155.02874755859375,17.489013671875,5.78466796875,1,-1,-1,-1
2001,285,354.6356506347656,141.36785888671875,17.738037109375,5.2515716552734375,1,-1,-1,-1
2001,284,354.6356506347656,141.36785888671875,17.738037109375,5.2515716552734375,1,-1,-1,-1
2001,283,354.6356506347656,141.36785888671875,17.738037109375,5.2515716552734375,1,-1,-1,-1
2001,282,354.6356506347656,141.36785888671875,17.738037109375,5.2515716552734375,1,-1,-1,-1
2021,285,369.01190185546875,123.8127670288086,23.2216796875,7.489128112792969,1,-1,-1,-1
2021,284,369.01190185546875,123.8127670288086,23.2216796875,7.489128112792969,1,-1,-1,-1
2021,283,369.01190185546875,123.8127670288086,23.2216796875,7.489128112792969,1,-1,-1,-1
2021,282,369.01190185546875,123.8127670288086,23.2216796875,7.489128112792969,1,-1,-1,-1
2041,285,368.9175720214844,120.40489959716797,23.378387451171875,6.6193084716796875,1,-1,-1,-1
2041,284,368.9175720214844,120.40489959716797,23.378387451171875,6.6193084716796875,1,-1,-1,-1
2041,283,368.9175720214844,120.40489959716797,23.378387451171875,6.6193084716796875,1,-1,-1,-1
2041,282,368.9175720214844,120.40489959716797,23.378387451171875,6.6193084716796875,1,-1,-1,-1
2061,285,369.11370849609375,120.64039611816406,24.2294921875,6.2426605224609375,1,-1,-1,-1
2061,284,369.11370849609375,120.64039611816406,24.2294921875,6.2426605224609375,1,-1,-1,-1
2061,283,369.11370849609375,120.64039611816406,24.2294921875,6.2426605224609375,1,-1,-1,-1
2061,282,369.11370849609375,120.64039611816406,24.2294921875,6.2426605224609375,1,-1,-1,-1
2081,285,336.50018310546875,120.64845275878906,21.656005859375,6.279869079589844,1,-1,-1,-1
2081,284,336.50018310546875,120.64845275878906,21.656005859375,6.279869079589844,1,-1,-1,-1
2081,283,336.50018310546875,120.64845275878906,21.656005859375,6.279869079589844,1,-1,-1,-1
2081,282,336.50018310546875,120.64845275878906,21.656005859375,6.279869079589844,1,-1,-1,-1
2101,285,302.00390625,123.54434967041016,20.8909912109375,7.502052307128906,1,-1,-1,-1
2101,284,302.00390625,123.54434967041016,20.8909912109375,7.502052307128906,1,-1,-1,-1
2101,283,302.00390625,123.54434967041016,20.8909912109375,7.502052307128906,1,-1,-1,-1
2101,282,302.00390625,123.54434967041016,20.8909912109375,7.502052307128906,1,-1,-1,-1
2121,286,149.22213745117188,136.93722534179688,12.903244018554688,7.1871490478515625,1,-1,-1,-1
2121,285,294.21136474609375,178.98699951171875,23.18377685546875,6.0825042724609375,1,-1,-1,-1
2121,284,294.21136474609375,178.98699951171875,23.18377685546875,6.0825042724609375,1,-1,-1,-1
2121,283,294.21136474609375,178.98699951171875,23.18377685546875,6.0825042724609375,1,-1,-1,-1
2121,282,294.21136474609375,178.98699951171875,23.18377685546875,6.0825042724609375,1,-1,-1,-1
2141,286,193.3220672607422,167.01402282714844,11.50238037109375,5.0558929443359375,1,-1,-1,-1
2141,285,305.31634521484375,192.2095947265625,21.796356201171875,7.1091766357421875,1,-1,-1,-1
2141,284,305.31634521484375,192.2095947265625,21.796356201171875,7.1091766357421875,1,-1,-1,-1
2141,283,305.31634521484375,192.2095947265625,21.796356201171875,7.1091766357421875,1,-1,-1,-1
2141,282,305.31634521484375,192.2095947265625,21.796356201171875,7.1091766357421875,1,-1,-1,-1
