1,312,295.44940185546875,137.278564453125,25.19482421875,25.027755737304688,1,-1,-1,-1
21,312,316.365478515625,120.67388916015625,8.93621826171875,3.5595932006835938,1,-1,-1,-1
41,312,320.7180480957031,125.6573715209961,7.922119140625,3.2884597778320312,1,-1,-1,-1
61,312,297.651123046875,126.61526489257812,29.6795654296875,8.918319702148438,1,-1,-1,-1
81,312,320.65838623046875,124.4322280883789,6.1138916015625,3.8604507446289062,1,-1,-1,-1
101,312,321.8032531738281,124.72177124023438,7.866424560546875,3.320068359375,1,-1,-1,-1
121,312,320.3506774902344,124.93689727783203,10.0860595703125,3.2093582153320312,1,-1,-1,-1
141,312,321.5967102050781,145.5653839111328,9.181304931640625,3.8189697265625,1,-1,-1,-1
161,312,322.1103515625,172.09817504882812,8.170257568359375,3.042633056640625,1,-1,-1,-1
181,312,295.38336181640625,152.90985107421875,57.195831298828125,21.350601196289062,1,-1,-1,-1
201,312,321.8822021484375,149.15328979492188,7.76971435546875,3.361358642578125,1,-1,-1,-1
221,312,321.82696533203125,148.765869140625,8.9571533203125,5.511749267578125,1,-1,-1,-1
241,312,311.9701843261719,156.3682098388672,8.189422607421875,5.0483245849609375,1,-1,-1,-1
261,312,300.55474853515625,158.17813110351562,71.07696533203125,21.105438232421875,1,-1,-1,-1
281,313,292.876708984375,148.76739501953125,100.1041259765625,25.517807006835938,1,-1,-1,-1
301,314,290.2095642089844,181.22677612304688,4.612762451171875,2.683074951171875,1,-1,-1,-1
301,313,312.2221374511719,129.94775390625,88.68978881835938,31.625015258789062,1,-1,-1,-1
321,314,291.19622802734375,212.64096069335938,6.45892333984375,3.6324005126953125,1,-1,-1,-1
321,313,310.4177551269531,113.9651870727539,99.89828491210938,34.43956756591797,1,-1,-1,-1
341,314,175.4994354248047,106.78431701660156,113.52839660644531,36.006561279296875,1,-1,-1,-1
341,313,175.49948120117188,106.78430938720703,113.5283203125,36.006568908691406,1,-1,-1,-1
361,315,280.25225830078125,223.10177612304688,6.61065673828125,3.665771484375,1,-1,-1,-1
361,314,92.879638671875,103.7502670288086,82.23756408691406,40.03868865966797,1,-1,-1,-1
361,313,92.87965393066406,103.75028991699219,82.23753356933594,40.03868103027344,1,-1,-1,-1
381,315,267.4494323730469,226.83372497558594,9.785186767578125,4.25,1,-1,-1,-1
381,314,181.93077087402344,98.5154800415039,94.83564758300781,33.497840881347656,1,-1,-1,-1
381,313,181.9307861328125,98.51549530029297,94.83563232421875,33.497825622558594,1,-1,-1,-1
401,315,287.2939453125,230.6807861328125,9.525909423828125,5.665130615234375,1,-1,-1,-1
401,314,361.78076171875,99.3749771118164,93.2470703125,35.64421844482422,1,-1,-1,-1
401,313,361.78076171875,99.3749771118164,93.2470703125,35.64421844482422,1,-1,-1,-1
421,315,325.6985168457031,233.721435546875,6.658782958984375,3.700836181640625,1,-1,-1,-1
421,314,480.02642822265625,102.24365234375,118.58294677734375,33.19683837890625,1,-1,-1,-1
421,313,480.02642822265625,102.24365234375,118.58294677734375,33.19683837890625,1,-1,-1,-1
441,315,325.675537109375,234.36277770996094,6.18194580078125,3.1718292236328125,1,-1,-1,-1
441,314,520.608154296875,107.86585235595703,104.094970703125,29.61888885498047,1,-1,-1,-1
441,313,520.608154296875,107.86585235595703,104.094970703125,29.61888885498047,1,-1,-1,-1
461,315,284.4029235839844,232.54978942871094,7.714813232421875,5.034576416015625,1,-1,-1,-1
461,314,317.47711181640625,97.27664184570312,95.72982788085938,38.71714782714844,1,-1,-1,-1
461,313,317.47711181640625,97.27664947509766,95.72982788085938,38.717124938964844,1,-1,-1,-1
481,315,254.05999755859375,232.2362060546875,10.656890869140625,5.413055419921875,1,-1,-1,-1
481,314,254.06614685058594,232.23797607421875,10.647109985351562,5.411712646484375,1,-1,-1,-1
481,313,254.06614685058594,232.23797607421875,10.647109985351562,5.411712646484375,1,-1,-1,-1
501,315,267.9227294921875,232.34365844726562,8.455718994140625,4.89495849609375,1,-1,-1,-1
501,314,267.9227294921875,232.34365844726562,8.455718994140625,4.89495849609375,1,-1,-1,-1
501,313,267.9227294921875,232.34365844726562,8.455718994140625,4.89495849609375,1,-1,-1,-1
521,315,314.9947814941406,233.8118438720703,8.23699951171875,3.41143798828125,1,-1,-1,-1
521,314,314.9947814941406,233.8118438720703,8.23699951171875,3.41143798828125,1,-1,-1,-1
521,313,314.9947814941406,233.8118438720703,8.23699951171875,3.41143798828125,1,-1,-1,-1
541,315,351.4476318359375,234.3084259033203,5.802703857421875,3.4137420654296875,1,-1,-1,-1
541,314,351.4476318359375,234.3084259033203,5.802703857421875,3.4137420654296875,1,-1,-1,-1
541,313,351.4476318359375,234.3084259033203,5.802703857421875,3.4137420654296875,1,-1,-1,-1
561,315,350.1101379394531,233.56280517578125,6.171112060546875,3.6415863037109375,1,-1,-1,-1
561,314,350.1101379394531,233.56280517578125,6.171112060546875,3.6415863037109375,1,-1,-1,-1
561,313,350.1101379394531,233.56280517578125,6.171112060546875,3.6415863037109375,1,-1,-1,-1
581,315,324.78228759765625,232.07196044921875,8.022613525390625,3.6822662353515625,1,-1,-1,-1
581,314,324.78228759765625,232.07196044921875,8.022613525390625,3.6822662353515625,1,-1,-1,-1
581,313,324.78228759765625,232.07196044921875,8.022613525390625,3.6822662353515625,1,-1,-1,-1
601,315,304.9661560058594,228.87384033203125,10.923797607421875,5.643707275390625,1,-1,-1,-1
601,314,304.9661560058594,228.87384033203125,10.923797607421875,5.643707275390625,1,-1,-1,-1
601,313,304.96612548828125,228.8738555908203,10.923828125,5.6437225341796875,1,-1,-1,-1
621,315,318.01959228515625,228.55343627929688,7.625274658203125,3.8187713623046875,1,-1,-1,-1
621,314,318.01959228515625,228.55343627929688,7.625274658203125,3.8187713623046875,1,-1,-1,-1
621,313,318.01959228515625,228.55343627929688,7.625274658203125,3.8187713623046875,1,-1,-1,-1
641,315,321.6573791503906,227.14939880371094,8.076385498046875,4.0397491455078125,1,-1,-1,-1
641,314,321.6573791503906,227.14939880371094,8.076385498046875,4.0397491455078125,1,-1,-1,-1
641,313,321.6573791503906,227.14939880371094,8.076385498046875,4.0397491455078125,1,-1,-1,-1
661,315,330.12249755859375,223.8087615966797,9.706787109375,4.40277099609375,1,-1,-1,-1
661,314,330.12249755859375,223.8087615966797,9.706787109375,4.40277099609375,1,-1,-1,-1
661,313,330.12249755859375,223.8087615966797,9.706787109375,4.40277099609375,1,-1,-1,-1
701,316,362.9568786621094,211.24099731445312,5.961090087890625,3.294525146484375,1,-1,-1,-1
721,316,338.8872985839844,201.71800231933594,8.0673828125,3.48150634765625,1,-1,-1,-1
741,316,299.3582458496094,190.04652404785156,10.34271240234375,5.433685302734375,1,-1,-1,-1
761,316,290.54974365234375,189.4849853515625,9.965118408203125,3.6943206787109375,1,-1,-1,-1
781,316,287.938232421875,190.35101318359375,8.946868896484375,3.8691558837890625,1,-1,-1,-1
801,316,269.9145202636719,192.0027618408203,8.197723388671875,4.339599609375,1,-1,-1,-1
821,316,225.7679901123047,197.64071655273438,10.202865600585938,4.837890625,1,-1,-1,-1
841,316,203.37542724609375,206.83090209960938,10.452056884765625,5.1273651123046875,1,-1,-1,-1
861,317,193.55178833007812,95.88804626464844,93.43667602539062,34.072021484375,1,-1,-1,-1
881,318,278.7626953125,221.17115783691406,4.84027099609375,3.10479736328125,1,-1,-1,-1
901,318,294.0151062011719,222.45712280273438,8.440826416015625,4.496490478515625,1,-1,-1,-1
921,318,307.48828125,221.5009765625,7.675872802734375,4.883392333984375,1,-1,-1,-1
941,318,303.32281494140625,222.80029296875,8.794219970703125,4.1475067138671875,1,-1,-1,-1
961,318,288.0533142089844,222.7242889404297,8.458740234375,4.451385498046875,1,-1,-1,-1
981,318,284.5661926269531,222.9707489013672,10.659088134765625,5.2671661376953125,1,-1,-1,-1
1001,318,286.69580078125,222.71517944335938,8.05718994140625,4.5810089111328125,1,-1,-1,-1
1021,318,288.73492431640625,221.549560546875,8.86248779296875,5.5049285888671875,1,-1,-1,-1
1041,318,311.5400390625,220.96177673339844,8.795623779296875,4.6491851806640625,1,-1,-1,-1
1061,318,329.4825744628906,219.0386962890625,10.519561767578125,4.5858917236328125,1,-1,-1,-1
1081,319,350.9883117675781,217.5316619873047,5.597442626953125,2.881805419921875,1,-1,-1,-1
1101,319,331.5799560546875,213.0017547607422,8.3037109375,4.4864959716796875,1,-1,-1,-1
1121,319,316.89825439453125,209.2179412841797,7.99700927734375,3.707550048828125,1,-1,-1,-1
1141,320,305.5592041015625,205.97854614257812,7.3702392578125,4.5425872802734375,1,-1,-1,-1
1161,320,286.0490417480469,202.28053283691406,8.28826904296875,4.7392730712890625,1,-1,-1,-1
1181,320,265.96722412109375,205.8310089111328,7.229278564453125,3.361419677734375,1,-1,-1,-1
1201,320,258.2394714355469,209.76698303222656,7.74169921875,4.4347381591796875,1,-1,-1,-1
1221,320,286.61065673828125,213.5554656982422,5.759307861328125,4.6520233154296875,1,-1,-1,-1
1241,320,291.3769836425781,216.8610382080078,8.203765869140625,4.257843017578125,1,-1,-1,-1
1261,320,299.8514404296875,217.60415649414062,7.3497314453125,4.15069580078125,1,-1,-1,-1
1281,320,306.8785400390625,218.56185913085938,8.11468505859375,4.9473724365234375,1,-1,-1,-1
1301,320,302.8807678222656,221.26473999023438,8.6107177734375,3.9643402099609375,1,-1,-1,-1
1321,320,291.5365905761719,225.76609802246094,8.5184326171875,4.923980712890625,1,-1,-1,-1
1341,320,270.1633605957031,230.29388427734375,7.418975830078125,4.52667236328125,1,-1,-1,-1
1381,322,256.86572265625,234.54815673828125,9.452972412109375,4.9461517333984375,1,-1,-1,-1
1381,321,423.1836242675781,164.50367736816406,132.81863403320312,35.256622314453125,1,-1,-1,-1
1401,322,202.71572875976562,168.1818389892578,140.44247436523438,34.010650634765625,1,-1,-1,-1
1401,321,202.83668518066406,168.1866455078125,140.02842712402344,34.02384948730469,1,-1,-1,-1
1421,323,306.03643798828125,236.767822265625,7.555419921875,4.750213623046875,1,-1,-1,-1
1441,324,315.3830871582031,235.4427032470703,7.5113525390625,3.32061767578125,1,-1,-1,-1
1461,324,298.94940185546875,165.21142578125,142.5152587890625,37.102813720703125,1,-1,-1,-1
1481,325,355.07977294921875,225.143310546875,3.45587158203125,2.7010498046875,1,-1,-1,-1
1481,324,433.332763671875,165.35353088378906,127.2994384765625,40.94415283203125,1,-1,-1,-1
1501,325,378.7193298339844,217.52146911621094,6.219482421875,3.403228759765625,1,-1,-1,-1
1501,324,327.922119140625,167.85130310058594,125.84808349609375,51.944183349609375,1,-1,-1,-1
1521,325,395.4212951660156,208.9361572265625,6.695098876953125,2.735260009765625,1,-1,-1,-1
1521,324,129.8745574951172,172.9680633544922,78.4739990234375,27.415740966796875,1,-1,-1,-1
1541,325,390.1719665527344,201.4665985107422,4.850677490234375,2.7403564453125,1,-1,-1,-1
1541,324,390.1719665527344,201.4665985107422,4.850677490234375,2.7403564453125,1,-1,-1,-1
1561,325,361.8426818847656,199.64169311523438,8.572021484375,3.105133056640625,1,-1,-1,-1
1561,324,361.8426818847656,199.64169311523438,8.572021484375,3.105133056640625,1,-1,-1,-1
1581,326,355.04345703125,218.14935302734375,5.679931640625,3.37457275390625,1,-1,-1,-1
1581,325,405.03466796875,166.4734344482422,148.53082275390625,39.504913330078125,1,-1,-1,-1
1581,324,405.034912109375,166.4734649658203,148.53057861328125,39.50477600097656,1,-1,-1,-1
1601,327,322.98883056640625,217.16644287109375,9.9747314453125,5.0710906982421875,1,-1,-1,-1
1601,326,349.6204833984375,168.6605682373047,117.7567138671875,36.25630187988281,1,-1,-1,-1
1601,325,349.6232604980469,168.66531372070312,117.75167846679688,36.24761962890625,1,-1,-1,-1
1601,324,349.6232604980469,168.66531372070312,117.75167846679688,36.24761962890625,1,-1,-1,-1
1621,327,135.9786834716797,168.67544555664062,105.02230834960938,30.671844482421875,1,-1,-1,-1
1621,326,135.97512817382812,168.6749267578125,105.03028869628906,30.671371459960938,1,-1,-1,-1
1621,325,135.97508239746094,168.67494201660156,105.03028869628906,30.67138671875,1,-1,-1,-1
1621,324,135.97509765625,168.6749267578125,105.03033447265625,30.671371459960938,1,-1,-1,-1
1641,327,268.4033508300781,214.22947692871094,8.35986328125,4.000518798828125,1,-1,-1,-1
1641,326,268.4033508300781,214.22947692871094,8.35986328125,4.000518798828125,1,-1,-1,-1
1641,325,268.4033508300781,214.22947692871094,8.35986328125,4.000518798828125,1,-1,-1,-1
1641,324,268.4033508300781,214.22947692871094,8.35986328125,4.000518798828125,1,-1,-1,-1
1661,327,246.36024475097656,213.49819946289062,10.709884643554688,4.96636962890625,1,-1,-1,-1
1661,326,246.36024475097656,213.49819946289062,10.709884643554688,4.96636962890625,1,-1,-1,-1
1661,325,246.36024475097656,213.49819946289062,10.709884643554688,4.96636962890625,1,-1,-1,-1
1661,324,246.36024475097656,213.49819946289062,10.709884643554688,4.96636962890625,1,-1,-1,-1
1681,327,264.785888671875,215.18064880371094,8.2830810546875,4.0514678955078125,1,-1,-1,-1
1681,326,264.785888671875,215.18064880371094,8.283111572265625,4.0514678955078125,1,-1,-1,-1
1681,325,264.785888671875,215.18064880371094,8.2830810546875,4.0514678955078125,1,-1,-1,-1
1681,324,264.785888671875,215.18064880371094,8.2830810546875,4.0514678955078125,1,-1,-1,-1
1701,327,291.1416320800781,216.96453857421875,9.48785400390625,4.533355712890625,1,-1,-1,-1
1701,326,291.1416320800781,216.96453857421875,9.48785400390625,4.533355712890625,1,-1,-1,-1
1701,325,291.1416320800781,216.96453857421875,9.48785400390625,4.533355712890625,1,-1,-1,-1
1701,324,291.1416320800781,216.96453857421875,9.48785400390625,4.533355712890625,1,-1,-1,-1
1721,327,293.03533935546875,217.67820739746094,9.043975830078125,4.6638336181640625,1,-1,-1,-1
1721,326,293.03533935546875,217.67820739746094,9.043975830078125,4.6638336181640625,1,-1,-1,-1
1721,325,293.03533935546875,217.67820739746094,9.043975830078125,4.6638336181640625,1,-1,-1,-1
1721,324,293.03533935546875,217.67820739746094,9.043975830078125,4.6638336181640625,1,-1,-1,-1
1741,327,293.74993896484375,188.21656799316406,7.845458984375,2.8450775146484375,1,-1,-1,-1
1741,326,293.74993896484375,188.21656799316406,7.845458984375,2.8450775146484375,1,-1,-1,-1
1741,325,293.74993896484375,188.21656799316406,7.845458984375,2.8450775146484375,1,-1,-1,-1
1741,324,293.74993896484375,188.21656799316406,7.845458984375,2.8450775146484375,1,-1,-1,-1
1761,327,293.83392333984375,181.1296844482422,7.853668212890625,2.7314300537109375,1,-1,-1,-1
1761,326,293.83392333984375,181.1296844482422,7.853668212890625,2.7314300537109375,1,-1,-1,-1
1761,325,293.833984375,181.1296844482422,7.853607177734375,2.7314300537109375,1,-1,-1,-1
1761,324,293.8339538574219,181.1296844482422,7.853607177734375,2.7314300537109375,1,-1,-1,-1
1781,327,293.1890869140625,153.1604461669922,5.93023681640625,2.76812744140625,1,-1,-1,-1
1781,326,293.1890869140625,153.1604461669922,5.93023681640625,2.76812744140625,1,-1,-1,-1
1781,325,293.1890869140625,153.1604461669922,5.93023681640625,2.76812744140625,1,-1,-1,-1
1781,324,293.1890869140625,153.1604461669922,5.93023681640625,2.76812744140625,1,-1,-1,-1
1801,327,292.65753173828125,129.1455535888672,6.508148193359375,2.87091064453125,1,-1,-1,-1
1801,326,292.6575012207031,129.1455535888672,6.50811767578125,2.87091064453125,1,-1,-1,-1
1801,325,292.6575012207031,129.1455535888672,6.50811767578125,2.87091064453125,1,-1,-1,-1
1801,324,292.6575012207031,129.1455535888672,6.50811767578125,2.87091064453125,1,-1,-1,-1
1821,327,300.7252197265625,121.7596206665039,8.084869384765625,3.5654296875,1,-1,-1,-1
1821,326,300.7252197265625,121.7596206665039,8.084869384765625,3.5654296875,1,-1,-1,-1
1821,325,300.7252197265625,121.7596206665039,8.084869384765625,3.5654296875,1,-1,-1,-1
1821,324,300.7252197265625,121.7596206665039,8.084869384765625,3.5654296875,1,-1,-1,-1
1841,327,304.943603515625,143.38058471679688,7.80572509765625,2.850433349609375,1,-1,-1,-1
1841,326,304.943603515625,143.38058471679688,7.80572509765625,2.850433349609375,1,-1,-1,-1
1841,325,304.943603515625,143.38058471679688,7.80572509765625,2.850433349609375,1,-1,-1,-1
1841,324,304.94354248046875,143.38058471679688,7.80572509765625,2.850433349609375,1,-1,-1,-1
1861,327,300.5636901855469,154.0269317626953,8.582916259765625,4.64666748046875,1,-1,-1,-1
1861,326,300.5636901855469,154.0269317626953,8.582916259765625,4.64666748046875,1,-1,-1,-1
1861,325,300.5636901855469,154.0269317626953,8.582916259765625,4.64666748046875,1,-1,-1,-1
1861,324,300.5636901855469,154.0269317626953,8.582916259765625,4.64666748046875,1,-1,-1,-1
1881,327,285.102294921875,164.70852661132812,8.159149169921875,4.1852264404296875,1,-1,-1,-1
1881,326,285.102294921875,164.70852661132812,8.159149169921875,4.1852264404296875,1,-1,-1,-1
1881,325,285.102294921875,164.70852661132812,8.159149169921875,4.1852264404296875,1,-1,-1,-1
1881,324,285.102294921875,164.70852661132812,8.159149169921875,4.1852264404296875,1,-1,-1,-1
1901,327,267.3068542480469,177.6042938232422,7.32574462890625,4.227691650390625,1,-1,-1,-1
1901,326,267.3068542480469,177.6042938232422,7.32574462890625,4.227691650390625,1,-1,-1,-1
1901,325,267.306884765625,177.6042938232422,7.325714111328125,4.227691650390625,1,-1,-1,-1
1901,324,267.306884765625,177.6042938232422,7.325714111328125,4.227691650390625,1,-1,-1,-1
1921,327,252.33712768554688,190.4230194091797,4.58734130859375,3.56927490234375,1,-1,-1,-1
1921,326,252.33712768554688,190.4230194091797,4.58734130859375,3.56927490234375,1,-1,-1,-1
1921,325,252.33712768554688,190.4230194091797,4.58734130859375,3.56927490234375,1,-1,-1,-1
1921,324,252.33712768554688,190.4230194091797,4.58734130859375,3.56927490234375,1,-1,-1,-1
1941,327,243.95367431640625,199.72503662109375,4.023956298828125,3.0695953369140625,1,-1,-1,-1
1941,326,243.95367431640625,199.72503662109375,4.023956298828125,3.0695953369140625,1,-1,-1,-1
1941,325,243.95367431640625,199.72503662109375,4.023956298828125,3.0695953369140625,1,-1,-1,-1
1941,324,243.95367431640625,199.72503662109375,4.023956298828125,3.0695953369140625,1,-1,-1,-1
1961,327,244.35049438476562,201.4853515625,5.0922393798828125,3.6507720947265625,1,-1,-1,-1
1961,326,244.35049438476562,201.4853515625,5.0922393798828125,3.6507720947265625,1,-1,-1,-1
1961,325,244.35049438476562,201.4853515625,5.0922393798828125,3.6507720947265625,1,-1,-1,-1
1961,324,244.35049438476562,201.4853515625,5.0922393798828125,3.6507720947265625,1,-1,-1,-1
1981,327,391.4813537597656,190.40750122070312,11.3729248046875,3.93341064453125,1,-1,-1,-1
1981,326,391.4813537597656,190.40750122070312,11.3729248046875,3.93341064453125,1,-1,-1,-1
1981,325,391.4813537597656,190.40750122070312,11.3729248046875,3.93341064453125,1,-1,-1,-1
1981,324,391.4813537597656,190.407470703125,11.3729248046875,3.933441162109375,1,-1,-1,-1
2001,327,385.3824462890625,190.5243377685547,9.524017333984375,3.9591217041015625,1,-1,-1,-1
2001,326,385.3824462890625,190.5243377685547,9.524017333984375,3.9591217041015625,1,-1,-1,-1
2001,325,385.3824462890625,190.5243377685547,9.524017333984375,3.9591217041015625,1,-1,-1,-1
2001,324,385.3824462890625,190.5243377685547,9.524017333984375,3.9591217041015625,1,-1,-1,-1
2021,327,364.2248229980469,190.4461669921875,10.26153564453125,4.0275726318359375,1,-1,-1,-1
2021,326,364.224853515625,190.4461669921875,10.261474609375,4.0275726318359375,1,-1,-1,-1
2021,325,364.224853515625,190.4461669921875,10.261474609375,4.0275726318359375,1,-1,-1,-1
2021,324,364.2248229980469,190.4461669921875,10.26153564453125,4.0275726318359375,1,-1,-1,-1
2041,327,339.81671142578125,190.4838104248047,10.799713134765625,4.092498779296875,1,-1,-1,-1
2041,326,339.81671142578125,190.4838104248047,10.799713134765625,4.092498779296875,1,-1,-1,-1
2041,325,339.81671142578125,190.4838104248047,10.799713134765625,4.092498779296875,1,-1,-1,-1
2041,324,339.81671142578125,190.4838104248047,10.799713134765625,4.092498779296875,1,-1,-1,-1
2061,328,252.41482543945312,236.55718994140625,9.941986083984375,3.78375244140625,1,-1,-1,-1
2061,327,335.669677734375,190.91000366210938,10.224365234375,3.8660736083984375,1,-1,-1,-1
2061,326,335.669677734375,190.91000366210938,10.224365234375,3.8660736083984375,1,-1,-1,-1
2061,325,335.669677734375,190.91000366210938,10.224365234375,3.8660736083984375,1,-1,-1,-1
2061,324,335.669677734375,190.91000366210938,10.224365234375,3.8660736083984375,1,-1,-1,-1
2081,328,255.9281005859375,234.14849853515625,9.360870361328125,5.1297607421875,1,-1,-1,-1
2081,327,320.27447509765625,190.5759735107422,9.699859619140625,4.0643768310546875,1,-1,-1,-1
2081,326,320.27447509765625,190.5759735107422,9.699859619140625,4.0643768310546875,1,-1,-1,-1
2081,325,320.27447509765625,190.5759735107422,9.699859619140625,4.0643768310546875,1,-1,-1,-1
2081,324,320.27447509765625,190.5759735107422,9.699859619140625,4.0643768310546875,1,-1,-1,-1
2101,328,301.0351257324219,190.24046325683594,10.13189697265625,4.6619720458984375,1,-1,-1,-1
2101,327,301.0351257324219,190.24046325683594,10.13189697265625,4.6619720458984375,1,-1,-1,-1
2101,326,301.0351257324219,190.24046325683594,10.13189697265625,4.6619720458984375,1,-1,-1,-1
2101,325,301.0351257324219,190.24046325683594,10.13189697265625,4.6619720458984375,1,-1,-1,-1
2101,324,301.0351257324219,190.24046325683594,10.13189697265625,4.6619720458984375,1,-1,-1,-1
