21,499,256.521728515625,156.98941040039062,11.93743896484375,4.32611083984375,1,-1,-1,-1
41,499,245.19451904296875,157.4832305908203,13.0277099609375,4.54052734375,1,-1,-1,-1
61,499,227.3169708251953,163.59815979003906,15.920211791992188,5.066162109375,1,-1,-1,-1
81,499,224.59225463867188,175.369140625,11.000625610351562,3.254364013671875,1,-1,-1,-1
101,499,223.11138916015625,188.5689697265625,16.9512939453125,4.817413330078125,1,-1,-1,-1
121,499,287.55535888671875,166.71310424804688,44.28472900390625,15.813125610351562,1,-1,-1,-1
201,500,233.4154052734375,207.2940673828125,17.566162109375,5.0551300048828125,1,-1,-1,-1
221,500,230.3203582763672,227.4010467529297,20.553024291992188,6.2529754638671875,1,-1,-1,-1
261,501,248.90321350097656,236.28712463378906,16.673782348632812,4.673736572265625,1,-1,-1,-1
281,501,258.1153564453125,234.46372985839844,19.31365966796875,5.0394287109375,1,-1,-1,-1
301,501,291.2817077636719,233.38441467285156,27.40863037109375,5.8253326416015625,1,-1,-1,-1
321,501,325.7566833496094,221.94691467285156,24.613433837890625,7.1915435791015625,1,-1,-1,-1
341,501,350.498779296875,195.7274627685547,19.08416748046875,6.93206787109375,1,-1,-1,-1
361,501,353.3644104003906,175.88453674316406,27.165740966796875,7.0632171630859375,1,-1,-1,-1
381,501,330.60614013671875,178.2049102783203,23.213134765625,6.5191192626953125,1,-1,-1,-1
401,501,286.4007568359375,184.0789337158203,23.625030517578125,5.201934814453125,1,-1,-1,-1
421,501,250.39059448242188,188.81289672851562,21.704559326171875,4.9666900634765625,1,-1,-1,-1
441,501,229.9411163330078,193.29550170898438,21.922882080078125,4.98095703125,1,-1,-1,-1
481,502,217.71363830566406,200.0543975830078,13.47119140625,5.610626220703125,1,-1,-1,-1
501,502,239.23492431640625,202.2861328125,10.63580322265625,3.1648712158203125,1,-1,-1,-1
521,502,261.0668029785156,203.44192504882812,11.0594482421875,3.2645263671875,1,-1,-1,-1
541,502,276.9860534667969,203.96678161621094,8.888031005859375,3.3846893310546875,1,-1,-1,-1
561,502,286.29180908203125,204.2185516357422,8.881500244140625,4.1551361083984375,1,-1,-1,-1
581,502,288.0912780761719,204.44586181640625,10.123992919921875,4.229095458984375,1,-1,-1,-1
601,502,291.3170471191406,201.87806701660156,8.202178955078125,2.9595794677734375,1,-1,-1,-1
621,502,291.9090576171875,200.7866973876953,8.7777099609375,2.7498016357421875,1,-1,-1,-1
641,502,294.7946472167969,199.78155517578125,9.926116943359375,3.694580078125,1,-1,-1,-1
661,502,295.614013671875,167.846435546875,48.127410888671875,23.965438842773438,1,-1,-1,-1
701,503,297.7979736328125,189.21102905273438,10.4788818359375,3.7434234619140625,1,-1,-1,-1
721,503,297.4930725097656,185.78143310546875,12.098480224609375,3.691436767578125,1,-1,-1,-1
741,503,298.44842529296875,182.73658752441406,11.121185302734375,3.474853515625,1,-1,-1,-1
761,503,299.7107238769531,179.78689575195312,9.300689697265625,3.236572265625,1,-1,-1,-1
781,503,299.3003845214844,176.53875732421875,9.790679931640625,2.758880615234375,1,-1,-1,-1
801,503,298.18646240234375,173.35183715820312,9.776519775390625,3.193572998046875,1,-1,-1,-1
821,503,297.34735107421875,169.4372100830078,11.38330078125,3.675201416015625,1,-1,-1,-1
841,503,297.267822265625,164.6795196533203,10.56195068359375,3.63690185546875,1,-1,-1,-1
861,503,298.48504638671875,159.67971801757812,10.8125,3.84930419921875,1,-1,-1,-1
881,503,299.0904541015625,154.53514099121094,9.0726318359375,3.7176666259765625,1,-1,-1,-1
901,503,298.58966064453125,149.11032104492188,10.89056396484375,3.333831787109375,1,-1,-1,-1
921,503,296.92755126953125,145.89002990722656,11.70196533203125,3.52996826171875,1,-1,-1,-1
941,503,298.7501525878906,145.9658966064453,10.717681884765625,2.916412353515625,1,-1,-1,-1
961,503,301.73797607421875,143.41986083984375,11.4771728515625,3.6093597412109375,1,-1,-1,-1
981,503,300.0484619140625,141.10650634765625,11.3648681640625,3.869384765625,1,-1,-1,-1
1001,503,290.897216796875,139.3760986328125,10.5784912109375,3.455322265625,1,-1,-1,-1
1021,503,280.10369873046875,137.71255493164062,11.333099365234375,4.117950439453125,1,-1,-1,-1
1041,503,282.43414306640625,170.07980346679688,28.15582275390625,14.43194580078125,1,-1,-1,-1
1101,504,248.51361083984375,123.47425842285156,11.471771240234375,4.9883575439453125,1,-1,-1,-1
1121,504,255.85702514648438,115.69583892822266,16.25,6.667266845703125,1,-1,-1,-1
1141,504,259.13531494140625,124.50202941894531,14.455413818359375,5.259979248046875,1,-1,-1,-1
1161,504,278.6571350097656,168.23004150390625,32.977264404296875,16.213653564453125,1,-1,-1,-1
1181,505,323.9135437011719,168.5065460205078,16.26531982421875,11.307144165039062,1,-1,-1,-1
1201,506,262.73980712890625,154.51502990722656,16.130828857421875,5.0037841796875,1,-1,-1,-1
1221,506,261.0553894042969,165.52069091796875,16.044586181640625,4.932159423828125,1,-1,-1,-1
1241,506,265.6194763183594,176.7435760498047,13.298553466796875,4.2378997802734375,1,-1,-1,-1
1261,506,265.11968994140625,180.76515197753906,16.93402099609375,4.763397216796875,1,-1,-1,-1
1281,506,251.05181884765625,181.67434692382812,16.8656005859375,4.633056640625,1,-1,-1,-1
1301,506,231.03167724609375,183.20652770996094,14.971771240234375,4.00714111328125,1,-1,-1,-1
1321,506,202.1327362060547,184.61944580078125,18.167572021484375,3.7304229736328125,1,-1,-1,-1
1341,506,180.34414672851562,185.24395751953125,16.456375122070312,3.829254150390625,1,-1,-1,-1
1401,507,318.65435791015625,164.55946350097656,12.68475341796875,5.5243072509765625,1,-1,-1,-1
1561,508,185.05783081054688,187.943603515625,16.960372924804688,4.5736236572265625,1,-1,-1,-1
1581,508,218.5788116455078,187.06317138671875,17.110519409179688,5.07598876953125,1,-1,-1,-1
1601,508,245.3138885498047,186.40614318847656,16.290939331054688,4.3394775390625,1,-1,-1,-1
1621,508,270.640380859375,185.72389221191406,11.797027587890625,4.0921630859375,1,-1,-1,-1
1641,508,282.5113525390625,184.8751220703125,15.45379638671875,5.1867523193359375,1,-1,-1,-1
1661,508,281.48748779296875,183.73777770996094,16.763671875,4.2377166748046875,1,-1,-1,-1
1681,508,281.1275634765625,179.68528747558594,16.742767333984375,4.4073486328125,1,-1,-1,-1
1701,508,281.73101806640625,177.33050537109375,15.100799560546875,4.5843353271484375,1,-1,-1,-1
1721,508,280.0535583496094,178.63426208496094,15.02484130859375,4.4007568359375,1,-1,-1,-1
1741,508,272.21112060546875,181.4611358642578,15.371795654296875,5.553802490234375,1,-1,-1,-1
1761,508,266.4966125488281,185.96804809570312,13.105712890625,3.85009765625,1,-1,-1,-1
1781,508,262.351318359375,188.35943603515625,12.765899658203125,3.69793701171875,1,-1,-1,-1
1801,508,261.8690490722656,186.7466583251953,11.485443115234375,3.8604888916015625,1,-1,-1,-1
1821,508,261.0078125,182.4582977294922,12.596923828125,3.9322967529296875,1,-1,-1,-1
1841,508,261.2263488769531,179.76812744140625,9.647308349609375,3.5133514404296875,1,-1,-1,-1
1861,508,260.66790771484375,176.1432647705078,12.713836669921875,3.787017822265625,1,-1,-1,-1
1881,508,259.53472900390625,172.2423858642578,12.196441650390625,4.0680084228515625,1,-1,-1,-1
1941,509,257.6920166015625,158.35348510742188,13.370025634765625,4.53753662109375,1,-1,-1,-1
1961,509,258.6346130371094,154.08428955078125,14.869781494140625,4.405487060546875,1,-1,-1,-1
2001,510,268.4768371582031,154.0728302001953,11.849334716796875,4.2485198974609375,1,-1,-1,-1
2021,510,273.2882385253906,154.0340118408203,17.34259033203125,4.2341461181640625,1,-1,-1,-1
2041,510,278.2344970703125,154.23577880859375,13.053680419921875,4.2409820556640625,1,-1,-1,-1
2061,510,271.8441467285156,154.2086944580078,15.671539306640625,4.8075714111328125,1,-1,-1,-1
2081,510,258.7746887207031,154.86231994628906,12.51580810546875,4.9460906982421875,1,-1,-1,-1
2121,511,252.77005004882812,154.65859985351562,10.03192138671875,3.9445343017578125,1,-1,-1,-1
