1,555,433.66168212890625,159.0172119140625,12.576995849609375,4.4166259765625,1,-1,-1,-1
21,556,430.56451416015625,152.1035919189453,12.05419921875,4.083984375,1,-1,-1,-1
21,555,430.56427001953125,152.1035614013672,12.05438232421875,4.0839080810546875,1,-1,-1,-1
41,556,425.041259765625,148.01686096191406,12.88958740234375,4.2276153564453125,1,-1,-1,-1
41,555,425.041259765625,148.01686096191406,12.88958740234375,4.2276153564453125,1,-1,-1,-1
61,556,411.400390625,145.6243438720703,13.1214599609375,4.5842132568359375,1,-1,-1,-1
61,555,411.400390625,145.6243438720703,13.1214599609375,4.5842132568359375,1,-1,-1,-1
81,556,403.603271484375,143.6732177734375,12.056365966796875,4.1521453857421875,1,-1,-1,-1
81,555,403.603271484375,143.6732177734375,12.056365966796875,4.1521453857421875,1,-1,-1,-1
101,556,400.34344482421875,141.97300720214844,11.868896484375,4.0202789306640625,1,-1,-1,-1
101,555,400.34344482421875,141.97300720214844,11.868896484375,4.0202789306640625,1,-1,-1,-1
121,556,398.23504638671875,142.7779541015625,11.856781005859375,4.213165283203125,1,-1,-1,-1
121,555,398.23504638671875,142.7779541015625,11.856781005859375,4.213165283203125,1,-1,-1,-1
141,556,398.2950134277344,143.95913696289062,9.2598876953125,5.761871337890625,1,-1,-1,-1
141,555,398.2950134277344,143.95913696289062,9.2598876953125,5.761871337890625,1,-1,-1,-1
161,556,363.8426208496094,149.2753448486328,11.613922119140625,4.1031036376953125,1,-1,-1,-1
161,555,363.8426208496094,149.2753448486328,11.613922119140625,4.1031036376953125,1,-1,-1,-1
181,556,356.0220031738281,152.32351684570312,12.713775634765625,3.9166717529296875,1,-1,-1,-1
181,555,356.0220031738281,152.32351684570312,12.713775634765625,3.9166717529296875,1,-1,-1,-1
201,556,357.12322998046875,152.96031188964844,12.179779052734375,3.8307647705078125,1,-1,-1,-1
201,555,357.12322998046875,152.96031188964844,12.179779052734375,3.8307647705078125,1,-1,-1,-1
221,556,358.62945556640625,153.93838500976562,11.25128173828125,4.1762237548828125,1,-1,-1,-1
221,555,358.62945556640625,153.93838500976562,11.25128173828125,4.1762237548828125,1,-1,-1,-1
241,556,358.0078430175781,152.147216796875,11.89752197265625,4.0589752197265625,1,-1,-1,-1
241,555,358.0078430175781,152.147216796875,11.89752197265625,4.0589752197265625,1,-1,-1,-1
261,556,356.0559387207031,149.37071228027344,10.9320068359375,3.9473419189453125,1,-1,-1,-1
261,555,356.0559387207031,149.37071228027344,10.9320068359375,3.9473419189453125,1,-1,-1,-1
281,556,351.06243896484375,146.22308349609375,11.184539794921875,4.4177398681640625,1,-1,-1,-1
281,555,351.06243896484375,146.22308349609375,11.184539794921875,4.4177398681640625,1,-1,-1,-1
301,556,348.4028625488281,144.57652282714844,10.823577880859375,4.0097503662109375,1,-1,-1,-1
301,555,348.4028625488281,144.57652282714844,10.823577880859375,4.0097503662109375,1,-1,-1,-1
321,556,346.88671875,142.4810333251953,10.399932861328125,4.2678070068359375,1,-1,-1,-1
321,555,346.88671875,142.4810333251953,10.399932861328125,4.2678070068359375,1,-1,-1,-1
341,556,344.2953186035156,142.06619262695312,12.446044921875,3.8365325927734375,1,-1,-1,-1
341,555,344.29534912109375,142.06619262695312,12.44598388671875,3.8365325927734375,1,-1,-1,-1
361,556,342.5617980957031,141.27182006835938,12.436981201171875,4.6730804443359375,1,-1,-1,-1
361,555,342.5617980957031,141.27182006835938,12.436981201171875,4.6730804443359375,1,-1,-1,-1
381,556,342.87939453125,139.51898193359375,11.21270751953125,3.540740966796875,1,-1,-1,-1
381,555,342.87939453125,139.51898193359375,11.21270751953125,3.540740966796875,1,-1,-1,-1
401,556,343.7166748046875,137.8566131591797,11.778778076171875,4.217071533203125,1,-1,-1,-1
401,555,343.7166748046875,137.8566131591797,11.778778076171875,4.217071533203125,1,-1,-1,-1
421,556,343.57916259765625,140.37551879882812,12.03326416015625,4.868927001953125,1,-1,-1,-1
421,555,343.57916259765625,140.37551879882812,12.03326416015625,4.868927001953125,1,-1,-1,-1
441,556,339.16925048828125,145.61102294921875,13.10400390625,4.0516204833984375,1,-1,-1,-1
441,555,339.16925048828125,145.61102294921875,13.10400390625,4.0516204833984375,1,-1,-1,-1
461,556,330.78240966796875,148.468505859375,11.32183837890625,4.060302734375,1,-1,-1,-1
461,555,330.78240966796875,148.468505859375,11.32183837890625,4.060302734375,1,-1,-1,-1
481,556,320.4306640625,151.5840606689453,10.057159423828125,3.9728240966796875,1,-1,-1,-1
481,555,320.43072509765625,151.58407592773438,10.05712890625,3.9728240966796875,1,-1,-1,-1
501,556,309.660888671875,152.09329223632812,10.36907958984375,3.7836456298828125,1,-1,-1,-1
501,555,309.660888671875,152.09329223632812,10.369049072265625,3.7836151123046875,1,-1,-1,-1
521,556,300.4156494140625,153.12554931640625,11.936676025390625,3.6107330322265625,1,-1,-1,-1
521,555,300.4156494140625,153.12554931640625,11.936676025390625,3.6107330322265625,1,-1,-1,-1
541,556,301.1295166015625,151.79367065429688,10.79937744140625,3.9740753173828125,1,-1,-1,-1
541,555,301.1295166015625,151.79367065429688,10.79937744140625,3.9740753173828125,1,-1,-1,-1
561,556,301.92828369140625,150.87034606933594,11.00457763671875,3.7216949462890625,1,-1,-1,-1
561,555,301.92828369140625,150.87034606933594,11.00457763671875,3.7216949462890625,1,-1,-1,-1
581,556,305.6058654785156,150.2730712890625,11.542755126953125,4.2052764892578125,1,-1,-1,-1
581,555,305.6058654785156,150.2730712890625,11.542755126953125,4.2052764892578125,1,-1,-1,-1
601,556,307.8638000488281,150.04843139648438,11.205810546875,4.24542236328125,1,-1,-1,-1
601,555,307.8638000488281,150.04843139648438,11.205810546875,4.24542236328125,1,-1,-1,-1
621,556,311.18359375,149.45484924316406,10.951446533203125,3.7061767578125,1,-1,-1,-1
621,555,311.18365478515625,149.45484924316406,10.95147705078125,3.7061767578125,1,-1,-1,-1
641,556,313.28717041015625,149.42276000976562,12.138519287109375,4.0930633544921875,1,-1,-1,-1
641,555,313.28717041015625,149.42276000976562,12.138519287109375,4.0930633544921875,1,-1,-1,-1
661,556,320.31805419921875,149.31809997558594,9.89617919921875,3.8039398193359375,1,-1,-1,-1
661,555,320.31805419921875,149.31809997558594,9.89617919921875,3.8039398193359375,1,-1,-1,-1
681,556,332.87847900390625,147.9300079345703,11.41619873046875,4.0560150146484375,1,-1,-1,-1
681,555,332.87847900390625,147.9300079345703,11.41619873046875,4.0560150146484375,1,-1,-1,-1
701,556,345.8967590332031,148.07171630859375,10.937042236328125,3.75732421875,1,-1,-1,-1
701,555,345.8967590332031,148.07171630859375,10.937042236328125,3.75732421875,1,-1,-1,-1
721,556,348.6470031738281,148.65530395507812,11.59942626953125,4.039031982421875,1,-1,-1,-1
721,555,348.6470031738281,148.65530395507812,11.59942626953125,4.039031982421875,1,-1,-1,-1
741,556,354.5657653808594,149.97129821777344,11.877899169921875,4.154571533203125,1,-1,-1,-1
741,555,354.5657653808594,149.97129821777344,11.877899169921875,4.154571533203125,1,-1,-1,-1
761,556,360.175048828125,150.94894409179688,10.70794677734375,3.711761474609375,1,-1,-1,-1
761,555,360.175048828125,150.94894409179688,10.70794677734375,3.711761474609375,1,-1,-1,-1
781,556,364.4055480957031,150.41766357421875,11.912933349609375,3.870452880859375,1,-1,-1,-1
781,555,364.4055480957031,150.41766357421875,11.912933349609375,3.870452880859375,1,-1,-1,-1
801,556,364.3629455566406,150.41526794433594,10.76080322265625,3.9433441162109375,1,-1,-1,-1
801,555,364.3629455566406,150.41526794433594,10.76080322265625,3.9433441162109375,1,-1,-1,-1
821,556,362.5024108886719,152.662353515625,11.82861328125,3.725799560546875,1,-1,-1,-1
821,555,362.5024108886719,152.662353515625,11.82861328125,3.725799560546875,1,-1,-1,-1
841,556,361.87115478515625,154.591064453125,12.30621337890625,4.2646026611328125,1,-1,-1,-1
841,555,361.87115478515625,154.591064453125,12.30621337890625,4.2646026611328125,1,-1,-1,-1
861,556,364.84417724609375,155.71340942382812,10.87225341796875,3.84747314453125,1,-1,-1,-1
861,555,364.84417724609375,155.71340942382812,10.87225341796875,3.84747314453125,1,-1,-1,-1
881,556,367.3716735839844,155.46429443359375,11.842559814453125,4.180694580078125,1,-1,-1,-1
881,555,367.3716735839844,155.46429443359375,11.842559814453125,4.180694580078125,1,-1,-1,-1
901,556,372.7841491699219,154.5008087158203,11.60186767578125,4.21612548828125,1,-1,-1,-1
901,555,372.7841491699219,154.5008087158203,11.60186767578125,4.21612548828125,1,-1,-1,-1
921,556,379.186279296875,151.35479736328125,11.313568115234375,3.9802703857421875,1,-1,-1,-1
921,555,379.186279296875,151.35479736328125,11.313568115234375,3.9802703857421875,1,-1,-1,-1
941,556,384.6110534667969,148.02621459960938,11.422882080078125,3.8188629150390625,1,-1,-1,-1
941,555,384.6110534667969,148.02621459960938,11.422882080078125,3.8188629150390625,1,-1,-1,-1
961,556,383.9681396484375,146.20472717285156,8.477996826171875,3.2985992431640625,1,-1,-1,-1
961,555,383.9681396484375,146.20472717285156,8.477996826171875,3.2985992431640625,1,-1,-1,-1
981,556,384.816162109375,145.54641723632812,9.286041259765625,3.760009765625,1,-1,-1,-1
981,555,384.816162109375,145.54641723632812,9.286041259765625,3.760009765625,1,-1,-1,-1
1001,556,389.97900390625,146.92803955078125,12.869964599609375,3.6485137939453125,1,-1,-1,-1
1001,555,389.97900390625,146.92803955078125,12.869964599609375,3.6485137939453125,1,-1,-1,-1
1021,556,400.48529052734375,146.1421661376953,12.41387939453125,4.2917938232421875,1,-1,-1,-1
1021,555,400.48529052734375,146.1421661376953,12.41387939453125,4.2917938232421875,1,-1,-1,-1
1041,556,408.2360534667969,144.86647033691406,12.0120849609375,4.2409820556640625,1,-1,-1,-1
1041,555,408.2360534667969,144.86647033691406,12.0120849609375,4.2409820556640625,1,-1,-1,-1
1061,556,416.75518798828125,144.5674285888672,11.6971435546875,4.1702117919921875,1,-1,-1,-1
1061,555,416.75518798828125,144.5674285888672,11.6971435546875,4.1702117919921875,1,-1,-1,-1
1081,556,423.7927551269531,143.64878845214844,9.874969482421875,3.749908447265625,1,-1,-1,-1
1081,555,423.7927551269531,143.64878845214844,9.874969482421875,3.749908447265625,1,-1,-1,-1
1101,556,429.84600830078125,143.4577178955078,10.899505615234375,4.0854644775390625,1,-1,-1,-1
1101,555,429.84600830078125,143.4577178955078,10.899505615234375,4.0854644775390625,1,-1,-1,-1
1121,556,431.568359375,146.74514770507812,10.799560546875,4.1724700927734375,1,-1,-1,-1
1121,555,431.568359375,146.74514770507812,10.799560546875,4.1724700927734375,1,-1,-1,-1
1141,556,431.5931701660156,149.3286590576172,10.727691650390625,4.198455810546875,1,-1,-1,-1
1141,555,431.5931701660156,149.3286590576172,10.727691650390625,4.198455810546875,1,-1,-1,-1
1161,556,431.82806396484375,151.24014282226562,10.0548095703125,3.8784027099609375,1,-1,-1,-1
1161,555,431.82806396484375,151.24014282226562,10.0548095703125,3.8784027099609375,1,-1,-1,-1
1181,557,432.9342346191406,151.08203125,11.876129150390625,4.3443603515625,1,-1,-1,-1
1201,557,437.4625244140625,152.70899963378906,9.293914794921875,3.3954925537109375,1,-1,-1,-1
1221,557,439.8133544921875,152.20033264160156,11.993316650390625,4.0985565185546875,1,-1,-1,-1
1241,557,445.60357666015625,152.64639282226562,11.6141357421875,3.714385986328125,1,-1,-1,-1
1261,557,450.904541015625,153.24288940429688,11.448822021484375,4.3442535400390625,1,-1,-1,-1
1281,557,451.9602966308594,155.0160369873047,12.27691650390625,4.4492340087890625,1,-1,-1,-1
1301,557,450.461181640625,157.71051025390625,10.59527587890625,3.876068115234375,1,-1,-1,-1
1321,557,450.38519287109375,157.88446044921875,11.52587890625,4.43060302734375,1,-1,-1,-1
1341,557,452.13165283203125,159.05288696289062,10.320892333984375,4.039825439453125,1,-1,-1,-1
1361,557,452.1376037597656,159.01974487304688,11.082977294921875,4.1897125244140625,1,-1,-1,-1
1381,557,451.7500305175781,159.2783660888672,12.113494873046875,4.1994781494140625,1,-1,-1,-1
1401,557,452.53570556640625,160.22666931152344,11.14501953125,3.5614166259765625,1,-1,-1,-1
1421,557,457.8351135253906,158.8691864013672,12.948699951171875,3.96136474609375,1,-1,-1,-1
1441,557,468.8841552734375,158.0467529296875,11.118927001953125,4.298736572265625,1,-1,-1,-1
1461,557,480.0477600097656,163.28257751464844,7.18963623046875,3.7150115966796875,1,-1,-1,-1
1481,557,481.11993408203125,168.40225219726562,13.2081298828125,4.60546875,1,-1,-1,-1
1501,557,484.1624755859375,175.13841247558594,12.63092041015625,4.1853790283203125,1,-1,-1,-1
1521,557,483.77392578125,181.6178436279297,13.333953857421875,4.5084228515625,1,-1,-1,-1
1541,557,484.80938720703125,187.56715393066406,13.34136962890625,4.3207550048828125,1,-1,-1,-1
1561,557,485.0947570800781,193.766357421875,13.931182861328125,4.2046356201171875,1,-1,-1,-1
1581,557,486.3624572753906,199.4639892578125,13.184814453125,4.2551116943359375,1,-1,-1,-1
1621,558,490.82745361328125,210.79495239257812,11.76031494140625,3.874664306640625,1,-1,-1,-1
1641,559,414.532958984375,229.0349578857422,12.839202880859375,5.1770172119140625,1,-1,-1,-1
1661,560,368.8960266113281,251.00088500976562,14.78515625,4.272613525390625,1,-1,-1,-1
1681,560,367.06732177734375,246.52877807617188,15.487152099609375,4.155029296875,1,-1,-1,-1
1701,560,367.2566223144531,243.0179443359375,12.974945068359375,4.0610809326171875,1,-1,-1,-1
1721,560,368.81573486328125,237.70083618164062,8.5709228515625,3.1504669189453125,1,-1,-1,-1
1901,561,385.76171875,202.30667114257812,10.930023193359375,4.12359619140625,1,-1,-1,-1
1921,561,400.0429992675781,200.92416381835938,11.405242919921875,4.23974609375,1,-1,-1,-1
1941,561,404.5672912597656,193.8489532470703,14.781494140625,4.37994384765625,1,-1,-1,-1
1961,562,402.0706481933594,186.6227569580078,15.511474609375,4.6775970458984375,1,-1,-1,-1
1981,563,399.9861145019531,177.0148162841797,13.224090576171875,4.4993438720703125,1,-1,-1,-1
2001,563,397.92547607421875,168.58200073242188,14.354034423828125,4.3040008544921875,1,-1,-1,-1
2021,563,400.5316467285156,167.68853759765625,14.8846435546875,4.2697296142578125,1,-1,-1,-1
2041,564,413.33868408203125,166.16941833496094,13.511749267578125,4.810089111328125,1,-1,-1,-1
2061,564,433.26202392578125,165.02713012695312,13.55596923828125,5.0189361572265625,1,-1,-1,-1
2081,564,452.12945556640625,163.70359802246094,13.972686767578125,5.310638427734375,1,-1,-1,-1
2101,564,454.27325439453125,163.5614471435547,16.343994140625,4.612396240234375,1,-1,-1,-1
2121,565,454.85546875,163.97796630859375,14.471588134765625,4.94500732421875,1,-1,-1,-1
