1,631,360.2953796386719,264.82550048828125,11.309356689453125,3.995330810546875,1,-1,-1,-1
21,631,369.67681884765625,254.8689727783203,11.019287109375,3.7834014892578125,1,-1,-1,-1
41,631,417.32965087890625,247.30039978027344,10.71875,4.2022247314453125,1,-1,-1,-1
61,631,460.65130615234375,240.6720428466797,10.87432861328125,4.2221832275390625,1,-1,-1,-1
81,631,497.3546142578125,234.4639892578125,10.98663330078125,3.815521240234375,1,-1,-1,-1
101,631,535.052001953125,227.9716033935547,11.873291015625,3.574676513671875,1,-1,-1,-1
121,632,409.27740478515625,294.70611572265625,21.8695068359375,5.94378662109375,1,-1,-1,-1
121,631,528.139892578125,208.62547302246094,6.42376708984375,3.7649688720703125,1,-1,-1,-1
141,632,449.7347412109375,285.6045227050781,24.64703369140625,6.7474365234375,1,-1,-1,-1
141,631,528.1769409179688,208.49853515625,6.60284423828125,4.2265167236328125,1,-1,-1,-1
161,632,480.42535400390625,268.1772155761719,20.704864501953125,6.795684814453125,1,-1,-1,-1
161,631,527.7296142578125,208.42872619628906,7.26641845703125,4.3648834228515625,1,-1,-1,-1
181,632,517.7269287109375,264.36114501953125,19.56695556640625,7.456329345703125,1,-1,-1,-1
181,631,528.1024780273438,208.4473876953125,6.54156494140625,3.83233642578125,1,-1,-1,-1
201,632,548.709228515625,262.3798522949219,19.45074462890625,6.9912109375,1,-1,-1,-1
201,631,528.4853515625,208.6750946044922,6.48553466796875,3.2134552001953125,1,-1,-1,-1
221,632,526.40234375,187.3351593017578,14.43121337890625,6.35284423828125,1,-1,-1,-1
221,631,526.4022827148438,187.3351593017578,14.43133544921875,6.35284423828125,1,-1,-1,-1
241,632,495.83233642578125,192.2667999267578,9.702362060546875,4.3087310791015625,1,-1,-1,-1
241,631,495.83233642578125,192.26675415039062,9.702362060546875,4.308746337890625,1,-1,-1,-1
261,632,460.83892822265625,196.6533203125,10.18341064453125,5.002593994140625,1,-1,-1,-1
261,631,460.83892822265625,196.6533203125,10.18341064453125,5.002593994140625,1,-1,-1,-1
281,632,423.8473205566406,202.0089874267578,11.3455810546875,4.29290771484375,1,-1,-1,-1
281,631,423.8473205566406,202.0089874267578,11.3455810546875,4.29290771484375,1,-1,-1,-1
301,632,411.3381652832031,201.53640747070312,10.716766357421875,4.0880279541015625,1,-1,-1,-1
301,631,411.3381652832031,201.53640747070312,10.716766357421875,4.0880279541015625,1,-1,-1,-1
321,632,407.4706726074219,186.2590789794922,10.940093994140625,3.4404754638671875,1,-1,-1,-1
321,631,407.4706726074219,186.2590789794922,10.940093994140625,3.4404754638671875,1,-1,-1,-1
341,632,410.93048095703125,199.9174041748047,10.572052001953125,4.1974945068359375,1,-1,-1,-1
341,631,410.93048095703125,199.9174041748047,10.572052001953125,4.1974945068359375,1,-1,-1,-1
361,632,421.8714599609375,246.22528076171875,10.25299072265625,3.744964599609375,1,-1,-1,-1
361,631,421.8714599609375,246.22528076171875,10.25299072265625,3.744964599609375,1,-1,-1,-1
381,632,427.75970458984375,275.5763854980469,10.62933349609375,4.01263427734375,1,-1,-1,-1
381,631,427.75970458984375,275.5763854980469,10.62933349609375,4.01263427734375,1,-1,-1,-1
401,632,437.0634460449219,325.8103332519531,8.869110107421875,5.5040283203125,1,-1,-1,-1
401,631,437.0634460449219,325.8103332519531,8.869110107421875,5.5040283203125,1,-1,-1,-1
421,632,463.877685546875,294.8972473144531,19.082244873046875,9.996063232421875,1,-1,-1,-1
421,631,463.877685546875,294.8972473144531,19.082244873046875,9.996063232421875,1,-1,-1,-1
441,632,461.1344909667969,293.4932556152344,11.60003662109375,5.29742431640625,1,-1,-1,-1
441,631,461.1344909667969,293.4932556152344,11.60003662109375,5.29742431640625,1,-1,-1,-1
521,633,554.3480224609375,258.4208984375,16.86114501953125,6.029998779296875,1,-1,-1,-1
541,633,542.7996826171875,260.07513427734375,17.73773193359375,6.074798583984375,1,-1,-1,-1
561,633,520.2625122070312,262.030029296875,21.370849609375,8.05865478515625,1,-1,-1,-1
581,633,493.1187438964844,266.2181396484375,18.980255126953125,6.681060791015625,1,-1,-1,-1
601,633,469.8938293457031,269.78216552734375,20.383087158203125,6.91107177734375,1,-1,-1,-1
621,633,445.16241455078125,272.9774475097656,21.874481201171875,6.097503662109375,1,-1,-1,-1
641,633,422.8507080078125,275.1581115722656,18.94244384765625,7.307373046875,1,-1,-1,-1
661,633,399.94964599609375,277.9745788574219,18.4403076171875,6.401947021484375,1,-1,-1,-1
681,633,376.70904541015625,281.3851318359375,18.64044189453125,7.141357421875,1,-1,-1,-1
701,634,420.630126953125,229.0239715576172,10.45574951171875,3.1268157958984375,1,-1,-1,-1
701,633,351.59808349609375,287.17547607421875,19.3341064453125,6.051055908203125,1,-1,-1,-1
721,634,453.53167724609375,223.0238800048828,10.62554931640625,4.295654296875,1,-1,-1,-1
721,633,323.65350341796875,291.8531188964844,15.36077880859375,5.011444091796875,1,-1,-1,-1
741,634,482.7231140136719,217.77835083007812,11.957183837890625,4.867889404296875,1,-1,-1,-1
741,633,289.12371826171875,298.5695495605469,15.734619140625,5.233734130859375,1,-1,-1,-1
761,634,539.703125,210.08416748046875,10.80487060546875,3.58721923828125,1,-1,-1,-1
761,633,261.1349182128906,304.5437927246094,21.365509033203125,4.88201904296875,1,-1,-1,-1
781,634,585.1845092773438,201.68775939941406,12.135009765625,5.38433837890625,1,-1,-1,-1
781,633,261.26788330078125,306.9452209472656,19.33148193359375,5.85430908203125,1,-1,-1,-1
801,634,527.9080200195312,208.71827697753906,6.9183349609375,3.749176025390625,1,-1,-1,-1
801,633,262.7669982910156,309.0001525878906,20.994171142578125,7.5499267578125,1,-1,-1,-1
821,634,527.7886962890625,208.8910675048828,7.15936279296875,3.7710113525390625,1,-1,-1,-1
821,633,262.16302490234375,311.5618591308594,21.55718994140625,5.87713623046875,1,-1,-1,-1
841,634,528.214599609375,208.75791931152344,6.63104248046875,3.64251708984375,1,-1,-1,-1
841,633,254.78884887695312,312.9622497558594,20.3594970703125,5.25323486328125,1,-1,-1,-1
861,634,527.7540283203125,209.0218505859375,6.91607666015625,3.5084075927734375,1,-1,-1,-1
861,633,241.7904052734375,314.7887268066406,12.50225830078125,6.157623291015625,1,-1,-1,-1
881,634,528.0020751953125,208.5646514892578,6.5994873046875,3.8581695556640625,1,-1,-1,-1
881,633,215.66952514648438,320.51593017578125,12.544464111328125,5.396728515625,1,-1,-1,-1
901,634,528.3192749023438,208.75247192382812,6.425048828125,3.7214813232421875,1,-1,-1,-1
901,633,225.18264770507812,280.4051818847656,11.774627685546875,3.78094482421875,1,-1,-1,-1
921,634,527.907958984375,208.87649536132812,6.86767578125,3.74212646484375,1,-1,-1,-1
921,633,222.6530303955078,280.2965087890625,14.784927368164062,3.774566650390625,1,-1,-1,-1
941,634,528.176513671875,208.73873901367188,6.62457275390625,3.73516845703125,1,-1,-1,-1
941,633,224.6351776123047,280.40753173828125,12.638931274414062,3.7493896484375,1,-1,-1,-1
961,634,528.1047973632812,208.96163940429688,6.8116455078125,3.954254150390625,1,-1,-1,-1
961,633,224.28062438964844,280.337158203125,12.575881958007812,3.822296142578125,1,-1,-1,-1
981,634,527.864501953125,209.03074645996094,6.7406005859375,3.5059661865234375,1,-1,-1,-1
981,633,227.13636779785156,280.6560363769531,9.477081298828125,3.76654052734375,1,-1,-1,-1
1001,634,528.3272094726562,209.6968231201172,6.35626220703125,3.048309326171875,1,-1,-1,-1
1001,633,222.98728942871094,280.2078857421875,14.475051879882812,3.95941162109375,1,-1,-1,-1
1021,634,527.9456176757812,209.1543426513672,7.1348876953125,4.065765380859375,1,-1,-1,-1
1021,633,223.32208251953125,280.2610778808594,14.3787841796875,3.9512939453125,1,-1,-1,-1
1041,634,527.661376953125,209.28121948242188,7.18212890625,4.0119476318359375,1,-1,-1,-1
1041,633,222.58802795410156,280.2953796386719,15.14056396484375,3.792755126953125,1,-1,-1,-1
1061,634,527.8492431640625,209.07997131347656,7.09039306640625,3.5251922607421875,1,-1,-1,-1
1061,633,226.78587341308594,280.4167175292969,10.489913940429688,3.77117919921875,1,-1,-1,-1
1081,634,484.5286560058594,249.31686401367188,11.555633544921875,4.224761962890625,1,-1,-1,-1
1101,634,485.0704650878906,248.3512420654297,10.1361083984375,3.432586669921875,1,-1,-1,-1
1121,634,483.9312744140625,243.94712829589844,11.507415771484375,3.8986053466796875,1,-1,-1,-1
1141,634,480.8893127441406,230.92164611816406,13.0343017578125,4.5543975830078125,1,-1,-1,-1
1161,634,478.52117919921875,226.6829833984375,11.524749755859375,6.024627685546875,1,-1,-1,-1
1181,634,470.49273681640625,228.25257873535156,10.866790771484375,4.446075439453125,1,-1,-1,-1
1201,634,467.3778076171875,219.4118194580078,10.849609375,4.8341217041015625,1,-1,-1,-1
1221,634,464.451904296875,204.79408264160156,11.88751220703125,4.4793701171875,1,-1,-1,-1
1241,634,459.8003845214844,183.38961791992188,11.0662841796875,4.4405059814453125,1,-1,-1,-1
1261,634,460.5193786621094,172.46893310546875,11.49383544921875,4.7116546630859375,1,-1,-1,-1
1281,634,493.9105224609375,169.8992462158203,10.61029052734375,3.703704833984375,1,-1,-1,-1
1301,634,562.3037109375,160.8043670654297,11.86126708984375,4.2878875732421875,1,-1,-1,-1
1381,636,271.6484680175781,345.5523681640625,12.174896240234375,4.83514404296875,1,-1,-1,-1
1381,637,271.6484680175781,345.5523681640625,12.174896240234375,4.83514404296875,1,-1,-1,-1
1381,635,578.36328125,155.71058654785156,13.10955810546875,4.661773681640625,1,-1,-1,-1
1401,635,572.3698120117188,163.37962341308594,11.28460693359375,3.920562744140625,1,-1,-1,-1
1421,635,528.045166015625,208.074462890625,6.61761474609375,3.20123291015625,1,-1,-1,-1
1441,635,528.4996948242188,208.35369873046875,6.267333984375,2.7943878173828125,1,-1,-1,-1
1461,635,558.1323852539062,221.7154998779297,11.76300048828125,4.3500213623046875,1,-1,-1,-1
1481,635,528.3759765625,236.68316650390625,11.4248046875,4.724456787109375,1,-1,-1,-1
1501,635,484.034423828125,242.09962463378906,12.00799560546875,5.0518951416015625,1,-1,-1,-1
1521,635,427.8222351074219,249.00051879882812,11.55279541015625,4.82830810546875,1,-1,-1,-1
1541,635,368.7614440917969,258.5356140136719,10.369354248046875,4.1722412109375,1,-1,-1,-1
1561,635,345.4441833496094,262.60101318359375,10.631500244140625,3.922454833984375,1,-1,-1,-1
1581,635,339.385009765625,263.7768249511719,10.462249755859375,4.73419189453125,1,-1,-1,-1
1601,635,322.282958984375,267.64007568359375,10.812744140625,4.08416748046875,1,-1,-1,-1
1621,635,296.8422546386719,272.52349853515625,9.987762451171875,4.59765625,1,-1,-1,-1
1641,635,268.4143981933594,278.4294738769531,8.981719970703125,3.8577880859375,1,-1,-1,-1
1661,635,230.91549682617188,283.5782775878906,12.73944091796875,5.348968505859375,1,-1,-1,-1
1681,635,214.01211547851562,293.6102294921875,10.0970458984375,3.458648681640625,1,-1,-1,-1
1701,635,214.12493896484375,316.2436218261719,6.465911865234375,3.360870361328125,1,-1,-1,-1
1721,635,309.46734619140625,316.3719482421875,16.448974609375,5.86212158203125,1,-1,-1,-1
1741,635,308.70465087890625,316.02044677734375,16.640380859375,6.06390380859375,1,-1,-1,-1
1761,635,308.4524841308594,316.1612854003906,17.07513427734375,6.010498046875,1,-1,-1,-1
1781,635,308.511962890625,315.9535827636719,17.6829833984375,7.29486083984375,1,-1,-1,-1
1801,635,309.1950378417969,316.2606201171875,15.969146728515625,6.056304931640625,1,-1,-1,-1
1821,635,308.96856689453125,316.3053894042969,16.46466064453125,5.7847900390625,1,-1,-1,-1
1841,635,310.3476867675781,316.53857421875,15.547210693359375,5.8463134765625,1,-1,-1,-1
1861,635,309.3142395019531,316.3172912597656,16.340087890625,5.76019287109375,1,-1,-1,-1
1881,635,309.9500732421875,316.3188171386719,16.277374267578125,5.95172119140625,1,-1,-1,-1
1901,635,309.12554931640625,316.22021484375,16.51531982421875,6.0228271484375,1,-1,-1,-1
1921,635,311.81512451171875,316.4056091308594,13.450225830078125,5.935394287109375,1,-1,-1,-1
1941,635,309.3435974121094,316.3446960449219,15.7972412109375,14.344818115234375,1,-1,-1,-1
1961,635,304.97344970703125,295.99517822265625,11.37579345703125,4.0906982421875,1,-1,-1,-1
1981,635,301.47467041015625,270.16851806640625,10.382293701171875,4.139892578125,1,-1,-1,-1
2001,635,298.36529541015625,248.42214965820312,10.820526123046875,4.2199859619140625,1,-1,-1,-1
2021,635,318.6267395019531,245.43795776367188,10.561065673828125,3.99713134765625,1,-1,-1,-1
2041,635,353.09515380859375,242.42564392089844,10.190673828125,3.492919921875,1,-1,-1,-1
2061,635,390.53106689453125,237.73611450195312,10.263916015625,3.5653228759765625,1,-1,-1,-1
2081,635,428.5615539550781,231.6479034423828,10.413726806640625,3.898651123046875,1,-1,-1,-1
2101,635,462.1127014160156,225.6839141845703,10.766448974609375,4.10675048828125,1,-1,-1,-1
2121,638,402.7770690917969,43.84352111816406,18.018096923828125,9.160682678222656,1,-1,-1,-1
2121,635,490.3597412109375,219.7169647216797,10.683349609375,4.446075439453125,1,-1,-1,-1
2141,638,391.9713134765625,44.477378845214844,17.38800048828125,9.799888610839844,1,-1,-1,-1
2141,635,497.4691162109375,224.63088989257812,10.788482666015625,4.00799560546875,1,-1,-1,-1
2161,638,392.43560791015625,61.443389892578125,16.904449462890625,6.923606872558594,1,-1,-1,-1
2161,635,498.1971740722656,237.2873992919922,11.746734619140625,4.2762451171875,1,-1,-1,-1
2181,638,396.5451354980469,77.93804931640625,19.873291015625,9.787857055664062,1,-1,-1,-1
2181,635,498.2265930175781,246.8158416748047,11.863006591796875,3.9098052978515625,1,-1,-1,-1
