1,712,143.78555297851562,189.50796508789062,8.735031127929688,3.8251190185546875,1,-1,-1,-1
21,713,490.3515930175781,129.40721130371094,8.120361328125,4.3528289794921875,1,-1,-1,-1
21,712,144.2965087890625,189.57369995117188,7.0519561767578125,3.90594482421875,1,-1,-1,-1
41,713,490.5855712890625,128.60377502441406,8.27301025390625,4.9229583740234375,1,-1,-1,-1
41,712,144.5244903564453,189.94590759277344,8.79034423828125,4.5000152587890625,1,-1,-1,-1
61,713,491.39752197265625,129.07981872558594,8.38568115234375,4.321014404296875,1,-1,-1,-1
61,712,146.4846954345703,190.17413330078125,7.2713165283203125,4.6062774658203125,1,-1,-1,-1
81,713,490.09063720703125,128.72769165039062,8.31109619140625,5.0061187744140625,1,-1,-1,-1
81,712,160.46591186523438,189.8140106201172,8.215789794921875,4.8155670166015625,1,-1,-1,-1
101,713,488.33697509765625,128.95370483398438,7.956787109375,4.864593505859375,1,-1,-1,-1
101,712,181.74667358398438,191.56822204589844,8.464996337890625,3.9029388427734375,1,-1,-1,-1
121,713,484.99560546875,128.6939239501953,8.683624267578125,4.664337158203125,1,-1,-1,-1
121,712,202.39295959472656,193.3123016357422,6.9962615966796875,3.3783416748046875,1,-1,-1,-1
141,713,480.23114013671875,129.0435333251953,8.076629638671875,4.4975128173828125,1,-1,-1,-1
141,712,220.39666748046875,194.49197387695312,7.2987060546875,3.9640960693359375,1,-1,-1,-1
161,713,474.47869873046875,129.0706787109375,8.052734375,4.56201171875,1,-1,-1,-1
161,712,235.2021942138672,194.51553344726562,8.053359985351562,4.2395172119140625,1,-1,-1,-1
181,713,469.5390625,129.57412719726562,7.05133056640625,4.2306365966796875,1,-1,-1,-1
181,712,249.1789093017578,194.72865295410156,7.7176666259765625,4.2605438232421875,1,-1,-1,-1
201,713,463.00732421875,129.63348388671875,7.2418212890625,4.6173248291015625,1,-1,-1,-1
201,712,258.3868103027344,195.31723022460938,7.616485595703125,4.1574249267578125,1,-1,-1,-1
221,713,455.2955627441406,130.1506805419922,7.988372802734375,4.2475128173828125,1,-1,-1,-1
221,712,267.5611572265625,196.3448944091797,7.320343017578125,3.61505126953125,1,-1,-1,-1
241,713,447.4466552734375,130.57815551757812,7.662841796875,4.184600830078125,1,-1,-1,-1
241,712,274.64697265625,197.029296875,6.755340576171875,3.76556396484375,1,-1,-1,-1
261,713,440.5250244140625,130.48912048339844,6.555694580078125,4.39697265625,1,-1,-1,-1
261,712,280.7388916015625,197.23997497558594,8.017333984375,3.80877685546875,1,-1,-1,-1
281,713,432.7308349609375,130.58689880371094,6.488037109375,4.0255889892578125,1,-1,-1,-1
281,712,287.9258728027344,198.45814514160156,7.301849365234375,3.8590850830078125,1,-1,-1,-1
301,713,424.46685791015625,130.39993286132812,7.2701416015625,4.533721923828125,1,-1,-1,-1
301,712,294.9764709472656,198.44772338867188,7.127960205078125,3.3962249755859375,1,-1,-1,-1
321,713,417.5868225097656,130.9609832763672,6.58935546875,3.4958953857421875,1,-1,-1,-1
321,712,298.9593505859375,197.80177307128906,7.50262451171875,3.8606719970703125,1,-1,-1,-1
341,713,409.03839111328125,130.27137756347656,7.43505859375,4.88555908203125,1,-1,-1,-1
341,712,302.863525390625,198.35983276367188,7.090850830078125,3.800872802734375,1,-1,-1,-1
361,713,401.8237609863281,130.6226043701172,7.584991455078125,3.819915771484375,1,-1,-1,-1
361,712,306.2417907714844,198.4716033935547,7.048095703125,4.02490234375,1,-1,-1,-1
381,713,394.8153991699219,130.1392364501953,7.101898193359375,4.1927490234375,1,-1,-1,-1
381,712,312.4304504394531,199.42236328125,7.582305908203125,3.821746826171875,1,-1,-1,-1
401,713,387.3094177246094,130.26284790039062,7.415069580078125,4.023956298828125,1,-1,-1,-1
401,712,322.93841552734375,200.11793518066406,8.041473388671875,3.8986053466796875,1,-1,-1,-1
421,713,379.6847229003906,130.03335571289062,7.406829833984375,4.2262420654296875,1,-1,-1,-1
421,712,336.2200622558594,196.8561553955078,5.927276611328125,3.4873046875,1,-1,-1,-1
441,713,372.75323486328125,129.2611846923828,7.03466796875,4.7725677490234375,1,-1,-1,-1
441,712,345.95294189453125,191.2476806640625,5.38909912109375,3.295135498046875,1,-1,-1,-1
461,713,363.8627624511719,129.27029418945312,8.235015869140625,4.163970947265625,1,-1,-1,-1
461,712,356.2099609375,189.60960388183594,4.69549560546875,3.6906280517578125,1,-1,-1,-1
481,713,357.2087097167969,128.635986328125,7.02606201171875,4.701812744140625,1,-1,-1,-1
481,712,357.2087097167969,128.63595581054688,7.02606201171875,4.7017974853515625,1,-1,-1,-1
501,713,348.50579833984375,128.67587280273438,7.040313720703125,4.51116943359375,1,-1,-1,-1
501,712,348.5057373046875,128.67587280273438,7.0404052734375,4.51116943359375,1,-1,-1,-1
521,713,340.165771484375,129.00315856933594,7.2802734375,4.5817108154296875,1,-1,-1,-1
521,712,340.165771484375,129.00315856933594,7.2802734375,4.5817108154296875,1,-1,-1,-1
541,713,331.2933044433594,128.9864044189453,7.34619140625,4.5497894287109375,1,-1,-1,-1
541,712,331.2933044433594,128.9864044189453,7.34619140625,4.5497894287109375,1,-1,-1,-1
561,713,322.5146484375,128.92347717285156,7.47406005859375,4.37890625,1,-1,-1,-1
561,712,322.5146484375,128.92347717285156,7.47406005859375,4.37890625,1,-1,-1,-1
581,713,315.0240478515625,128.5884246826172,6.703826904296875,4.8711090087890625,1,-1,-1,-1
581,712,315.0240478515625,128.5884552001953,6.703826904296875,4.8711090087890625,1,-1,-1,-1
601,713,305.05419921875,128.4459991455078,8.702056884765625,5.0681915283203125,1,-1,-1,-1
601,712,305.05419921875,128.44598388671875,8.702056884765625,5.068206787109375,1,-1,-1,-1
621,713,298.36077880859375,128.5867156982422,6.15777587890625,4.4509735107421875,1,-1,-1,-1
621,712,298.36077880859375,128.5867156982422,6.15777587890625,4.4509735107421875,1,-1,-1,-1
641,713,289.9748840332031,128.0380096435547,8.078948974609375,4.4989166259765625,1,-1,-1,-1
641,712,289.9748840332031,128.0380096435547,8.078948974609375,4.4989166259765625,1,-1,-1,-1
661,713,282.384033203125,128.2208709716797,7.69866943359375,4.0216827392578125,1,-1,-1,-1
661,712,282.384033203125,128.2208709716797,7.69866943359375,4.0216827392578125,1,-1,-1,-1
681,713,273.97149658203125,128.14093017578125,8.047637939453125,4.2335968017578125,1,-1,-1,-1
681,712,273.97149658203125,128.14093017578125,8.047637939453125,4.2335968017578125,1,-1,-1,-1
701,713,265.6061706542969,128.21405029296875,7.454498291015625,3.95391845703125,1,-1,-1,-1
701,712,265.6061706542969,128.21405029296875,7.454498291015625,3.9539337158203125,1,-1,-1,-1
721,713,257.96710205078125,128.56954956054688,6.75555419921875,4.4841156005859375,1,-1,-1,-1
721,712,257.9671325683594,128.56954956054688,6.75555419921875,4.4841156005859375,1,-1,-1,-1
741,713,249.76235961914062,128.90443420410156,6.706695556640625,4.486236572265625,1,-1,-1,-1
741,712,249.76235961914062,128.90443420410156,6.706695556640625,4.486236572265625,1,-1,-1,-1
761,713,241.2283935546875,129.21682739257812,7.2808380126953125,4.2381591796875,1,-1,-1,-1
761,712,241.2283935546875,129.21682739257812,7.2808380126953125,4.2381591796875,1,-1,-1,-1
781,713,233.55694580078125,129.49208068847656,7.321502685546875,4.0576019287109375,1,-1,-1,-1
781,712,233.55694580078125,129.49208068847656,7.321502685546875,4.0576019287109375,1,-1,-1,-1
801,713,226.0238494873047,129.10218811035156,7.0415496826171875,4.195892333984375,1,-1,-1,-1
801,712,226.0238494873047,129.10218811035156,7.0415496826171875,4.195892333984375,1,-1,-1,-1
821,713,217.514404296875,129.35009765625,7.6738739013671875,4.214752197265625,1,-1,-1,-1
821,712,217.514404296875,129.35006713867188,7.6738739013671875,4.214752197265625,1,-1,-1,-1
841,713,208.89938354492188,129.3765411376953,6.2195587158203125,4.176177978515625,1,-1,-1,-1
841,712,208.89938354492188,129.3765411376953,6.2195587158203125,4.176177978515625,1,-1,-1,-1
861,713,198.05677795410156,129.2696533203125,8.117446899414062,4.0715484619140625,1,-1,-1,-1
861,712,198.05677795410156,129.2696533203125,8.117446899414062,4.0715484619140625,1,-1,-1,-1
881,713,186.51853942871094,129.2142791748047,7.90240478515625,3.88922119140625,1,-1,-1,-1
881,712,186.51853942871094,129.2142791748047,7.90240478515625,3.88922119140625,1,-1,-1,-1
901,713,174.77186584472656,128.88633728027344,7.5014801025390625,4.287689208984375,1,-1,-1,-1
901,712,174.77186584472656,128.88633728027344,7.5014801025390625,4.2877044677734375,1,-1,-1,-1
921,713,163.88400268554688,129.130859375,7.86083984375,4.360107421875,1,-1,-1,-1
921,712,163.8839874267578,129.130859375,7.860870361328125,4.360107421875,1,-1,-1,-1
941,713,152.66714477539062,129.07870483398438,7.216033935546875,4.2996063232421875,1,-1,-1,-1
941,712,152.66714477539062,129.07870483398438,7.216033935546875,4.2996063232421875,1,-1,-1,-1
961,713,141.10922241210938,129.09349060058594,7.71148681640625,4.2342529296875,1,-1,-1,-1
961,712,141.10922241210938,129.09349060058594,7.71148681640625,4.2342529296875,1,-1,-1,-1
981,713,128.9816131591797,128.57098388671875,8.636474609375,4.7720947265625,1,-1,-1,-1
981,712,128.9816131591797,128.57098388671875,8.636474609375,4.7720947265625,1,-1,-1,-1
1001,713,118.29185485839844,128.74591064453125,7.916015625,4.593994140625,1,-1,-1,-1
1001,712,118.29185485839844,128.74591064453125,7.916015625,4.593994140625,1,-1,-1,-1
1021,713,107.00695037841797,129.0738067626953,8.162818908691406,4.150726318359375,1,-1,-1,-1
1021,712,107.00695037841797,129.0738067626953,8.162818908691406,4.150726318359375,1,-1,-1,-1
1041,713,101.19880676269531,129.19322204589844,7.958160400390625,4.3335723876953125,1,-1,-1,-1
1041,712,101.19880676269531,129.19322204589844,7.958160400390625,4.3335723876953125,1,-1,-1,-1
1061,713,103.45011901855469,129.19554138183594,7.7130889892578125,4.1880340576171875,1,-1,-1,-1
1061,712,103.45011901855469,129.19554138183594,7.7130889892578125,4.1880340576171875,1,-1,-1,-1
1081,713,113.87567138671875,129.08792114257812,7.83514404296875,4.21673583984375,1,-1,-1,-1
1081,712,113.87567138671875,129.08792114257812,7.83514404296875,4.21673583984375,1,-1,-1,-1
1101,713,135.69984436035156,129.2705535888672,6.9425048828125,4.7811126708984375,1,-1,-1,-1
1101,712,135.69984436035156,129.2705535888672,6.9425048828125,4.7811126708984375,1,-1,-1,-1
1121,713,165.47616577148438,129.26759338378906,7.103729248046875,4.59234619140625,1,-1,-1,-1
1121,712,165.47616577148438,129.26759338378906,7.103729248046875,4.59234619140625,1,-1,-1,-1
1141,713,199.88406372070312,129.1031036376953,7.271697998046875,4.6125946044921875,1,-1,-1,-1
1141,712,199.88406372070312,129.10308837890625,7.271697998046875,4.6126251220703125,1,-1,-1,-1
1161,713,240.40597534179688,128.571533203125,6.6522216796875,4.750396728515625,1,-1,-1,-1
1161,712,240.40597534179688,128.571533203125,6.6522216796875,4.750396728515625,1,-1,-1,-1
1181,713,284.66290283203125,129.3642578125,5.9755859375,4.0662689208984375,1,-1,-1,-1
1181,712,284.66290283203125,129.3642578125,5.9755859375,4.0662689208984375,1,-1,-1,-1
1201,713,330.664794921875,128.78431701660156,6.510162353515625,4.6847381591796875,1,-1,-1,-1
1201,712,330.664794921875,128.78431701660156,6.510162353515625,4.6847381591796875,1,-1,-1,-1
1221,713,375.6593017578125,129.44793701171875,7.401885986328125,4.639129638671875,1,-1,-1,-1
1221,712,375.6593017578125,129.44793701171875,7.401885986328125,4.639129638671875,1,-1,-1,-1
1241,713,415.0008850097656,129.20335388183594,7.522125244140625,4.55499267578125,1,-1,-1,-1
1241,712,415.0008850097656,129.20335388183594,7.522125244140625,4.55499267578125,1,-1,-1,-1
1261,713,450.6197814941406,129.85267639160156,7.9034423828125,4.3734588623046875,1,-1,-1,-1
1261,712,450.6197814941406,129.85267639160156,7.9034423828125,4.3734588623046875,1,-1,-1,-1
1281,713,483.3642272949219,130.00160217285156,6.879638671875,4.2818603515625,1,-1,-1,-1
1281,712,483.3642272949219,130.00160217285156,6.879638671875,4.2818603515625,1,-1,-1,-1
1301,714,327.6060485839844,254.248779296875,8.536285400390625,3.401763916015625,1,-1,-1,-1
1301,713,512.7581176757812,130.3074493408203,8.075927734375,4.3390350341796875,1,-1,-1,-1
1301,712,512.7581176757812,130.3074493408203,8.075927734375,4.3390350341796875,1,-1,-1,-1
1321,714,308.1038818359375,253.90863037109375,7.5706787109375,2.882293701171875,1,-1,-1,-1
1321,713,541.4779052734375,130.5323028564453,7.87884521484375,4.0781707763671875,1,-1,-1,-1
1321,712,541.4779052734375,130.5323028564453,7.87884521484375,4.0781707763671875,1,-1,-1,-1
1341,713,569.3233642578125,130.2756805419922,8.657470703125,4.2453460693359375,1,-1,-1,-1
1341,712,569.3233642578125,130.2756805419922,8.657470703125,4.2453460693359375,1,-1,-1,-1
1361,713,596.5453491210938,129.83433532714844,10.41302490234375,4.7349700927734375,1,-1,-1,-1
1361,712,596.5453491210938,129.83433532714844,10.41302490234375,4.7349700927734375,1,-1,-1,-1
1381,713,604.49658203125,131.02528381347656,8.12200927734375,4.5148468017578125,1,-1,-1,-1
1381,712,604.49658203125,131.02528381347656,8.12200927734375,4.5148468017578125,1,-1,-1,-1
1401,713,616.8721923828125,133.52951049804688,3.453125,4.2818145751953125,1,-1,-1,-1
1401,712,616.8721923828125,133.52951049804688,3.453125,4.2818145751953125,1,-1,-1,-1
1461,715,569.2584838867188,131.09922790527344,8.46148681640625,4.1072235107421875,1,-1,-1,-1
1481,716,167.44131469726562,225.4792938232422,9.441329956054688,4.7703399658203125,1,-1,-1,-1
1481,715,547.7535400390625,131.02403259277344,8.206787109375,4.2347412109375,1,-1,-1,-1
1501,716,201.19508361816406,151.9355926513672,4.2525177001953125,2.8365478515625,1,-1,-1,-1
1501,715,524.4375,130.58424377441406,7.7906494140625,4.6866912841796875,1,-1,-1,-1
1521,715,499.88555908203125,130.83876037597656,7.26873779296875,4.3037261962890625,1,-1,-1,-1
1541,715,476.1402893066406,131.17494201660156,7.526153564453125,3.904083251953125,1,-1,-1,-1
1561,715,451.40020751953125,130.48439025878906,8.23626708984375,4.8046417236328125,1,-1,-1,-1
1581,715,427.0872802734375,130.1898193359375,6.879364013671875,4.593902587890625,1,-1,-1,-1
1601,715,403.2861022949219,130.8006134033203,7.100128173828125,3.926971435546875,1,-1,-1,-1
1621,715,378.4933166503906,131.01028442382812,6.951904296875,3.92681884765625,1,-1,-1,-1
1641,715,355.0231628417969,130.29490661621094,5.875091552734375,4.7658233642578125,1,-1,-1,-1
1661,715,329.542724609375,130.3287811279297,7.581573486328125,4.61541748046875,1,-1,-1,-1
1681,715,306.2891845703125,130.9224395751953,6.171905517578125,4.3691864013671875,1,-1,-1,-1
1701,715,282.2467956542969,131.30126953125,6.77978515625,4.02093505859375,1,-1,-1,-1
1721,715,258.4926452636719,130.5684051513672,7.545928955078125,4.6752166748046875,1,-1,-1,-1
1741,715,235.62254333496094,131.209716796875,7.4123687744140625,3.9915924072265625,1,-1,-1,-1
1761,715,212.57867431640625,131.1928253173828,7.1002960205078125,3.81884765625,1,-1,-1,-1
1781,715,189.50933837890625,131.454345703125,7.6868438720703125,3.74560546875,1,-1,-1,-1
1801,715,166.125,131.16915893554688,8.492767333984375,3.9838714599609375,1,-1,-1,-1
1821,715,144.21749877929688,131.7337646484375,7.428741455078125,3.6895904541015625,1,-1,-1,-1
1841,715,122.16285705566406,131.6125030517578,7.3801422119140625,3.739837646484375,1,-1,-1,-1
1861,715,99.02896881103516,131.7882080078125,8.814979553222656,3.993682861328125,1,-1,-1,-1
1881,717,181.15872192382812,225.67645263671875,9.4249267578125,4.658203125,1,-1,-1,-1
1901,717,195.24002075195312,225.5745086669922,10.368804931640625,5.0577850341796875,1,-1,-1,-1
1921,717,333.623779296875,149.9655303955078,5.035247802734375,2.663726806640625,1,-1,-1,-1
1941,718,199.89413452148438,131.6389617919922,5.73333740234375,4.34173583984375,1,-1,-1,-1
1961,718,264.3027038574219,132.8177490234375,7.143768310546875,4.1349945068359375,1,-1,-1,-1
1981,718,318.0081481933594,134.03749084472656,7.836883544921875,4.293731689453125,1,-1,-1,-1
2001,718,364.9820556640625,135.03033447265625,7.089019775390625,3.8525238037109375,1,-1,-1,-1
2021,718,407.55926513671875,133.74099731445312,6.52587890625,4.55108642578125,1,-1,-1,-1
2041,718,444.7960205078125,132.434814453125,7.547088623046875,4.9855804443359375,1,-1,-1,-1
2061,718,480.3057556152344,133.36981201171875,7.11273193359375,4.1791229248046875,1,-1,-1,-1
2081,719,343.65924072265625,225.88333129882812,7.880706787109375,3.28228759765625,1,-1,-1,-1
2081,718,514.0845336914062,133.65594482421875,7.34771728515625,4.4828033447265625,1,-1,-1,-1
2101,719,353.4949035644531,225.58978271484375,5.5648193359375,2.7341461181640625,1,-1,-1,-1
2101,718,548.4046020507812,133.22532653808594,7.38494873046875,5.003326416015625,1,-1,-1,-1
2121,719,352.90606689453125,226.69363403320312,6.6107177734375,3.6585693359375,1,-1,-1,-1
2121,718,576.7628173828125,133.85263061523438,7.73291015625,4.49420166015625,1,-1,-1,-1
2141,719,351.4800720214844,240.14639282226562,6.338714599609375,2.7884674072265625,1,-1,-1,-1
2141,718,592.2754516601562,133.81298828125,10.74041748046875,4.7366790771484375,1,-1,-1,-1
