1,830,341.8888854980469,161.62667846679688,15.7672119140625,10.737152099609375,1,-1,-1,-1
21,830,342.36395263671875,160.8520050048828,14.428192138671875,10.83599853515625,1,-1,-1,-1
41,830,341.9586181640625,161.75784301757812,14.26483154296875,9.155303955078125,1,-1,-1,-1
61,830,340.512451171875,161.49998474121094,16.5509033203125,11.388809204101562,1,-1,-1,-1
81,830,353.4325866699219,160.99884033203125,13.892974853515625,6.43975830078125,1,-1,-1,-1
101,830,368.33624267578125,158.58973693847656,11.26885986328125,7.1076812744140625,1,-1,-1,-1
121,830,377.776123046875,152.2295684814453,13.781494140625,6.5094146728515625,1,-1,-1,-1
141,830,383.2737731933594,133.97352600097656,14.618133544921875,8.8485107421875,1,-1,-1,-1
161,830,384.50811767578125,114.33656311035156,15.8468017578125,8.936561584472656,1,-1,-1,-1
181,830,383.9134521484375,94.11276245117188,17.66448974609375,9.219802856445312,1,-1,-1,-1
201,830,379.6380920410156,86.43021392822266,18.146453857421875,8.895645141601562,1,-1,-1,-1
221,830,379.5733642578125,79.3336410522461,18.199615478515625,9.432266235351562,1,-1,-1,-1
241,830,379.0372009277344,74.70985412597656,16.174163818359375,10.349418640136719,1,-1,-1,-1
261,830,356.38885498046875,77.72269439697266,16.6513671875,10.862571716308594,1,-1,-1,-1
281,831,131.77731323242188,198.11289978027344,30.845001220703125,10.723159790039062,1,-1,-1,-1
281,830,310.7542724609375,81.98101806640625,15.03118896484375,10.404991149902344,1,-1,-1,-1
301,830,259.4208068847656,89.79907989501953,16.380035400390625,10.738365173339844,1,-1,-1,-1
321,830,240.32814025878906,95.0230712890625,15.176803588867188,8.815582275390625,1,-1,-1,-1
341,830,243.7327880859375,96.7335433959961,16.465576171875,9.649497985839844,1,-1,-1,-1
361,830,244.0250244140625,105.451904296875,14.24658203125,10.032493591308594,1,-1,-1,-1
381,830,244.00445556640625,118.5063247680664,18.7200927734375,8.657890319824219,1,-1,-1,-1
401,830,248.7989044189453,128.71279907226562,17.107803344726562,9.735031127929688,1,-1,-1,-1
421,830,256.9504699707031,135.15005493164062,17.522674560546875,9.700790405273438,1,-1,-1,-1
441,830,267.5979919433594,142.82933044433594,16.329864501953125,8.70806884765625,1,-1,-1,-1
461,830,279.3149108886719,147.56100463867188,16.452484130859375,9.239532470703125,1,-1,-1,-1
481,830,291.1413269042969,148.8665313720703,17.435211181640625,9.194427490234375,1,-1,-1,-1
501,830,305.53594970703125,147.9805145263672,20.49957275390625,10.430252075195312,1,-1,-1,-1
521,830,325.157958984375,147.8004913330078,17.92840576171875,9.88970947265625,1,-1,-1,-1
541,830,348.7677001953125,147.6219940185547,17.65234375,9.89630126953125,1,-1,-1,-1
561,830,377.0908203125,145.537353515625,18.677154541015625,9.970504760742188,1,-1,-1,-1
581,830,404.9145202636719,141.8743438720703,18.508453369140625,10.348800659179688,1,-1,-1,-1
601,830,432.734375,137.30194091796875,18.39361572265625,11.493270874023438,1,-1,-1,-1
621,830,439.3503112792969,135.85687255859375,17.715850830078125,10.08551025390625,1,-1,-1,-1
641,830,440.2676086425781,140.36907958984375,18.280181884765625,10.597976684570312,1,-1,-1,-1
661,830,443.4722900390625,166.98753356933594,11.58837890625,5.3883819580078125,1,-1,-1,-1
681,832,139.11669921875,228.41162109375,24.393569946289062,9.829666137695312,1,-1,-1,-1
681,830,440.9039611816406,155.6411895751953,18.805389404296875,15.365676879882812,1,-1,-1,-1
701,832,151.9402313232422,238.70260620117188,25.661575317382812,12.807525634765625,1,-1,-1,-1
701,830,426.54571533203125,165.25279235839844,27.90130615234375,7.430206298828125,1,-1,-1,-1
721,832,173.74639892578125,269.0998840332031,16.775665283203125,6.69281005859375,1,-1,-1,-1
721,830,400.8125305175781,173.37286376953125,18.282379150390625,9.645538330078125,1,-1,-1,-1
741,832,177.15634155273438,294.1567077636719,20.122894287109375,8.150909423828125,1,-1,-1,-1
741,830,374.7597961425781,184.46287536621094,17.695068359375,8.729751586914062,1,-1,-1,-1
761,832,176.47866821289062,288.5408020019531,21.138534545898438,7.532745361328125,1,-1,-1,-1
761,830,343.746337890625,198.1077423095703,11.23931884765625,5.9196624755859375,1,-1,-1,-1
781,832,171.39932250976562,274.0652770996094,23.208587646484375,9.24151611328125,1,-1,-1,-1
781,830,311.172607421875,204.10189819335938,13.071533203125,7.565460205078125,1,-1,-1,-1
801,832,191.4079132080078,265.7652893066406,21.938629150390625,9.513885498046875,1,-1,-1,-1
801,830,286.3507080078125,209.2787322998047,8.2698974609375,4.823944091796875,1,-1,-1,-1
821,830,273.0068359375,213.3018341064453,8.54595947265625,3.7087860107421875,1,-1,-1,-1
841,833,354.6611328125,249.2117156982422,19.138580322265625,7.2688446044921875,1,-1,-1,-1
861,833,441.6574401855469,233.44009399414062,21.21087646484375,10.669021606445312,1,-1,-1,-1
881,834,297.4961853027344,235.33770751953125,15.1361083984375,6.4134368896484375,1,-1,-1,-1
881,833,443.66180419921875,165.68272399902344,22.27777099609375,13.671920776367188,1,-1,-1,-1
901,834,286.5887145996094,243.3822784423828,15.305694580078125,6.29107666015625,1,-1,-1,-1
901,833,433.8369140625,134.0551300048828,17.527069091796875,8.515029907226562,1,-1,-1,-1
921,834,266.8615417480469,252.6190643310547,11.982513427734375,4.9972381591796875,1,-1,-1,-1
921,833,352.59423828125,135.8073272705078,18.3851318359375,9.111358642578125,1,-1,-1,-1
941,834,243.872802734375,259.69708251953125,13.13787841796875,5.145721435546875,1,-1,-1,-1
941,833,186.7363739013672,139.7766571044922,24.489944458007812,10.790908813476562,1,-1,-1,-1
961,835,103.6996078491211,147.00498962402344,16.873146057128906,8.408554077148438,1,-1,-1,-1
961,834,231.48947143554688,265.18817138671875,9.192840576171875,4.07818603515625,1,-1,-1,-1
961,833,231.48947143554688,265.18817138671875,9.192840576171875,4.07818603515625,1,-1,-1,-1
981,835,114.19895935058594,144.3217010498047,25.621261596679688,12.192306518554688,1,-1,-1,-1
1001,835,122.703857421875,149.18673706054688,14.5338134765625,8.138809204101562,1,-1,-1,-1
1041,837,319.78204345703125,250.54193115234375,7.546600341796875,3.6699066162109375,1,-1,-1,-1
1041,836,319.78271484375,250.54287719726562,7.549072265625,3.672088623046875,1,-1,-1,-1
1061,838,252.2721710205078,258.29742431640625,14.498489379882812,6.070587158203125,1,-1,-1,-1
1081,838,282.8811340332031,256.0646667480469,10.18701171875,4.572998046875,1,-1,-1,-1
1101,838,312.7908020019531,250.9857940673828,15.18157958984375,5.3259735107421875,1,-1,-1,-1
1121,839,443.6184387207031,167.04946899414062,11.48260498046875,5.6000518798828125,1,-1,-1,-1
1121,838,350.32684326171875,246.75677490234375,14.506988525390625,5.4452667236328125,1,-1,-1,-1
1141,839,443.5680847167969,166.98707580566406,11.6708984375,5.647125244140625,1,-1,-1,-1
1141,838,383.2039794921875,239.7964630126953,16.33221435546875,6.5750579833984375,1,-1,-1,-1
1161,839,443.5985107421875,166.82139587402344,12.02667236328125,5.71331787109375,1,-1,-1,-1
1161,838,412.9318542480469,232.57301330566406,14.3819580078125,6.3346099853515625,1,-1,-1,-1
1181,839,443.4466857910156,166.7314910888672,12.02606201171875,5.7098236083984375,1,-1,-1,-1
1181,838,415.328369140625,225.97262573242188,16.1702880859375,6.3895416259765625,1,-1,-1,-1
1201,839,443.86004638671875,167.004638671875,11.225982666015625,5.380767822265625,1,-1,-1,-1
1201,838,414.71185302734375,218.92831420898438,14.9912109375,6.9693603515625,1,-1,-1,-1
1221,840,188.15521240234375,145.8492431640625,19.24761962890625,12.590286254882812,1,-1,-1,-1
1221,839,444.2523193359375,167.08082580566406,11.2884521484375,5.5225982666015625,1,-1,-1,-1
1221,838,413.5701904296875,210.13966369628906,15.392578125,5.9944915771484375,1,-1,-1,-1
1241,840,186.48171997070312,195.86416625976562,22.420578002929688,11.685638427734375,1,-1,-1,-1
1241,839,444.10064697265625,167.224609375,10.9940185546875,5.48211669921875,1,-1,-1,-1
1241,838,410.3773498535156,200.2383575439453,13.20098876953125,4.942047119140625,1,-1,-1,-1
1261,840,185.6924285888672,246.2454071044922,22.679168701171875,8.722457885742188,1,-1,-1,-1
1261,839,444.2002868652344,167.08680725097656,10.912017822265625,5.404754638671875,1,-1,-1,-1
1261,838,408.25787353515625,189.2137451171875,10.13427734375,4.79669189453125,1,-1,-1,-1
1281,840,185.90414428710938,250.60433959960938,20.8238525390625,9.354644775390625,1,-1,-1,-1
1281,839,443.8190002441406,166.94491577148438,11.18408203125,5.5145721435546875,1,-1,-1,-1
1281,838,409.2333679199219,186.6798095703125,10.38916015625,5.65521240234375,1,-1,-1,-1
1301,840,190.5704345703125,187.66461181640625,17.283050537109375,8.197860717773438,1,-1,-1,-1
1301,839,405.1512451171875,177.35244750976562,46.97540283203125,9.957855224609375,1,-1,-1,-1
1301,838,408.28656005859375,178.04486083984375,13.34783935546875,8.205413818359375,1,-1,-1,-1
1321,840,192.82974243164062,117.09072875976562,20.18359375,11.485977172851562,1,-1,-1,-1
1321,839,380.90472412109375,170.40602111816406,16.718292236328125,10.531661987304688,1,-1,-1,-1
1321,838,380.90472412109375,170.40602111816406,16.718292236328125,10.531661987304688,1,-1,-1,-1
1341,840,194.17604064941406,80.60836791992188,20.468902587890625,11.467361450195312,1,-1,-1,-1
1341,839,443.74285888671875,167.03297424316406,11.548004150390625,5.450592041015625,1,-1,-1,-1
1341,838,443.74285888671875,167.03297424316406,11.548004150390625,5.450592041015625,1,-1,-1,-1
1361,840,296.99774169921875,156.29893493652344,15.008331298828125,10.354248046875,1,-1,-1,-1
1361,839,443.9017333984375,167.17547607421875,11.248046875,5.2249603271484375,1,-1,-1,-1
1361,838,443.9017333984375,167.17547607421875,11.248046875,5.2249603271484375,1,-1,-1,-1
1381,840,272.4826354980469,155.50917053222656,18.2762451171875,10.628890991210938,1,-1,-1,-1
1381,839,443.68487548828125,167.0072021484375,11.72637939453125,5.5283050537109375,1,-1,-1,-1
1381,838,443.68487548828125,167.00718688964844,11.72637939453125,5.5283355712890625,1,-1,-1,-1
1401,840,275.4940185546875,162.7257537841797,18.80419921875,9.452926635742188,1,-1,-1,-1
1401,839,443.6954040527344,167.04800415039062,11.568603515625,5.4573822021484375,1,-1,-1,-1
1401,838,443.6954040527344,167.04800415039062,11.568603515625,5.4573822021484375,1,-1,-1,-1
1421,840,272.7862243652344,165.88043212890625,19.052490234375,10.024139404296875,1,-1,-1,-1
1421,839,443.76068115234375,166.9024658203125,11.4971923828125,5.3325958251953125,1,-1,-1,-1
1421,838,443.76068115234375,166.9024658203125,11.4971923828125,5.3325958251953125,1,-1,-1,-1
1441,840,254.90357971191406,166.93051147460938,17.837570190429688,11.294815063476562,1,-1,-1,-1
1441,839,443.4945068359375,166.897705078125,11.5936279296875,5.5771484375,1,-1,-1,-1
1441,838,443.4945068359375,166.89768981933594,11.5936279296875,5.5771484375,1,-1,-1,-1
1461,841,250.48463439941406,46.452484130859375,18.040054321289062,11.579837799072266,1,-1,-1,-1
1461,840,229.34909057617188,178.5728759765625,17.473495483398438,9.113021850585938,1,-1,-1,-1
1461,839,443.5803527832031,166.89939880371094,11.5472412109375,5.4625244140625,1,-1,-1,-1
1461,838,443.5803527832031,166.89939880371094,11.5472412109375,5.4625244140625,1,-1,-1,-1
1481,841,266.9696350097656,51.42193603515625,13.956573486328125,9.048725128173828,1,-1,-1,-1
1481,840,195.66175842285156,184.02174377441406,19.498062133789062,8.15057373046875,1,-1,-1,-1
1481,839,443.37091064453125,167.02487182617188,11.72882080078125,5.4211273193359375,1,-1,-1,-1
1481,838,443.37091064453125,167.02487182617188,11.72882080078125,5.4211273193359375,1,-1,-1,-1
1501,841,271.4298095703125,59.61500930786133,20.358551025390625,10.723438262939453,1,-1,-1,-1
1501,840,192.4105224609375,180.13623046875,17.582168579101562,10.037811279296875,1,-1,-1,-1
1501,839,443.70458984375,167.1524658203125,11.56890869140625,5.4445037841796875,1,-1,-1,-1
1501,838,443.70458984375,167.1524658203125,11.56890869140625,5.4445037841796875,1,-1,-1,-1
1521,841,273.32757568359375,100.8935317993164,23.860443115234375,11.242103576660156,1,-1,-1,-1
1521,840,208.45639038085938,173.8207550048828,16.5103759765625,10.6337890625,1,-1,-1,-1
1521,839,443.7794189453125,167.14959716796875,11.36993408203125,5.7061309814453125,1,-1,-1,-1
1521,838,443.7794189453125,167.14959716796875,11.36993408203125,5.7061309814453125,1,-1,-1,-1
1541,841,283.16192626953125,171.1071014404297,21.496002197265625,11.298583984375,1,-1,-1,-1
1541,840,217.60250854492188,167.9448699951172,20.254119873046875,8.622695922851562,1,-1,-1,-1
1541,839,443.8948059082031,167.20005798339844,10.684417724609375,5.163665771484375,1,-1,-1,-1
1541,838,443.8948059082031,167.20005798339844,10.684417724609375,5.163665771484375,1,-1,-1,-1
1561,841,282.1615905761719,250.57376098632812,18.009796142578125,7.504730224609375,1,-1,-1,-1
1561,840,219.29794311523438,159.5016632080078,19.835662841796875,10.305068969726562,1,-1,-1,-1
1561,839,443.8222961425781,167.0437774658203,11.6812744140625,5.7310791015625,1,-1,-1,-1
1561,838,443.8222961425781,167.0437774658203,11.6812744140625,5.7310791015625,1,-1,-1,-1
1581,841,287.0714111328125,247.45030212402344,18.08563232421875,9.083816528320312,1,-1,-1,-1
1581,840,225.11642456054688,160.39157104492188,19.163330078125,11.379470825195312,1,-1,-1,-1
1581,839,443.71563720703125,166.92933654785156,11.751556396484375,5.299041748046875,1,-1,-1,-1
1581,838,443.71563720703125,166.92933654785156,11.751556396484375,5.299041748046875,1,-1,-1,-1
1601,841,284.70599365234375,235.8600311279297,21.159332275390625,8.123565673828125,1,-1,-1,-1
1601,840,226.49728393554688,165.2591094970703,19.364700317382812,11.40911865234375,1,-1,-1,-1
1601,839,443.7060546875,166.91761779785156,11.640380859375,5.475372314453125,1,-1,-1,-1
1601,838,443.7060546875,166.91761779785156,11.640380859375,5.475372314453125,1,-1,-1,-1
1621,841,261.78546142578125,232.63717651367188,23.47540283203125,9.51312255859375,1,-1,-1,-1
1621,840,233.8092803955078,175.400390625,18.50372314453125,8.826614379882812,1,-1,-1,-1
1621,839,443.7281799316406,166.96859741210938,11.69525146484375,5.40771484375,1,-1,-1,-1
1621,838,443.7281799316406,166.96859741210938,11.69525146484375,5.40771484375,1,-1,-1,-1
1641,841,253.52110290527344,179.72552490234375,17.214950561523438,8.950332641601562,1,-1,-1,-1
1641,840,253.52117919921875,179.7254638671875,17.214874267578125,8.950469970703125,1,-1,-1,-1
1641,839,443.663330078125,166.65505981445312,11.833953857421875,5.7504119873046875,1,-1,-1,-1
1641,838,443.663330078125,166.65505981445312,11.833953857421875,5.7504119873046875,1,-1,-1,-1
1661,841,281.5843505859375,182.28091430664062,16.925506591796875,8.850128173828125,1,-1,-1,-1
1661,840,281.5843505859375,182.28091430664062,16.925506591796875,8.850128173828125,1,-1,-1,-1
1661,839,444.0518798828125,167.13900756835938,11.1102294921875,5.3425750732421875,1,-1,-1,-1
1661,838,444.0518798828125,167.13900756835938,11.1102294921875,5.3425750732421875,1,-1,-1,-1
1681,841,307.8613586425781,184.70162963867188,14.932861328125,8.271591186523438,1,-1,-1,-1
1681,840,307.8613586425781,184.70162963867188,14.932861328125,8.271591186523438,1,-1,-1,-1
1681,839,443.5501708984375,166.89772033691406,11.96038818359375,5.8747100830078125,1,-1,-1,-1
1681,838,443.5501708984375,166.89772033691406,11.96038818359375,5.8747100830078125,1,-1,-1,-1
1701,841,339.7082214355469,184.89749145507812,16.65228271484375,7.156005859375,1,-1,-1,-1
1701,840,339.7082214355469,184.89749145507812,16.65228271484375,7.156005859375,1,-1,-1,-1
1701,839,443.8290100097656,167.09681701660156,11.65924072265625,5.684051513671875,1,-1,-1,-1
1701,838,443.8290100097656,167.09681701660156,11.65924072265625,5.684051513671875,1,-1,-1,-1
1721,841,364.3233642578125,179.6888427734375,16.76153564453125,7.4401397705078125,1,-1,-1,-1
1721,840,364.3233642578125,179.6888427734375,16.76153564453125,7.4401397705078125,1,-1,-1,-1
1721,839,443.86376953125,167.19114685058594,11.55865478515625,5.3747100830078125,1,-1,-1,-1
1721,838,443.86376953125,167.19114685058594,11.55865478515625,5.3747100830078125,1,-1,-1,-1
1741,841,382.7386474609375,175.70205688476562,14.87969970703125,8.101470947265625,1,-1,-1,-1
1741,840,382.7386474609375,175.70205688476562,14.87969970703125,8.101470947265625,1,-1,-1,-1
1741,839,443.9057922363281,167.25955200195312,11.294464111328125,5.848846435546875,1,-1,-1,-1
1741,838,443.9057922363281,167.25955200195312,11.294464111328125,5.848846435546875,1,-1,-1,-1
1761,841,388.97088623046875,173.30120849609375,15.647705078125,9.49993896484375,1,-1,-1,-1
1761,840,388.97088623046875,173.3011932373047,15.647705078125,9.499954223632812,1,-1,-1,-1
1761,839,443.81109619140625,167.20286560058594,11.5196533203125,5.364654541015625,1,-1,-1,-1
1761,838,443.81109619140625,167.20286560058594,11.5196533203125,5.3646697998046875,1,-1,-1,-1
1781,841,385.9309387207031,174.867919921875,18.455810546875,9.108062744140625,1,-1,-1,-1
1781,840,385.9309387207031,174.867919921875,18.455810546875,9.108062744140625,1,-1,-1,-1
1781,839,443.73712158203125,167.08868408203125,11.47564697265625,5.6999664306640625,1,-1,-1,-1
1781,838,443.73712158203125,167.08868408203125,11.47564697265625,5.6999664306640625,1,-1,-1,-1
1801,841,385.3265075683594,173.2509307861328,15.728668212890625,7.22796630859375,1,-1,-1,-1
1801,840,385.3265075683594,173.2509307861328,15.728668212890625,7.22796630859375,1,-1,-1,-1
1801,839,385.3265380859375,173.2505340576172,15.72906494140625,7.228118896484375,1,-1,-1,-1
1801,838,385.3265380859375,173.2505340576172,15.72906494140625,7.228118896484375,1,-1,-1,-1
1821,842,169.98655700683594,171.52757263183594,21.782302856445312,11.629791259765625,1,-1,-1,-1
1821,841,390.74346923828125,160.55642700195312,16.6424560546875,10.240005493164062,1,-1,-1,-1
1821,840,390.74346923828125,160.55642700195312,16.6424560546875,10.240005493164062,1,-1,-1,-1
1821,839,390.74346923828125,160.55642700195312,16.6424560546875,10.240005493164062,1,-1,-1,-1
1821,838,390.74346923828125,160.55642700195312,16.6424560546875,10.240005493164062,1,-1,-1,-1
1841,842,173.74046325683594,220.78025817871094,21.317214965820312,10.569244384765625,1,-1,-1,-1
1841,841,393.4810791015625,158.95098876953125,17.8818359375,9.419509887695312,1,-1,-1,-1
1841,840,393.4810791015625,158.95098876953125,17.8818359375,9.419509887695312,1,-1,-1,-1
1841,839,393.4810791015625,158.9510040283203,17.8818359375,9.419509887695312,1,-1,-1,-1
1841,838,393.4810791015625,158.95098876953125,17.8818359375,9.419509887695312,1,-1,-1,-1
1861,842,171.3668670654297,246.12722778320312,20.46905517578125,9.907867431640625,1,-1,-1,-1
1861,841,391.8433837890625,157.74493408203125,17.246612548828125,10.928497314453125,1,-1,-1,-1
1861,840,391.8433837890625,157.74493408203125,17.246612548828125,10.928497314453125,1,-1,-1,-1
1861,839,391.8433837890625,157.74493408203125,17.246612548828125,10.928497314453125,1,-1,-1,-1
1861,838,391.8433837890625,157.74493408203125,17.246612548828125,10.928497314453125,1,-1,-1,-1
1881,842,170.32186889648438,202.4477081298828,21.616058349609375,9.9112548828125,1,-1,-1,-1
1881,841,395.5860595703125,163.44137573242188,16.315521240234375,10.893524169921875,1,-1,-1,-1
1881,840,395.5860595703125,163.44137573242188,16.315521240234375,10.893524169921875,1,-1,-1,-1
1881,839,395.5860595703125,163.44137573242188,16.315521240234375,10.893524169921875,1,-1,-1,-1
1881,838,395.5860595703125,163.44137573242188,16.315521240234375,10.893524169921875,1,-1,-1,-1
1901,842,170.7947998046875,165.6983184814453,24.157928466796875,8.905258178710938,1,-1,-1,-1
1901,841,397.8736877441406,178.88038635253906,16.418060302734375,8.709121704101562,1,-1,-1,-1
1901,840,397.8736877441406,178.88038635253906,16.418060302734375,8.709121704101562,1,-1,-1,-1
1901,839,397.8736877441406,178.88038635253906,16.418060302734375,8.709121704101562,1,-1,-1,-1
1901,838,397.8736877441406,178.88038635253906,16.418060302734375,8.709121704101562,1,-1,-1,-1
1921,842,171.60711669921875,136.36508178710938,13.575286865234375,8.868545532226562,1,-1,-1,-1
1921,841,391.4927673339844,193.11277770996094,17.071075439453125,8.63397216796875,1,-1,-1,-1
1921,840,391.4927673339844,193.11277770996094,17.071075439453125,8.63397216796875,1,-1,-1,-1
1921,839,391.4927673339844,193.11277770996094,17.071075439453125,8.63397216796875,1,-1,-1,-1
1921,838,391.4927673339844,193.11277770996094,17.071075439453125,8.63397216796875,1,-1,-1,-1
1941,842,354.70806884765625,210.83592224121094,16.901397705078125,5.5836639404296875,1,-1,-1,-1
1941,841,354.7080993652344,210.8358612060547,16.901153564453125,5.5836181640625,1,-1,-1,-1
1941,840,354.7080993652344,210.8358612060547,16.901153564453125,5.5836181640625,1,-1,-1,-1
1941,839,354.7080993652344,210.8358612060547,16.901153564453125,5.5836181640625,1,-1,-1,-1
1941,838,354.7080993652344,210.8358612060547,16.901153564453125,5.5836181640625,1,-1,-1,-1
1961,842,295.7091979980469,221.7104949951172,17.34283447265625,9.4537353515625,1,-1,-1,-1
1961,841,295.70916748046875,221.7104949951172,17.34283447265625,9.4537353515625,1,-1,-1,-1
1961,840,295.7091979980469,221.7104949951172,17.34283447265625,9.4537353515625,1,-1,-1,-1
1961,839,295.7091979980469,221.7104949951172,17.34283447265625,9.4537353515625,1,-1,-1,-1
1961,838,295.7091979980469,221.7104949951172,17.34283447265625,9.4537353515625,1,-1,-1,-1
1981,842,229.86131286621094,235.29063415527344,11.68975830078125,5.7339935302734375,1,-1,-1,-1
1981,841,229.86131286621094,235.29063415527344,11.68975830078125,5.7339935302734375,1,-1,-1,-1
1981,840,229.86131286621094,235.29063415527344,11.68975830078125,5.7339935302734375,1,-1,-1,-1
1981,839,229.86131286621094,235.29063415527344,11.68975830078125,5.7339935302734375,1,-1,-1,-1
1981,838,229.86131286621094,235.29063415527344,11.68975830078125,5.7339935302734375,1,-1,-1,-1
