1,978,341.76031494140625,108.1804428100586,16.03240966796875,7.998664855957031,1,-1,-1,-1
21,978,339.1427307128906,117.92548370361328,15.161285400390625,6.2638397216796875,1,-1,-1,-1
41,978,337.6336975097656,128.0289764404297,14.258209228515625,6.5896759033203125,1,-1,-1,-1
61,978,336.0032958984375,136.9188995361328,13.01873779296875,5.89373779296875,1,-1,-1,-1
81,978,381.5774230957031,154.32254028320312,25.14166259765625,17.426651000976562,1,-1,-1,-1
101,979,256.0509948730469,143.3976593017578,14.255157470703125,5.6326904296875,1,-1,-1,-1
121,979,204.1417694091797,145.90773010253906,13.109588623046875,5.9596099853515625,1,-1,-1,-1
141,979,184.72227478027344,144.94329833984375,14.672958374023438,4.3610992431640625,1,-1,-1,-1
161,979,174.94000244140625,134.92115783691406,14.031890869140625,6.6982269287109375,1,-1,-1,-1
181,980,169.19252014160156,131.10020446777344,15.8912353515625,6.8103179931640625,1,-1,-1,-1
201,980,168.48544311523438,145.42662048339844,13.904998779296875,5.788360595703125,1,-1,-1,-1
221,981,165.32339477539062,159.7538604736328,16.596527099609375,7.10552978515625,1,-1,-1,-1
241,981,421.25634765625,232.795166015625,20.9534912109375,12.551834106445312,1,-1,-1,-1
261,982,276.30712890625,159.79718017578125,16.342376708984375,5.2517852783203125,1,-1,-1,-1
281,982,340.69122314453125,158.58407592773438,14.69085693359375,7.0096435546875,1,-1,-1,-1
301,982,365.25384521484375,155.9410858154297,14.4349365234375,6.1292724609375,1,-1,-1,-1
321,982,364.5682067871094,154.9491729736328,14.16015625,7.6777496337890625,1,-1,-1,-1
341,982,360.1741027832031,165.60836791992188,13.461456298828125,7.0741424560546875,1,-1,-1,-1
361,982,351.530029296875,180.35430908203125,13.459564208984375,5.358489990234375,1,-1,-1,-1
381,984,311.59979248046875,187.3267364501953,9.819732666015625,4.3290863037109375,1,-1,-1,-1
401,984,244.78619384765625,191.4747314453125,13.572601318359375,4.241912841796875,1,-1,-1,-1
421,985,196.18450927734375,194.38658142089844,11.692718505859375,3.8200225830078125,1,-1,-1,-1
441,985,178.2681884765625,190.80760192871094,13.125640869140625,5.5054931640625,1,-1,-1,-1
461,986,406.8829345703125,196.43724060058594,7.07037353515625,3.0769500732421875,1,-1,-1,-1
481,988,148.7830810546875,137.84751892089844,14.439956665039062,7.9310302734375,1,-1,-1,-1
501,988,471.00128173828125,176.82754516601562,4.644622802734375,2.621185302734375,1,-1,-1,-1
521,989,302.7100830078125,110.68946838378906,15.29376220703125,11.543281555175781,1,-1,-1,-1
541,989,320.7039794921875,104.73017883300781,16.3885498046875,9.118049621582031,1,-1,-1,-1
561,989,323.4071044921875,117.1879653930664,16.1566162109375,9.631103515625,1,-1,-1,-1
581,989,322.8482360839844,137.36764526367188,13.777618408203125,6.6285247802734375,1,-1,-1,-1
601,989,323.2523193359375,149.22434997558594,11.88470458984375,4.82476806640625,1,-1,-1,-1
621,989,323.5818786621094,160.70834350585938,10.511871337890625,4.7627410888671875,1,-1,-1,-1
641,989,316.7317199707031,177.00486755371094,9.56390380859375,4.0536651611328125,1,-1,-1,-1
661,989,309.69305419921875,184.10101318359375,9.912017822265625,4.1381072998046875,1,-1,-1,-1
681,989,306.7510681152344,180.57150268554688,10.36358642578125,4.6718902587890625,1,-1,-1,-1
701,989,304.5032653808594,167.44093322753906,9.87518310546875,3.7775115966796875,1,-1,-1,-1
721,989,297.4636535644531,153.3383331298828,11.290069580078125,5.938507080078125,1,-1,-1,-1
741,989,260.5411071777344,147.4320831298828,9.59307861328125,4.8416595458984375,1,-1,-1,-1
761,990,192.8733673095703,141.41851806640625,14.157638549804688,4.93951416015625,1,-1,-1,-1
781,990,132.46084594726562,139.177978515625,13.665069580078125,5.78192138671875,1,-1,-1,-1
841,992,312.3785400390625,135.44290161132812,11.0018310546875,7.4674072265625,1,-1,-1,-1
861,992,342.7528381347656,140.04408264160156,11.615142822265625,5.0974578857421875,1,-1,-1,-1
881,993,349.1907043457031,143.74737548828125,12.383056640625,4.050567626953125,1,-1,-1,-1
901,993,352.50799560546875,136.65335083007812,13.717041015625,7.09027099609375,1,-1,-1,-1
921,993,343.3950500488281,137.8491973876953,11.946014404296875,6.4372711181640625,1,-1,-1,-1
941,993,296.0095520019531,132.51974487304688,15.921600341796875,6.8968048095703125,1,-1,-1,-1
961,994,240.99896240234375,129.66835021972656,13.90228271484375,7.453948974609375,1,-1,-1,-1
981,994,225.75990295410156,127.83535766601562,15.646514892578125,9.379730224609375,1,-1,-1,-1
1001,994,232.22164916992188,146.94235229492188,12.531692504882812,8.247650146484375,1,-1,-1,-1
1021,994,240.5245819091797,173.98959350585938,12.585098266601562,5.685546875,1,-1,-1,-1
1041,994,382.2064514160156,233.33839416503906,24.807281494140625,10.06793212890625,1,-1,-1,-1
1061,995,209.40365600585938,177.4561767578125,12.056228637695312,4.4575958251953125,1,-1,-1,-1
1081,995,188.96759033203125,171.23101806640625,10.57232666015625,5.7552337646484375,1,-1,-1,-1
1101,995,182.92982482910156,179.77362060546875,10.368377685546875,6.175567626953125,1,-1,-1,-1
1121,995,186.49154663085938,195.57345581054688,10.2374267578125,3.9057769775390625,1,-1,-1,-1
1141,995,202.1467742919922,207.1282958984375,8.965911865234375,3.828765869140625,1,-1,-1,-1
1161,995,235.74842834472656,214.4791717529297,7.696258544921875,3.3079986572265625,1,-1,-1,-1
1181,995,273.2156677246094,218.80455017089844,7.697235107421875,3.72479248046875,1,-1,-1,-1
1201,995,409.3299560546875,252.35580444335938,15.5185546875,4.827606201171875,1,-1,-1,-1
1221,996,353.6739807128906,221.57846069335938,8.66607666015625,3.4934844970703125,1,-1,-1,-1
1241,996,380.6277770996094,216.24710083007812,8.23699951171875,3.2730560302734375,1,-1,-1,-1
1261,996,406.46673583984375,207.08163452148438,8.14263916015625,3.34490966796875,1,-1,-1,-1
1281,996,432.582763671875,195.25640869140625,8.8372802734375,3.560333251953125,1,-1,-1,-1
1301,996,455.2746887207031,182.5312042236328,9.568939208984375,6.00201416015625,1,-1,-1,-1
1321,996,461.85211181640625,178.31849670410156,10.18670654296875,4.1408538818359375,1,-1,-1,-1
1341,996,449.21185302734375,175.90982055664062,10.175933837890625,4.6920166015625,1,-1,-1,-1
1361,996,439.1775207519531,175.63645935058594,10.098114013671875,3.969024658203125,1,-1,-1,-1
1381,996,439.1215515136719,175.52601623535156,10.09063720703125,4.5406951904296875,1,-1,-1,-1
1401,996,430.6048583984375,175.6638641357422,9.1458740234375,5.27435302734375,1,-1,-1,-1
1421,996,390.3333740234375,176.6494903564453,9.29449462890625,4.0168304443359375,1,-1,-1,-1
1441,996,359.7098388671875,175.42236328125,10.7305908203125,4.268157958984375,1,-1,-1,-1
1461,996,344.08380126953125,160.50515747070312,10.0791015625,3.251251220703125,1,-1,-1,-1
1481,997,332.3622131347656,127.24864959716797,12.4560546875,9.034919738769531,1,-1,-1,-1
1501,997,307.44012451171875,104.69844818115234,11.9097900390625,8.86236572265625,1,-1,-1,-1
1521,997,232.87965393066406,86.75527954101562,15.214813232421875,11.568153381347656,1,-1,-1,-1
1541,998,191.01174926757812,115.58342742919922,14.676025390625,7.109092712402344,1,-1,-1,-1
1561,999,191.2448272705078,140.3330535888672,16.069107055664062,7.9749755859375,1,-1,-1,-1
1581,999,422.939697265625,238.8979034423828,13.37017822265625,4.1339874267578125,1,-1,-1,-1
1601,1000,213.93145751953125,179.17666625976562,12.996566772460938,6.470428466796875,1,-1,-1,-1
1621,1000,221.16921997070312,202.40830993652344,11.030960083007812,4.5028533935546875,1,-1,-1,-1
1641,1000,213.12939453125,210.43980407714844,10.5723876953125,4.6291961669921875,1,-1,-1,-1
1661,1000,214.71022033691406,186.1956024169922,9.64190673828125,3.7898101806640625,1,-1,-1,-1
1681,1000,214.4875946044922,160.4762725830078,11.214706420898438,4.6955413818359375,1,-1,-1,-1
1701,1000,219.81863403320312,154.65528869628906,10.045547485351562,5.04827880859375,1,-1,-1,-1
1721,1000,249.6644744873047,153.8912353515625,9.823501586914062,4.6320037841796875,1,-1,-1,-1
1741,1000,294.57257080078125,152.8300323486328,10.25445556640625,4.083770751953125,1,-1,-1,-1
1761,1000,336.4814453125,152.77755737304688,9.100860595703125,4.105560302734375,1,-1,-1,-1
1781,1000,365.8726806640625,151.93939208984375,11.12237548828125,3.8816986083984375,1,-1,-1,-1
1821,1001,402.13311767578125,147.14378356933594,12.089752197265625,4.189727783203125,1,-1,-1,-1
1841,1001,426.234130859375,131.2253875732422,11.93426513671875,7.1680450439453125,1,-1,-1,-1
1861,1001,438.5263671875,106.17204284667969,14.3258056640625,7.762939453125,1,-1,-1,-1
1881,1002,425.3982238769531,87.89491271972656,14.30975341796875,5.7052154541015625,1,-1,-1,-1
1901,1002,410.7303466796875,84.87939453125,15.539337158203125,10.664466857910156,1,-1,-1,-1
1921,1002,389.9535827636719,114.75106048583984,13.564361572265625,7.267112731933594,1,-1,-1,-1
1941,1002,375.4412841796875,140.52000427246094,12.0157470703125,5.3847198486328125,1,-1,-1,-1
1961,1002,364.8460388183594,151.16073608398438,10.196624755859375,5.64703369140625,1,-1,-1,-1
1981,1002,331.83013916015625,157.1472930908203,10.96002197265625,4.635009765625,1,-1,-1,-1
2001,1002,293.3861083984375,160.7263641357422,10.3934326171875,5.3217010498046875,1,-1,-1,-1
2021,1002,281.8768005371094,171.3887939453125,10.674560546875,4.0648345947265625,1,-1,-1,-1
2041,1002,282.3100280761719,169.51559448242188,10.251556396484375,4.372802734375,1,-1,-1,-1
2061,1002,280.78704833984375,178.59878540039062,11.69415283203125,4.4243621826171875,1,-1,-1,-1
2081,1002,279.3627624511719,171.7424774169922,11.64752197265625,3.9598846435546875,1,-1,-1,-1
2101,1002,275.9487609863281,156.38296508789062,12.209381103515625,4.524871826171875,1,-1,-1,-1
2121,1002,272.85076904296875,135.5087127685547,14.19140625,7.8470001220703125,1,-1,-1,-1
2141,1002,272.13543701171875,143.61279296875,14.477081298828125,7.6069183349609375,1,-1,-1,-1
