1,1005,258.98065185546875,176.18118286132812,9.6163330078125,3.99908447265625,1,-1,-1,-1
21,1005,262.9930419921875,172.6000518798828,6.365753173828125,3.42388916015625,1,-1,-1,-1
41,1005,259.66571044921875,143.72415161132812,9.97137451171875,4.061065673828125,1,-1,-1,-1
61,1005,486.31817626953125,248.02735900878906,17.896331787109375,5.7278289794921875,1,-1,-1,-1
81,1006,250.267822265625,121.44599151611328,10.978668212890625,5.209434509277344,1,-1,-1,-1
101,1006,245.09933471679688,123.60205078125,6.893157958984375,5.0741424560546875,1,-1,-1,-1
121,1006,238.55804443359375,155.57470703125,11.114120483398438,6.0379638671875,1,-1,-1,-1
141,1006,240.77574157714844,205.92193603515625,8.419113159179688,5.363525390625,1,-1,-1,-1
161,1006,262.73150634765625,220.8880615234375,10.732818603515625,5.44940185546875,1,-1,-1,-1
181,1006,315.78997802734375,217.7332305908203,11.13079833984375,4.0089874267578125,1,-1,-1,-1
201,1006,336.10943603515625,203.99069213867188,4.540618896484375,2.8912811279296875,1,-1,-1,-1
221,1006,331.001220703125,172.69635009765625,10.43011474609375,5.2623138427734375,1,-1,-1,-1
241,1006,336.1365966796875,167.38279724121094,7.05810546875,4.6714630126953125,1,-1,-1,-1
261,1006,342.922119140625,165.50743103027344,9.985595703125,4.520111083984375,1,-1,-1,-1
281,1006,487.4589538574219,247.4329833984375,17.287811279296875,5.95416259765625,1,-1,-1,-1
301,1007,365.3489990234375,174.1417694091797,7.812347412109375,3.7423095703125,1,-1,-1,-1
321,1007,375.12249755859375,183.1712646484375,6.8668212890625,3.298736572265625,1,-1,-1,-1
341,1007,384.36651611328125,194.27386474609375,6.649261474609375,3.7347869873046875,1,-1,-1,-1
361,1008,485.81787109375,247.5739288330078,17.27911376953125,6.4172515869140625,1,-1,-1,-1
381,1009,390.8631896972656,201.89991760253906,7.383636474609375,4.2369842529296875,1,-1,-1,-1
421,1010,391.09503173828125,188.35958862304688,5.8775634765625,2.266448974609375,1,-1,-1,-1
461,1011,385.5293273925781,158.37986755371094,5.536102294921875,4.4519500732421875,1,-1,-1,-1
461,1012,385.529296875,158.37986755371094,5.53619384765625,4.4519500732421875,1,-1,-1,-1
501,1014,331.4369201660156,175.95748901367188,7.074371337890625,3.1142120361328125,1,-1,-1,-1
521,1014,308.99664306640625,194.28839111328125,2.06329345703125,2.1156768798828125,1,-1,-1,-1
541,1016,278.6319274902344,185.6266326904297,7.6976318359375,2.920562744140625,1,-1,-1,-1
561,1016,252.05450439453125,165.46665954589844,2.9792327880859375,2.4636383056640625,1,-1,-1,-1
581,1016,217.53765869140625,160.5182342529297,9.369766235351562,6.2929840087890625,1,-1,-1,-1
601,1016,209.0776824951172,187.56919860839844,10.064163208007812,4.1256561279296875,1,-1,-1,-1
621,1016,201.2940673828125,192.4918212890625,8.432266235351562,3.9343109130859375,1,-1,-1,-1
641,1016,170.394775390625,194.1032257080078,9.957550048828125,3.40301513671875,1,-1,-1,-1
661,1017,164.52728271484375,175.1035614013672,5.421630859375,4.2777099609375,1,-1,-1,-1
661,1016,486.42889404296875,247.5576171875,17.10009765625,5.74395751953125,1,-1,-1,-1
681,1017,171.71446228027344,159.5894775390625,9.84454345703125,5.7198028564453125,1,-1,-1,-1
701,1017,220.63665771484375,156.4122772216797,6.965362548828125,2.9571685791015625,1,-1,-1,-1
721,1017,280.31903076171875,151.4659423828125,9.699981689453125,3.0520782470703125,1,-1,-1,-1
741,1017,334.707275390625,148.0764923095703,6.9891357421875,3.407867431640625,1,-1,-1,-1
761,1017,369.37066650390625,143.51962280273438,8.846038818359375,4.7118072509765625,1,-1,-1,-1
781,1017,486.124755859375,247.1256561279297,19.25628662109375,6.4190521240234375,1,-1,-1,-1
801,1018,411.6314697265625,138.22671508789062,9.6209716796875,5.1070404052734375,1,-1,-1,-1
821,1018,465.7735595703125,133.62733459472656,6.7901611328125,6.1808319091796875,1,-1,-1,-1
841,1018,501.611572265625,129.51596069335938,10.9615478515625,4.43426513671875,1,-1,-1,-1
861,1018,549.729736328125,125.50606536865234,8.42987060546875,4.976554870605469,1,-1,-1,-1
881,1018,604.3927612304688,135.50405883789062,6.908203125,6.1556549072265625,1,-1,-1,-1
961,1019,583.3884887695312,196.94424438476562,9.51171875,4.5016021728515625,1,-1,-1,-1
981,1019,568.165283203125,206.7360382080078,5.7135009765625,4.4325103759765625,1,-1,-1,-1
1001,1020,553.7861328125,214.66012573242188,8.44940185546875,4.0367431640625,1,-1,-1,-1
1021,1020,540.2269897460938,219.18814086914062,8.05718994140625,4.3567657470703125,1,-1,-1,-1
1101,1021,518.693603515625,158.48153686523438,5.85589599609375,2.99407958984375,1,-1,-1,-1
1141,1022,520.5217895507812,146.634033203125,5.97015380859375,3.1608123779296875,1,-1,-1,-1
1161,1023,578.2879028320312,280.58392333984375,7.4510498046875,1.9482421875,1,-1,-1,-1
1181,1024,519.29736328125,127.77875518798828,5.43572998046875,3.9273757934570312,1,-1,-1,-1
1221,1025,441.2005615234375,124.85932159423828,6.30914306640625,3.9045486450195312,1,-1,-1,-1
1261,1027,380.9747314453125,129.43971252441406,5.81488037109375,3.88037109375,1,-1,-1,-1
1281,1028,486.73541259765625,247.98507690429688,16.498504638671875,5.6174468994140625,1,-1,-1,-1
1301,1030,325.52398681640625,133.2655029296875,5.43524169921875,3.258819580078125,1,-1,-1,-1
1321,1030,486.40411376953125,247.6536407470703,17.66595458984375,5.6829376220703125,1,-1,-1,-1
1341,1031,321.9952392578125,126.74893188476562,5.4842529296875,3.066558837890625,1,-1,-1,-1
1381,1033,322.320068359375,144.21780395507812,5.160736083984375,2.759918212890625,1,-1,-1,-1
1401,1033,486.859130859375,247.96807861328125,15.419677734375,5.486846923828125,1,-1,-1,-1
1421,1034,331.27899169921875,118.32637023925781,4.85345458984375,3.589630126953125,1,-1,-1,-1
1441,1034,487.1094970703125,246.54898071289062,18.130706787109375,7.225433349609375,1,-1,-1,-1
1461,1035,370.45440673828125,145.59169006347656,5.07867431640625,3.5118865966796875,1,-1,-1,-1
1481,1035,364.12884521484375,157.95909118652344,4.470062255859375,2.6837005615234375,1,-1,-1,-1
1521,1037,278.87249755859375,161.4862060546875,6.73907470703125,3.2639923095703125,1,-1,-1,-1
1561,1038,245.37423706054688,171.30877685546875,5.093505859375,3.82037353515625,1,-1,-1,-1
1601,1039,314.6896667480469,165.66831970214844,6.095703125,4.1610107421875,1,-1,-1,-1
1621,1040,486.29974365234375,247.63934326171875,17.91448974609375,5.9623565673828125,1,-1,-1,-1
1641,1041,371.5557861328125,163.0892333984375,5.630126953125,2.36151123046875,1,-1,-1,-1
1681,1042,407.200927734375,128.68035888671875,4.69451904296875,3.004119873046875,1,-1,-1,-1
1721,1043,390.2317810058594,114.4485092163086,5.399169921875,3.8853378295898438,1,-1,-1,-1
1741,1044,359.850830078125,117.97863006591797,3.860107421875,2.6886825561523438,1,-1,-1,-1
1761,1044,327.26910400390625,126.384765625,6.3275146484375,3.9409332275390625,1,-1,-1,-1
1801,1045,296.2630920410156,132.45150756835938,5.595123291015625,2.7999267578125,1,-1,-1,-1
1821,1045,485.8909912109375,247.63304138183594,17.57684326171875,5.843780517578125,1,-1,-1,-1
1841,1046,223.4201202392578,131.32296752929688,5.77789306640625,4.089324951171875,1,-1,-1,-1
1861,1046,486.6228942871094,247.48110961914062,18.119354248046875,5.81134033203125,1,-1,-1,-1
1881,1048,195.57676696777344,133.5477294921875,5.7855224609375,2.7099456787109375,1,-1,-1,-1
1881,1047,486.12384033203125,247.6615753173828,17.5738525390625,5.790313720703125,1,-1,-1,-1
1901,1048,486.22503662109375,247.8533477783203,18.08367919921875,5.75665283203125,1,-1,-1,-1
1921,1050,151.5887908935547,137.3567352294922,6.1511993408203125,2.7183685302734375,1,-1,-1,-1
1941,1050,141.0752716064453,129.8002471923828,6.1105804443359375,3.3368988037109375,1,-1,-1,-1
1961,1051,486.4276428222656,247.7360382080078,20.0667724609375,5.7279052734375,1,-1,-1,-1
1981,1052,142.53526306152344,107.91727447509766,5.3157196044921875,3.0819015502929688,1,-1,-1,-1
2021,1053,113.90616607666016,94.12599182128906,6.876029968261719,5.186210632324219,1,-1,-1,-1
2041,1053,486.87841796875,247.57452392578125,19.50775146484375,6.7026824951171875,1,-1,-1,-1
2061,1054,122.8629379272461,110.1808090209961,6.999687194824219,3.4141769409179688,1,-1,-1,-1
2101,1055,149.52525329589844,106.4035415649414,5.921234130859375,3.0488357543945312,1,-1,-1,-1
