1,1074,164.0304718017578,137.38983154296875,16.262786865234375,8.295333862304688,1,-1,-1,-1
21,1074,169.8833465576172,143.54278564453125,15.97991943359375,8.908660888671875,1,-1,-1,-1
41,1074,191.40969848632812,165.0411376953125,2.2121124267578125,2.7180633544921875,1,-1,-1,-1
61,1074,190.17681884765625,167.9119873046875,14.312088012695312,4.538238525390625,1,-1,-1,-1
81,1074,200.20872497558594,173.90476989746094,8.96087646484375,5.15228271484375,1,-1,-1,-1
101,1074,213.1983184814453,181.38624572753906,12.20428466796875,6.5916748046875,1,-1,-1,-1
121,1074,281.07537841796875,188.91651916503906,2.54876708984375,2.5543670654296875,1,-1,-1,-1
141,1074,309.2266540527344,198.28382873535156,11.7679443359375,5.2858428955078125,1,-1,-1,-1
161,1074,312.3756103515625,207.41700744628906,6.402557373046875,4.1366119384765625,1,-1,-1,-1
181,1074,311.7034606933594,207.58831787109375,10.98486328125,4.378692626953125,1,-1,-1,-1
201,1074,309.9337158203125,234.4762420654297,14.080322265625,5.9161376953125,1,-1,-1,-1
221,1074,306.457763671875,228.20489501953125,13.843170166015625,5.1930084228515625,1,-1,-1,-1
241,1074,302.1829833984375,210.70742797851562,16.262451171875,8.757781982421875,1,-1,-1,-1
261,1074,315.392822265625,200.6907958984375,17.02349853515625,10.158187866210938,1,-1,-1,-1
281,1074,389.8492431640625,197.67051696777344,13.52716064453125,7.9670257568359375,1,-1,-1,-1
301,1074,431.45458984375,185.29652404785156,18.777069091796875,8.315536499023438,1,-1,-1,-1
321,1074,429.44329833984375,168.802001953125,10.50360107421875,12.154495239257812,1,-1,-1,-1
341,1074,410.24261474609375,195.77066040039062,15.271240234375,5.8218994140625,1,-1,-1,-1
361,1074,409.9901123046875,223.56259155273438,2.740570068359375,4.166473388671875,1,-1,-1,-1
381,1074,396.1623840332031,232.7629852294922,14.0301513671875,6.116668701171875,1,-1,-1,-1
401,1074,366.9942626953125,213.36636352539062,7.14947509765625,5.5424652099609375,1,-1,-1,-1
421,1074,358.61358642578125,165.92640686035156,13.0277099609375,5.2057952880859375,1,-1,-1,-1
441,1074,339.54840087890625,159.63885498046875,14.69171142578125,8.853240966796875,1,-1,-1,-1
461,1074,263.4520263671875,159.7808074951172,12.724090576171875,8.26080322265625,1,-1,-1,-1
481,1074,232.31915283203125,166.1483612060547,12.983123779296875,5.5550689697265625,1,-1,-1,-1
501,1074,232.7981414794922,203.39137268066406,8.959228515625,5.541748046875,1,-1,-1,-1
521,1074,226.94984436035156,232.51454162597656,12.94036865234375,4.5103607177734375,1,-1,-1,-1
541,1074,226.2770233154297,223.44961547851562,1.982086181640625,2.3761444091796875,1,-1,-1,-1
561,1074,202.57382202148438,202.37509155273438,18.038330078125,5.3542022705078125,1,-1,-1,-1
581,1074,180.69093322753906,177.76022338867188,19.28021240234375,8.386993408203125,1,-1,-1,-1
601,1074,120.49769592285156,157.6777801513672,25.784378051757812,10.410308837890625,1,-1,-1,-1
621,1074,98.42787170410156,95.79689025878906,20.043846130371094,9.711799621582031,1,-1,-1,-1
641,1074,102.58818817138672,91.06855773925781,21.923904418945312,15.941787719726562,1,-1,-1,-1
661,1074,140.802001953125,138.97201538085938,18.8167724609375,9.977828979492188,1,-1,-1,-1
681,1074,176.043701171875,178.69766235351562,14.432830810546875,4.8259735107421875,1,-1,-1,-1
701,1074,205.22142028808594,197.14385986328125,9.373703002929688,6.238525390625,1,-1,-1,-1
721,1074,272.3454895019531,203.19190979003906,13.150665283203125,5.2922210693359375,1,-1,-1,-1
741,1074,374.1045837402344,206.37574768066406,4.48486328125,4.6557159423828125,1,-1,-1,-1
761,1074,420.4159240722656,207.45318603515625,11.60986328125,4.7578125,1,-1,-1,-1
781,1074,444.2828674316406,198.1584930419922,7.357635498046875,3.2095947265625,1,-1,-1,-1
801,1074,469.6331787109375,173.7103729248047,14.183349609375,10.047515869140625,1,-1,-1,-1
821,1074,472.6748962402344,123.30133819580078,7.920013427734375,8.437797546386719,1,-1,-1,-1
841,1074,444.1436462402344,108.4144287109375,15.343475341796875,11.258193969726562,1,-1,-1,-1
861,1074,351.9087219238281,90.56123352050781,16.707061767578125,6.673744201660156,1,-1,-1,-1
881,1074,291.095703125,81.48651123046875,16.085113525390625,6.858009338378906,1,-1,-1,-1
901,1074,245.05508422851562,93.49137878417969,15.784210205078125,8.915168762207031,1,-1,-1,-1
921,1074,237.689208984375,140.7476043701172,16.632156372070312,7.9756011962890625,1,-1,-1,-1
941,1074,242.00320434570312,207.12261962890625,16.583648681640625,5.6759490966796875,1,-1,-1,-1
961,1074,267.3355712890625,215.45071411132812,10.895782470703125,7.7681427001953125,1,-1,-1,-1
981,1074,353.30352783203125,211.0860137939453,20.14227294921875,8.828582763671875,1,-1,-1,-1
1001,1074,415.49554443359375,219.61654663085938,17.6116943359375,8.1304931640625,1,-1,-1,-1
1021,1074,439.77130126953125,198.56800842285156,14.960723876953125,6.7523956298828125,1,-1,-1,-1
1041,1074,443.8099365234375,188.62405395507812,8.665771484375,8.879058837890625,1,-1,-1,-1
1061,1074,430.5345153808594,199.31649780273438,11.653900146484375,4.73089599609375,1,-1,-1,-1
1081,1074,424.89093017578125,176.7217559814453,6.42938232421875,6.7603759765625,1,-1,-1,-1
1101,1074,389.4162292480469,175.68223571777344,13.590484619140625,7.98919677734375,1,-1,-1,-1
1121,1074,327.1585693359375,179.44068908691406,2.585845947265625,2.38714599609375,1,-1,-1,-1
1141,1074,282.1755676269531,171.5811309814453,11.966766357421875,4.1593475341796875,1,-1,-1,-1
1161,1074,240.22659301757812,141.50537109375,14.8944091796875,6.4997406005859375,1,-1,-1,-1
1181,1074,202.63864135742188,122.7226791381836,18.1689453125,11.563667297363281,1,-1,-1,-1
1201,1074,187.80714416503906,170.89649963378906,18.753692626953125,7.8388519287109375,1,-1,-1,-1
1221,1074,185.6107940673828,162.43215942382812,17.079803466796875,13.057037353515625,1,-1,-1,-1
1241,1074,194.61068725585938,196.2652587890625,14.976119995117188,9.487945556640625,1,-1,-1,-1
1261,1074,219.1195526123047,229.7652130126953,13.827285766601562,9.667282104492188,1,-1,-1,-1
1281,1074,247.83248901367188,252.63046264648438,2.22686767578125,2.245941162109375,1,-1,-1,-1
1301,1074,273.98052978515625,257.7262268066406,11.22784423828125,5.00665283203125,1,-1,-1,-1
1321,1074,315.7854919433594,252.8110809326172,2.20098876953125,2.0988616943359375,1,-1,-1,-1
1341,1074,316.3392028808594,238.57777404785156,9.492584228515625,4.0872039794921875,1,-1,-1,-1
1361,1074,313.5623779296875,211.78195190429688,9.29925537109375,4.43341064453125,1,-1,-1,-1
1381,1075,315.9835510253906,175.1258544921875,2.179473876953125,2.22686767578125,1,-1,-1,-1
1401,1075,313.1283874511719,166.40931701660156,9.750946044921875,3.7361297607421875,1,-1,-1,-1
1421,1076,314.39068603515625,148.21615600585938,2.437164306640625,2.488494873046875,1,-1,-1,-1
1441,1076,306.15435791015625,119.45661163330078,12.392547607421875,8.2762451171875,1,-1,-1,-1
1461,1076,300.89801025390625,113.82940673828125,13.65972900390625,8.065902709960938,1,-1,-1,-1
1481,1076,299.6016845703125,141.7154541015625,13.0888671875,6.4003448486328125,1,-1,-1,-1
1501,1076,301.048095703125,175.11351013183594,7.93658447265625,5.313812255859375,1,-1,-1,-1
1521,1076,338.7130126953125,201.06149291992188,15.54083251953125,5.777435302734375,1,-1,-1,-1
1541,1076,404.22247314453125,200.70315551757812,9.23150634765625,7.1884918212890625,1,-1,-1,-1
1561,1076,417.0813293457031,199.4966278076172,14.4219970703125,6.143035888671875,1,-1,-1,-1
1581,1076,414.75115966796875,200.3485107421875,9.169158935546875,4.9194183349609375,1,-1,-1,-1
1601,1076,414.665283203125,192.82913208007812,13.984375,6.064239501953125,1,-1,-1,-1
1621,1076,411.6649169921875,147.72276306152344,7.743011474609375,5.05096435546875,1,-1,-1,-1
1641,1076,414.246826171875,163.83807373046875,15.18914794921875,5.7764739990234375,1,-1,-1,-1
1661,1076,413.874267578125,194.46591186523438,2.742401123046875,4.23565673828125,1,-1,-1,-1
1681,1076,396.80596923828125,191.30418395996094,14.988922119140625,6.158477783203125,1,-1,-1,-1
1701,1076,362.0225830078125,192.8987274169922,7.640625,6.4627838134765625,1,-1,-1,-1
1721,1076,310.2603759765625,202.5113067626953,14.26165771484375,5.33819580078125,1,-1,-1,-1
1741,1076,281.6854248046875,205.98809814453125,1.805938720703125,2.5571136474609375,1,-1,-1,-1
1761,1076,252.33934020996094,193.1445770263672,2.6125030517578125,2.142730712890625,1,-1,-1,-1
1781,1076,207.24159240722656,176.79733276367188,19.636688232421875,11.077529907226562,1,-1,-1,-1
1801,1076,187.09349060058594,162.65383911132812,12.258255004882812,11.314208984375,1,-1,-1,-1
1821,1076,188.23727416992188,173.47958374023438,14.021514892578125,13.24078369140625,1,-1,-1,-1
1841,1076,209.1815185546875,210.05970764160156,16.75830078125,7.0137481689453125,1,-1,-1,-1
1861,1076,232.33255004882812,228.63121032714844,12.4920654296875,5.308074951171875,1,-1,-1,-1
1881,1076,244.50210571289062,202.26966857910156,7.379486083984375,4.3444061279296875,1,-1,-1,-1
1901,1076,241.84970092773438,182.1304931640625,11.784454345703125,6.3017730712890625,1,-1,-1,-1
1921,1076,285.9008483886719,182.35440063476562,8.160919189453125,5.9948883056640625,1,-1,-1,-1
1941,1076,378.2149658203125,177.426513671875,14.352630615234375,9.039093017578125,1,-1,-1,-1
1961,1076,444.3860168457031,177.44992065429688,2.448822021484375,2.1117401123046875,1,-1,-1,-1
1981,1076,483.73760986328125,154.7257843017578,15.7281494140625,8.7916259765625,1,-1,-1,-1
2001,1076,507.3779296875,141.4189910888672,7.4605712890625,8.849838256835938,1,-1,-1,-1
2021,1076,477.5085144042969,133.68057250976562,17.588958740234375,9.286727905273438,1,-1,-1,-1
2041,1076,407.4964904785156,133.1905517578125,14.795745849609375,5.22100830078125,1,-1,-1,-1
2061,1076,360.29266357421875,140.78941345214844,15.258544921875,9.029830932617188,1,-1,-1,-1
2081,1076,356.9569091796875,172.53445434570312,8.559417724609375,6.1900634765625,1,-1,-1,-1
2101,1076,330.7674560546875,192.70004272460938,12.256378173828125,10.356246948242188,1,-1,-1,-1
2121,1076,225.02708435058594,209.8533477783203,13.31817626953125,7.2997283935546875,1,-1,-1,-1
