1,1077,295.8344421386719,191.149169921875,11.32568359375,4.4255523681640625,1,-1,-1,-1
21,1078,295.25567626953125,191.59120178222656,5.78106689453125,4.6612091064453125,1,-1,-1,-1
41,1078,294.6777038574219,190.20529174804688,11.500701904296875,4.716827392578125,1,-1,-1,-1
61,1078,293.1640319824219,191.86688232421875,13.7149658203125,5.4354400634765625,1,-1,-1,-1
81,1078,293.7570495605469,198.25811767578125,12.44171142578125,6.6742401123046875,1,-1,-1,-1
101,1078,307.0919494628906,215.52560424804688,9.140106201171875,5.5882110595703125,1,-1,-1,-1
121,1078,317.6977233886719,217.48776245117188,10.10516357421875,5.4338836669921875,1,-1,-1,-1
141,1078,381.5725402832031,220.5862579345703,3.642486572265625,2.1928558349609375,1,-1,-1,-1
161,1078,407.85345458984375,223.63417053222656,9.82501220703125,4.941192626953125,1,-1,-1,-1
181,1078,416.3729248046875,223.29100036621094,3.06829833984375,3.31414794921875,1,-1,-1,-1
201,1078,419.5244140625,213.0955352783203,10.45379638671875,3.7628173828125,1,-1,-1,-1
221,1078,428.2806396484375,197.5013427734375,12.4208984375,3.8507080078125,1,-1,-1,-1
241,1078,433.25396728515625,199.92044067382812,13.56170654296875,7.08978271484375,1,-1,-1,-1
261,1078,434.1209716796875,217.29444885253906,9.217987060546875,4.94525146484375,1,-1,-1,-1
281,1078,425.5856018066406,216.7723846435547,13.73541259765625,6.3442535400390625,1,-1,-1,-1
301,1078,388.3166809082031,221.43997192382812,9.555145263671875,5.0158233642578125,1,-1,-1,-1
321,1078,336.0631103515625,225.00184631347656,13.247528076171875,5.98236083984375,1,-1,-1,-1
341,1078,301.94775390625,229.01718139648438,7.757781982421875,4.4307403564453125,1,-1,-1,-1
361,1078,294.6861572265625,237.1592254638672,11.482940673828125,4.296600341796875,1,-1,-1,-1
381,1078,297.7651672363281,238.1358642578125,11.715911865234375,4.4600677490234375,1,-1,-1,-1
401,1078,298.5340881347656,238.0279541015625,11.490264892578125,4.7407379150390625,1,-1,-1,-1
421,1078,296.1285095214844,231.5690155029297,12.717864990234375,6.023590087890625,1,-1,-1,-1
441,1078,293.3499755859375,229.8170166015625,9.50762939453125,5.161376953125,1,-1,-1,-1
461,1078,277.4709777832031,228.400390625,13.622314453125,5.3541717529296875,1,-1,-1,-1
481,1078,268.26519775390625,229.3597412109375,9.59906005859375,5.016937255859375,1,-1,-1,-1
501,1078,265.19488525390625,228.3887176513672,12.9095458984375,5.44781494140625,1,-1,-1,-1
521,1078,272.1131591796875,229.524658203125,8.007537841796875,4.8773193359375,1,-1,-1,-1
541,1078,267.5374450683594,235.0044708251953,12.967254638671875,5.4045867919921875,1,-1,-1,-1
601,1080,260.55596923828125,272.258056640625,12.934051513671875,6.68218994140625,1,-1,-1,-1
621,1080,250.42356872558594,247.67507934570312,16.112045288085938,7.194793701171875,1,-1,-1,-1
641,1080,234.16079711914062,246.4791717529297,12.966659545898438,5.34918212890625,1,-1,-1,-1
661,1080,196.7227325439453,264.5797424316406,18.343276977539062,5.549957275390625,1,-1,-1,-1
701,1081,167.69085693359375,255.3870086669922,21.53369140625,12.719039916992188,1,-1,-1,-1
721,1081,215.76397705078125,249.10536193847656,15.189361572265625,8.671005249023438,1,-1,-1,-1
741,1081,333.1610107421875,237.95574951171875,20.92742919921875,15.905075073242188,1,-1,-1,-1
761,1081,396.6450500488281,254.1602020263672,7.647613525390625,6.0400848388671875,1,-1,-1,-1
781,1082,392.5013427734375,245.63011169433594,22.4100341796875,6.5449371337890625,1,-1,-1,-1
801,1082,391.41412353515625,226.04518127441406,21.585205078125,6.3278656005859375,1,-1,-1,-1
821,1082,429.60223388671875,254.6658172607422,22.721954345703125,8.233078002929688,1,-1,-1,-1
881,1083,433.4736328125,248.64697265625,24.794830322265625,8.026123046875,1,-1,-1,-1
901,1083,424.9153137207031,254.1553497314453,11.160491943359375,4.3597259521484375,1,-1,-1,-1
921,1083,410.50213623046875,247.6576690673828,22.91229248046875,7.457611083984375,1,-1,-1,-1
941,1083,402.53338623046875,237.6530303955078,12.24005126953125,7.3588714599609375,1,-1,-1,-1
961,1083,396.54718017578125,245.58815002441406,17.48577880859375,6.6219635009765625,1,-1,-1,-1
981,1083,389.4107360839844,244.56776428222656,9.9556884765625,4.674774169921875,1,-1,-1,-1
1001,1083,387.2891845703125,250.130859375,14.852996826171875,4.883331298828125,1,-1,-1,-1
1021,1083,389.23236083984375,256.9023132324219,4.32305908203125,2.96392822265625,1,-1,-1,-1
1041,1083,383.1512756347656,253.22201538085938,12.192626953125,4.814208984375,1,-1,-1,-1
1061,1083,383.32012939453125,253.21630859375,6.185760498046875,4.312713623046875,1,-1,-1,-1
1081,1083,380.1018981933594,253.140380859375,9.91851806640625,3.22930908203125,1,-1,-1,-1
1601,1084,465.64752197265625,243.3756866455078,16.12762451171875,6.2788543701171875,1,-1,-1,-1
1621,1084,407.23431396484375,242.67166137695312,10.635223388671875,4.70733642578125,1,-1,-1,-1
1641,1084,376.8907165527344,249.5542449951172,5.864044189453125,2.9912872314453125,1,-1,-1,-1
1661,1084,377.07427978515625,257.51904296875,4.51324462890625,3.10723876953125,1,-1,-1,-1
1681,1084,370.5208740234375,256.7958068847656,5.384124755859375,3.720703125,1,-1,-1,-1
1721,1085,336.93255615234375,257.0227355957031,9.179840087890625,4.92193603515625,1,-1,-1,-1
1741,1085,294.1781921386719,259.492919921875,4.474151611328125,2.736663818359375,1,-1,-1,-1
1761,1086,238.8644256591797,260.28076171875,9.611236572265625,3.609039306640625,1,-1,-1,-1
1781,1086,191.85092163085938,262.8216857910156,5.862091064453125,5.3223876953125,1,-1,-1,-1
1801,1086,178.9198455810547,261.50244140625,11.246490478515625,5.543212890625,1,-1,-1,-1
1821,1086,172.280517578125,262.3803405761719,8.019454956054688,3.75140380859375,1,-1,-1,-1
1841,1086,159.88926696777344,262.3032531738281,9.685943603515625,3.30877685546875,1,-1,-1,-1
1861,1086,164.19862365722656,246.1502685546875,6.7543792724609375,3.4912872314453125,1,-1,-1,-1
1881,1086,160.81814575195312,247.60537719726562,10.525665283203125,3.398773193359375,1,-1,-1,-1
1961,1087,159.38465881347656,262.9913330078125,11.3314208984375,3.57647705078125,1,-1,-1,-1
2081,1088,204.88192749023438,279.91070556640625,11.81591796875,6.58184814453125,1,-1,-1,-1
