frame0000.jpg,342,87,354,92,0
frame0020.jpg,350,85,359,89,0
frame0040.jpg,347,74,357,79,0
frame0060.jpg,339,70,349,75,0
frame0080.jpg,287,64,297,67,0
frame0100.jpg,205,55,212,60,0
frame0120.jpg,152,48,166,54,0
frame0140.jpg,120,45,132,53,0
frame0160.jpg,101,44,113,50,0
frame0180.jpg,99,51,113,58,0
frame0200.jpg,104,73,115,77,0
frame0220.jpg,106,58,113,63,0
frame0240.jpg,111,48,123,54,0
frame0260.jpg,137,50,149,54,0
frame0280.jpg,163,50,175,58,0
frame0300.jpg,213,54,223,59,0
frame0320.jpg,280,58,291,62,0
frame0340.jpg,328,62,336,65,0
frame0360.jpg,347,64,356,69,0
frame0380.jpg,375,61,386,66,0
frame0400.jpg,380,42,393,49,0
frame0420.jpg,365,36,373,42,0
frame0440.jpg,308,31,319,37,0
frame0460.jpg,252,28,260,32,0
frame0480.jpg,209,23,221,28,0
frame0500.jpg,193,21,204,26,0
frame0520.jpg,174,19,184,25,0
frame0540.jpg,143,15,157,22,0
frame0560.jpg,115,15,128,21,0
frame0580.jpg,100,10,119,19,0
frame0600.jpg,99,43,113,54,0
frame0620.jpg,108,67,120,73,0
frame0640.jpg,164,71,173,77,0
frame0660.jpg,238,74,249,78,0
frame0680.jpg,306,78,316,83,0
frame0700.jpg,322,78,333,83,0
frame0720.jpg,321,88,333,95,0
frame0740.jpg,317,96,328,100,0
frame0760.jpg,308,92,319,97,0
frame0780.jpg,285,90,295,94,0
frame0800.jpg,258,88,268,92,0
frame0820.jpg,244,88,254,92,0
frame0840.jpg,243,88,254,94,0
frame0860.jpg,244,89,255,94,0
frame0880.jpg,232,88,243,93,0
frame0900.jpg,184,87,194,92,0
frame0920.jpg,163,87,173,91,0
frame0940.jpg,159,82,170,87,0
frame0960.jpg,161,72,174,79,0
frame0980.jpg,163,67,175,72,0
frame1000.jpg,161,62,173,67,0
frame1020.jpg,158,63,171,67,0
frame1040.jpg,157,63,169,67,0
frame1060.jpg,158,64,169,67,0
frame1080.jpg,158,64,168,69,0
frame1100.jpg,148,63,159,69,0
frame1120.jpg,143,57,154,64,0
frame1140.jpg,129,60,141,65,0
frame1160.jpg,124,69,136,74,0
frame1180.jpg,133,70,145,76,0
frame1200.jpg,161,72,176,78,0
frame1220.jpg,179,76,190,79,0
frame1240.jpg,194,78,207,83,0
frame1260.jpg,240,81,251,89,0
frame1280.jpg,311,87,319,91,0
frame1300.jpg,354,90,364,93,0
frame1320.jpg,342,90,355,94,0
frame1340.jpg,290,87,299,90,0
frame1360.jpg,216,81,224,85,0
frame1380.jpg,165,75,177,81,0
frame1400.jpg,155,64,166,68,0
frame1420.jpg,159,55,169,60,0
frame1440.jpg,161,38,173,45,0
frame1460.jpg,157,29,172,35,0
frame1480.jpg,162,30,172,33,0
frame1500.jpg,161,40,171,44,0
frame1520.jpg,156,39,167,43,0
frame1540.jpg,153,43,163,48,0
frame1560.jpg,148,63,160,69,0
frame1580.jpg,162,65,173,69,0
frame1600.jpg,181,68,191,73,0
frame1620.jpg,211,72,223,78,0
frame1640.jpg,239,77,249,81,0
frame1660.jpg,255,81,262,84,0
frame1680.jpg,251,71,261,76,0
frame1700.jpg,256,72,265,76,0
frame1720.jpg,262,73,276,79,0
frame1740.jpg,262,73,271,77,0
frame1760.jpg,250,73,258,77,0
frame1780.jpg,232,73,241,77,0
frame1800.jpg,216,72,227,77,0
frame1820.jpg,201,73,209,76,0
frame1840.jpg,154,66,165,71,0
frame1860.jpg,129,61,139,66,0
frame1880.jpg,130,56,142,62,0
frame1900.jpg,152,60,162,64,0
frame1920.jpg,161,63,174,68,0
frame1940.jpg,170,63,180,69,0
frame1960.jpg,192,65,199,70,0
frame1980.jpg,225,66,241,72,0
frame2000.jpg,267,63,277,68,0
frame2020.jpg,316,68,323,72,0
frame2040.jpg,332,70,341,74,0
frame2060.jpg,348,69,357,73,0
frame2080.jpg,353,69,361,72,0
frame2100.jpg,355,70,363,73,0
frame2114.jpg,352,69,361,75,0
