1,3394.0,561.5,168.4,10.0,5.8,0.48,-1,-1,-1
21,3395.0,172.2,291.5,14.6,5.5,1.11,-1,-1,-1
21,3394.0,562.4,168.5,10.2,5.6,1.11,-1,-1,-1
41,3395.0,172.3,291.8,14.7,5.5,1.11,-1,-1,-1
41,3394.0,562.9,168.6,10.3,5.7,1.11,-1,-1,-1
61,3395.0,172.1,291.7,15.0,5.5,1.11,-1,-1,-1
61,3394.0,559.6,169.6,10.1,5.8,1.11,-1,-1,-1
81,3395.0,172.2,291.5,14.9,6.0,1.11,-1,-1,-1
81,3394.0,542.5,167.7,10.5,6.0,1.11,-1,-1,-1
101,3395.0,172.1,291.7,15.0,5.5,1.11,-1,-1,-1
101,3394.0,523.6,167.6,9.9,5.7,1.11,-1,-1,-1
121,3395.0,172.0,291.7,15.3,5.6,1.11,-1,-1,-1
121,3394.0,507.1,166.6,10.9,6.4,1.11,-1,-1,-1
141,3397.0,284.0,323.4,11.0,3.7,0.59,-1,-1,-1
141,3395.0,172.1,291.5,15.1,6.0,1.11,-1,-1,-1
141,3394.0,492.9,167.3,10.2,5.8,1.11,-1,-1,-1
161,3395.0,172.1,291.7,15.2,5.6,1.11,-1,-1,-1
161,3394.0,480.2,167.3,10.4,5.7,1.11,-1,-1,-1
181,3394.0,468.2,166.5,10.0,6.0,1.11,-1,-1,-1
201,3394.0,456.9,166.3,10.7,6.1,1.11,-1,-1,-1
221,3394.0,447.0,166.6,10.8,5.9,1.11,-1,-1,-1
241,3394.0,437.0,165.9,10.6,5.8,1.11,-1,-1,-1
261,3394.0,424.7,165.1,10.8,6.2,1.11,-1,-1,-1
281,3394.0,415.5,164.7,10.2,6.1,1.11,-1,-1,-1
301,3399.0,242.2,275.1,10.4,5.6,1.11,-1,-1,-1
301,3394.0,406.7,164.2,10.5,6.0,1.11,-1,-1,-1
321,3399.0,243.3,261.6,11.3,5.9,1.11,-1,-1,-1
321,3394.0,398.5,164.2,10.5,6.0,1.11,-1,-1,-1
341,3399.0,245.2,246.3,11.2,6.0,1.11,-1,-1,-1
341,3394.0,391.6,164.5,10.9,6.0,1.11,-1,-1,-1
361,3399.0,248.3,244.0,11.3,6.7,1.11,-1,-1,-1
361,3394.0,384.1,165.1,10.7,5.9,1.11,-1,-1,-1
381,3399.0,255.9,245.3,11.1,6.2,1.11,-1,-1,-1
381,3394.0,378.4,164.9,11.4,5.9,1.11,-1,-1,-1
401,3399.0,269.9,246.7,10.7,6.1,1.11,-1,-1,-1
401,3394.0,372.4,164.9,11.2,5.9,1.11,-1,-1,-1
421,3399.0,286.7,247.7,10.5,5.8,1.11,-1,-1,-1
421,3394.0,362.5,165.0,10.8,5.9,1.11,-1,-1,-1
441,3399.0,304.5,249.1,10.8,5.9,1.11,-1,-1,-1
441,3394.0,352.2,165.1,9.7,5.6,1.11,-1,-1,-1
461,3399.0,324.8,248.6,10.8,5.7,1.11,-1,-1,-1
461,3394.0,341.9,165.3,10.9,5.7,1.11,-1,-1,-1
481,3394.0,333.8,165.3,11.1,5.8,1.11,-1,-1,-1
501,3400.0,366.2,251.3,11.3,6.2,1.11,-1,-1,-1
501,3394.0,323.8,165.0,11.0,5.8,1.11,-1,-1,-1
521,3400.0,391.7,252.1,11.7,6.0,1.11,-1,-1,-1
521,3394.0,308.9,164.7,11.2,5.9,1.11,-1,-1,-1
541,3400.0,411.5,252.7,11.3,5.8,1.11,-1,-1,-1
541,3394.0,295.3,164.7,10.3,5.9,1.11,-1,-1,-1
561,3400.0,428.7,253.4,11.3,5.7,1.11,-1,-1,-1
561,3394.0,278.6,164.5,10.8,5.9,1.11,-1,-1,-1
581,3400.0,442.1,254.7,11.3,5.4,1.11,-1,-1,-1
581,3394.0,263.5,164.8,10.5,5.7,1.11,-1,-1,-1
601,3400.0,455.3,255.6,11.1,5.4,1.11,-1,-1,-1
601,3394.0,249.1,164.9,11.2,6.0,1.11,-1,-1,-1
621,3400.0,468.8,257.2,10.5,5.0,1.11,-1,-1,-1
621,3394.0,237.8,164.6,10.6,6.1,1.11,-1,-1,-1
641,3400.0,480.3,259.7,10.0,5.0,1.11,-1,-1,-1
641,3394.0,227.3,164.4,10.8,5.9,1.11,-1,-1,-1
661,3400.0,490.7,262.5,10.7,4.6,1.11,-1,-1,-1
661,3394.0,217.7,164.1,10.5,6.0,1.11,-1,-1,-1
681,3400.0,503.5,264.3,10.2,4.7,1.11,-1,-1,-1
681,3394.0,209.2,163.9,10.6,6.1,1.11,-1,-1,-1
701,3400.0,514.0,263.7,10.2,4.6,1.11,-1,-1,-1
701,3394.0,201.7,163.9,10.5,6.2,1.11,-1,-1,-1
721,3400.0,523.4,262.9,10.4,4.7,1.11,-1,-1,-1
721,3394.0,195.0,164.3,11.2,5.9,1.11,-1,-1,-1
741,3400.0,528.8,262.2,10.6,5.3,1.11,-1,-1,-1
741,3394.0,189.3,164.4,10.8,6.0,1.11,-1,-1,-1
761,3400.0,528.7,260.2,10.0,5.5,1.11,-1,-1,-1
761,3394.0,184.5,164.7,10.1,5.8,1.11,-1,-1,-1
781,3400.0,527.4,251.5,10.1,5.3,1.11,-1,-1,-1
781,3394.0,178.7,164.6,10.7,6.2,1.11,-1,-1,-1
801,3400.0,523.9,238.9,11.2,5.6,1.11,-1,-1,-1
801,3394.0,174.5,165.2,10.6,6.2,1.11,-1,-1,-1
821,3400.0,507.4,237.4,10.9,5.2,1.11,-1,-1,-1
821,3394.0,170.0,165.1,10.8,6.0,1.11,-1,-1,-1
841,3400.0,473.2,235.7,10.0,5.2,1.11,-1,-1,-1
841,3394.0,169.2,165.5,10.8,6.3,1.11,-1,-1,-1
861,3400.0,443.1,234.4,10.8,5.1,1.11,-1,-1,-1
861,3394.0,169.9,165.1,11.0,6.3,1.11,-1,-1,-1
881,3400.0,419.3,232.3,11.3,5.6,1.11,-1,-1,-1
881,3394.0,169.9,165.2,10.4,6.0,1.11,-1,-1,-1
901,3400.0,400.3,231.8,10.3,5.4,1.11,-1,-1,-1
901,3394.0,169.0,164.1,10.2,6.3,1.11,-1,-1,-1
921,3400.0,380.0,232.1,10.4,5.2,1.11,-1,-1,-1
921,3394.0,168.4,164.0,10.4,6.2,1.11,-1,-1,-1
941,3400.0,356.0,232.8,9.5,5.0,1.11,-1,-1,-1
941,3394.0,168.6,164.9,10.5,5.8,1.11,-1,-1,-1
961,3400.0,335.4,232.3,10.7,5.1,1.11,-1,-1,-1
961,3394.0,168.3,166.3,11.1,6.0,1.11,-1,-1,-1
981,3400.0,314.5,232.3,11.1,5.3,1.11,-1,-1,-1
981,3394.0,168.9,166.8,10.4,5.5,1.11,-1,-1,-1
1001,3400.0,295.1,233.1,9.8,4.9,1.11,-1,-1,-1
1001,3394.0,167.2,165.4,11.1,6.4,1.11,-1,-1,-1
1021,3400.0,274.6,232.1,11.4,5.4,1.11,-1,-1,-1
1021,3394.0,164.6,165.1,11.0,6.3,1.11,-1,-1,-1
1041,3400.0,256.5,231.1,10.3,5.6,1.11,-1,-1,-1
1041,3394.0,161.2,164.7,10.9,6.1,1.11,-1,-1,-1
1061,3400.0,248.3,231.4,10.8,5.8,1.11,-1,-1,-1
1061,3394.0,157.1,165.4,10.3,6.0,1.11,-1,-1,-1
1081,3400.0,243.7,232.9,10.7,5.2,1.11,-1,-1,-1
1081,3394.0,152.9,165.7,11.4,6.1,1.11,-1,-1,-1
1101,3400.0,212.5,230.8,11.0,5.6,1.11,-1,-1,-1
1101,3394.0,149.0,165.5,10.6,6.1,1.11,-1,-1,-1
1121,3400.0,171.7,230.3,10.7,5.3,1.11,-1,-1,-1
1121,3394.0,144.7,165.5,10.3,6.2,1.11,-1,-1,-1
1141,3400.0,133.5,228.9,10.7,5.7,1.11,-1,-1,-1
1141,3394.0,138.6,165.4,10.6,6.3,1.11,-1,-1,-1
1161,3400.0,104.5,226.6,10.5,7.2,1.11,-1,-1,-1
1161,3394.0,132.7,164.5,11.1,6.5,1.11,-1,-1,-1
1181,3400.0,99.8,218.1,11.1,6.4,1.11,-1,-1,-1
1181,3394.0,127.4,164.6,10.2,6.2,1.11,-1,-1,-1
1201,3400.0,101.4,211.6,10.5,6.2,1.11,-1,-1,-1
1201,3394.0,121.1,164.2,10.7,6.8,1.11,-1,-1,-1
1221,3400.0,101.7,206.6,10.2,6.0,1.11,-1,-1,-1
1221,3394.0,116.0,164.9,11.1,6.6,1.11,-1,-1,-1
1241,3400.0,103.9,196.9,10.4,5.9,1.11,-1,-1,-1
1241,3394.0,110.5,165.7,10.9,6.7,1.11,-1,-1,-1
1261,3400.0,113.1,193.9,10.7,7.5,1.11,-1,-1,-1
1261,3394.0,105.9,166.0,11.2,6.5,1.11,-1,-1,-1
1281,3400.0,147.5,193.5,12.9,6.4,1.11,-1,-1,-1
1281,3394.0,101.2,166.0,11.0,6.4,1.11,-1,-1,-1
1301,3400.0,204.4,195.9,12.8,6.4,1.11,-1,-1,-1
1301,3394.0,95.5,166.0,10.3,6.4,1.11,-1,-1,-1
1321,3400.0,283.0,197.8,12.2,5.4,1.11,-1,-1,-1
1321,3394.0,88.8,166.7,10.9,6.2,1.11,-1,-1,-1
1341,3400.0,358.2,201.3,11.5,5.2,1.11,-1,-1,-1
1341,3394.0,82.1,166.8,10.9,6.7,1.11,-1,-1,-1
1361,3400.0,413.4,200.2,10.3,5.9,1.11,-1,-1,-1
1361,3394.0,78.3,167.6,10.1,6.2,1.11,-1,-1,-1
1381,3400.0,424.4,202.7,9.9,5.4,1.11,-1,-1,-1
1381,3394.0,73.5,167.6,10.7,6.3,1.11,-1,-1,-1
1401,3400.0,426.1,206.7,11.3,5.1,1.11,-1,-1,-1
1401,3394.0,67.6,167.2,10.9,6.6,1.11,-1,-1,-1
1421,3400.0,429.0,216.1,10.4,5.5,1.11,-1,-1,-1
1421,3394.0,61.8,167.2,11.3,6.9,1.11,-1,-1,-1
1441,3400.0,425.4,236.5,11.4,5.7,1.11,-1,-1,-1
1441,3394.0,55.7,167.7,10.5,6.8,1.11,-1,-1,-1
1461,3400.0,419.2,244.6,11.0,5.8,1.11,-1,-1,-1
1461,3394.0,50.4,168.0,9.9,6.9,1.11,-1,-1,-1
1481,3400.0,423.9,242.8,11.5,5.8,1.11,-1,-1,-1
1481,3394.0,43.8,168.6,10.7,6.7,1.11,-1,-1,-1
1501,3400.0,444.7,242.6,11.7,5.9,1.11,-1,-1,-1
1501,3394.0,37.0,168.4,10.9,7.0,1.11,-1,-1,-1
1521,3400.0,475.8,243.8,10.9,5.9,1.11,-1,-1,-1
1521,3394.0,30.7,168.4,10.2,6.9,1.11,-1,-1,-1
1541,3400.0,507.2,244.0,11.8,5.9,1.11,-1,-1,-1
1541,3394.0,24.7,168.4,10.2,6.7,1.11,-1,-1,-1
1561,3400.0,542.0,246.6,11.8,5.7,1.11,-1,-1,-1
1561,3394.0,19.8,168.3,10.5,7.2,1.11,-1,-1,-1
1581,3400.0,570.5,249.3,11.0,5.0,1.11,-1,-1,-1
1581,3394.0,31.1,168.4,10.4,7.5,1.11,-1,-1,-1
1601,3400.0,596.5,250.1,11.0,5.5,1.11,-1,-1,-1
1601,3394.0,53.2,169.2,11.7,6.8,1.11,-1,-1,-1
1621,3400.0,621.6,250.9,11.0,5.9,1.11,-1,-1,-1
1621,3394.0,66.0,169.6,11.5,7.4,1.11,-1,-1,-1
1641,3394.0,56.1,170.2,10.5,7.0,1.11,-1,-1,-1
1661,3394.0,35.1,170.2,10.1,7.4,1.11,-1,-1,-1
1681,3394.0,28.3,170.8,10.1,7.0,1.11,-1,-1,-1
1701,3394.0,28.3,170.7,11.0,6.9,1.11,-1,-1,-1
1721,3394.0,29.2,170.6,10.5,6.8,1.11,-1,-1,-1
1741,3394.0,34.2,170.4,10.3,7.3,1.11,-1,-1,-1
1761,3394.0,50.2,170.7,10.6,7.2,1.11,-1,-1,-1
1781,3402.0,631.5,234.1,8.0,4.8,0.53,-1,-1,-1
1781,3394.0,76.7,171.8,10.3,6.7,1.11,-1,-1,-1
1801,3402.0,587.4,232.5,11.8,5.4,1.11,-1,-1,-1
1801,3394.0,109.9,172.2,10.7,6.7,1.11,-1,-1,-1
1821,3402.0,537.5,230.6,12.1,5.3,1.11,-1,-1,-1
1821,3394.0,148.3,173.0,10.6,6.1,1.11,-1,-1,-1
1841,3402.0,482.5,227.8,12.3,5.4,1.11,-1,-1,-1
1841,3394.0,192.2,172.6,10.6,6.1,1.11,-1,-1,-1
1861,3402.0,427.1,225.4,12.7,5.6,1.11,-1,-1,-1
1861,3394.0,241.1,172.7,10.8,6.2,1.11,-1,-1,-1
1881,3402.0,382.8,223.1,10.8,6.5,1.11,-1,-1,-1
1881,3394.0,293.3,173.4,12.2,6.1,1.11,-1,-1,-1
1901,3402.0,363.1,223.4,10.1,5.3,1.11,-1,-1,-1
1901,3394.0,349.1,174.8,11.3,5.6,1.11,-1,-1,-1
1921,3403.0,341.5,223.1,10.1,4.5,0.59,-1,-1,-1
1921,3394.0,402.4,176.6,10.8,5.4,1.11,-1,-1,-1
1941,3403.0,309.8,221.3,11.5,5.7,1.11,-1,-1,-1
1941,3394.0,454.3,177.6,10.8,6.6,1.11,-1,-1,-1
1961,3403.0,274.5,219.1,12.4,6.2,1.11,-1,-1,-1
1961,3394.0,510.0,181.0,11.2,5.3,1.11,-1,-1,-1
1981,3403.0,240.5,217.9,11.5,5.6,1.11,-1,-1,-1
1981,3394.0,558.7,183.5,10.2,5.6,1.11,-1,-1,-1
2001,3403.0,208.7,216.8,11.3,5.5,1.11,-1,-1,-1
2001,3394.0,579.9,184.5,9.7,5.9,1.11,-1,-1,-1
2021,3403.0,175.2,215.5,11.3,5.8,1.11,-1,-1,-1
2021,3394.0,582.0,184.4,9.7,6.1,1.11,-1,-1,-1
2041,3403.0,144.5,214.4,10.5,6.1,1.11,-1,-1,-1
2041,3394.0,590.8,185.2,10.0,5.5,1.11,-1,-1,-1
2061,3403.0,113.8,213.5,11.5,6.4,1.11,-1,-1,-1
2061,3394.0,595.9,185.7,9.1,5.6,1.11,-1,-1,-1
2081,3403.0,96.5,213.2,11.6,7.1,1.11,-1,-1,-1
2081,3394.0,595.5,185.7,10.0,5.5,1.11,-1,-1,-1
2101,3403.0,95.4,215.0,11.0,6.9,1.11,-1,-1,-1
2101,3394.0,586.6,185.4,9.9,5.7,1.11,-1,-1,-1
2121,3403.0,93.6,221.7,11.1,6.6,1.11,-1,-1,-1
2121,3394.0,576.0,185.1,9.0,5.5,1.11,-1,-1,-1
