frame0000.jpg,258,176,268,183,0
frame0020.jpg,261,172,270,176,0
frame0040.jpg,259,143,269,147,0
frame0060.jpg,260,133,269,138,0
frame0080.jpg,250,121,261,127,0
frame0100.jpg,244,123,252,128,0
frame0120.jpg,238,155,250,161,0
frame0140.jpg,241,206,249,212,0
frame0160.jpg,262,220,274,226,0
frame0180.jpg,316,217,326,221,0
frame0200.jpg,336,203,342,206,0
frame0220.jpg,330,172,342,177,0
frame0240.jpg,335,167,343,171,0
frame0260.jpg,342,165,353,174,0
frame0280.jpg,0,0,0,0,1
frame0300.jpg,365,174,373,177,0
frame0320.jpg,375,182,384,188,0
frame0340.jpg,382,192,393,200,0
frame0360.jpg,0,0,0,0,1
frame0380.jpg,391,201,397,205,0
frame0400.jpg,0,0,0,0,1
frame0420.jpg,390,188,397,191,0
frame0440.jpg,391,167,396,172,0
frame0460.jpg,385,158,391,163,0
frame0480.jpg,362,157,371,163,0
frame0500.jpg,332,176,339,179,0
frame0520.jpg,309,194,311,196,0
frame0540.jpg,279,185,287,188,0
frame0560.jpg,252,164,256,167,0
frame0580.jpg,218,160,227,167,0
frame0600.jpg,208,187,218,191,0
frame0620.jpg,201,192,209,197,0
frame0640.jpg,170,194,181,197,0
frame0660.jpg,165,174,170,179,0
frame0680.jpg,171,159,181,165,0
frame0700.jpg,218,156,228,159,0
frame0720.jpg,280,151,291,154,0
frame0740.jpg,336,148,342,151,0
frame0760.jpg,369,142,380,149,0
frame0780.jpg,0,0,0,0,1
frame0800.jpg,411,138,421,142,0
frame0820.jpg,466,133,472,139,0
frame0840.jpg,501,129,512,134,0
frame0860.jpg,549,125,558,130,0
frame0880.jpg,593,134,604,141,0
frame0900.jpg,605,164,612,168,0
frame0920.jpg,605,176,617,183,0
frame0940.jpg,596,184,608,191,0
frame0960.jpg,583,196,592,201,0
frame0980.jpg,568,206,574,210,0
frame1000.jpg,554,214,562,218,0
frame1020.jpg,541,218,548,224,0
frame1040.jpg,531,214,537,217,0
frame1060.jpg,523,200,532,204,0
frame1080.jpg,0,0,0,0,1
frame1100.jpg,519,158,524,161,0
frame1120.jpg,0,0,0,0,1
frame1140.jpg,520,146,526,149,0
frame1160.jpg,0,0,0,0,1
frame1180.jpg,520,128,524,131,0
frame1200.jpg,0,0,0,0,1
frame1220.jpg,441,125,447,128,0
frame1240.jpg,0,0,0,0,1
frame1260.jpg,381,129,387,133,0
frame1280.jpg,0,0,0,0,1
frame1300.jpg,325,133,331,136,0
frame1320.jpg,0,0,0,0,1
frame1340.jpg,322,127,327,129,0
frame1360.jpg,0,0,0,0,1
frame1380.jpg,322,144,327,146,0
frame1400.jpg,0,0,0,0,1
frame1420.jpg,331,118,336,122,0
frame1440.jpg,0,0,0,0,1
frame1460.jpg,370,145,375,149,0
frame1480.jpg,363,158,368,160,0
frame1500.jpg,0,0,0,0,1
frame1520.jpg,278,162,285,164,0
frame1540.jpg,0,0,0,0,1
frame1560.jpg,243,170,254,175,0
frame1580.jpg,0,0,0,0,1
frame1600.jpg,314,165,321,171,0
frame1620.jpg,0,0,0,0,1
frame1640.jpg,371,162,378,165,0
frame1660.jpg,0,0,0,0,1
frame1680.jpg,407,128,412,132,0
frame1700.jpg,0,0,0,0,1
frame1720.jpg,390,114,396,118,0
frame1740.jpg,359,117,364,122,0
frame1760.jpg,327,126,333,130,0
frame1780.jpg,315,131,325,137,0
frame1800.jpg,296,132,302,134,0
frame1820.jpg,263,131,273,137,0
frame1840.jpg,223,131,229,135,0
frame1860.jpg,211,131,218,136,0
frame1880.jpg,195,133,202,137,0
frame1900.jpg,175,136,183,141,0
frame1920.jpg,151,137,158,141,0
frame1940.jpg,139,128,148,134,0
frame1960.jpg,0,0,0,0,1
frame1980.jpg,140,108,148,111,0
frame2000.jpg,0,0,0,0,1
frame2020.jpg,114,94,121,99,0
frame2040.jpg,112,112,114,114,0
frame2060.jpg,121,110,131,114,0
frame2080.jpg,0,0,0,0,1
frame2100.jpg,149,106,156,109,0
frame2120.jpg,0,0,0,0,1
frame2129.jpg,148,105,155,110,0
