frame0000.jpg,164,137,181,145,0
frame0020.jpg,167,143,189,153,0
frame0040.jpg,191,165,194,168,0
frame0060.jpg,190,168,205,172,0
frame0080.jpg,200,175,210,180,0
frame0100.jpg,213,181,226,188,0
frame0120.jpg,279,187,286,193,0
frame0140.jpg,308,197,322,203,0
frame0160.jpg,313,207,319,212,0
frame0180.jpg,312,207,323,212,0
frame0200.jpg,310,234,323,239,0
frame0220.jpg,307,226,322,235,0
frame0240.jpg,305,209,318,219,0
frame0260.jpg,315,200,333,211,0
frame0280.jpg,389,197,403,205,0
frame0300.jpg,431,185,451,194,0
frame0320.jpg,428,169,441,181,0
frame0340.jpg,409,195,425,201,0
frame0360.jpg,410,223,412,226,0
frame0380.jpg,397,232,411,237,0
frame0400.jpg,368,213,374,219,0
frame0420.jpg,358,166,372,171,0
frame0440.jpg,337,160,356,168,0
frame0460.jpg,263,160,276,168,0
frame0480.jpg,232,163,246,173,0
frame0500.jpg,234,204,242,209,0
frame0520.jpg,227,233,241,236,0
frame0540.jpg,225,223,228,226,0
frame0560.jpg,202,202,221,207,0
frame0580.jpg,182,175,201,186,0
frame0600.jpg,121,157,148,169,0
frame0620.jpg,97,94,119,105,0
frame0640.jpg,102,92,127,107,0
frame0660.jpg,141,136,162,150,0
frame0680.jpg,176,178,191,183,0
frame0700.jpg,203,195,215,203,0
frame0720.jpg,272,203,286,208,0
frame0740.jpg,373,206,379,209,0
frame0760.jpg,420,207,432,211,0
frame0780.jpg,443,197,452,201,0
frame0800.jpg,468,173,488,188,0
frame0820.jpg,472,123,483,133,0
frame0840.jpg,444,108,460,119,0
frame0860.jpg,351,87,370,99,0
frame0880.jpg,289,81,308,93,0
frame0900.jpg,241,93,264,105,0
frame0920.jpg,237,139,255,150,0
frame0940.jpg,242,207,259,214,0
frame0960.jpg,267,214,279,223,0
frame0980.jpg,353,211,373,220,0
frame1000.jpg,416,216,435,228,0
frame1020.jpg,439,198,455,206,0
frame1040.jpg,444,187,453,197,0
frame1060.jpg,427,196,442,206,0
frame1080.jpg,425,175,433,183,0
frame1100.jpg,389,175,404,183,0
frame1120.jpg,327,178,331,182,0
frame1140.jpg,282,171,295,175,0
frame1160.jpg,240,137,255,151,0
frame1180.jpg,203,123,219,133,0
frame1200.jpg,189,170,206,183,0
frame1220.jpg,185,163,201,177,0
frame1240.jpg,194,194,208,207,0
frame1260.jpg,219,229,231,240,0
frame1280.jpg,248,252,250,254,0
frame1300.jpg,273,257,285,264,0
frame1320.jpg,315,252,318,254,0
frame1340.jpg,316,238,326,246,0
frame1360.jpg,314,209,324,215,0
frame1380.jpg,314,173,323,178,0
frame1400.jpg,313,166,326,173,0
frame1420.jpg,313,148,319,151,0
frame1440.jpg,306,119,319,129,0
frame1460.jpg,300,112,318,127,0
frame1480.jpg,300,141,314,148,0
frame1500.jpg,302,174,313,182,0
frame1520.jpg,338,201,354,207,0
frame1540.jpg,404,201,416,208,0
frame1560.jpg,417,197,432,204,0
frame1580.jpg,414,199,426,206,0
frame1600.jpg,415,190,430,198,0
frame1620.jpg,412,147,421,153,0
frame1640.jpg,414,163,430,169,0
frame1660.jpg,409,192,424,200,0
frame1680.jpg,397,190,413,197,0
frame1700.jpg,363,192,371,198,0
frame1720.jpg,309,202,325,207,0
frame1740.jpg,280,205,290,218,0
frame1760.jpg,252,193,255,195,0
frame1780.jpg,208,176,227,189,0
frame1800.jpg,184,161,201,176,0
frame1820.jpg,187,174,203,189,0
frame1840.jpg,210,208,225,216,0
frame1860.jpg,231,228,245,233,0
frame1880.jpg,244,202,255,207,0
frame1900.jpg,242,181,254,188,0
frame1920.jpg,285,183,297,189,0
frame1940.jpg,378,177,393,185,0
frame1960.jpg,444,177,447,179,0
frame1980.jpg,481,152,503,169,0
frame2000.jpg,507,141,516,151,0
frame2020.jpg,477,134,497,143,0
frame2040.jpg,406,131,420,139,0
frame2060.jpg,360,140,377,150,0
frame2080.jpg,355,171,366,179,0
frame2100.jpg,331,192,348,205,0
frame2120.jpg,224,210,240,219,0
frame2132.jpg,179,211,192,221,0
