frame0000.jpg,265,248,282,255,0,0,0,0,0,0,0,0,1,2.429,0.908
frame0020.jpg,265,248,281,254,0,0,0,0,0,0,0,0,1,2.667,1.052
frame0040.jpg,264,248,281,254,0,0,0,0,0,0,0,0,1,2.833,1.02
frame0060.jpg,264,247,280,255,0,0,0,0,0,0,0,0,1,2.0,1.07
frame0080.jpg,263,255,279,263,0,0,0,0,0,0,0,0,1,2.0,1.039
frame0100.jpg,267,272,281,278,0,0,0,0,0,0,0,0,1,2.333,1.179
frame0120.jpg,284,280,297,288,0,0,0,0,0,0,0,0,1,1.625,0.654
frame0140.jpg,350,285,365,291,0,0,0,0,0,0,0,0,1,2.5,0.922
frame0160.jpg,400,289,412,295,0,0,0,0,0,0,0,0,1,2.0,0.861
frame0180.jpg,410,289,422,295,0,0,0,0,0,0,0,0,1,2.0,1.056
frame0200.jpg,416,279,430,286,0,0,0,0,0,0,0,0,1,2.0,1.041
frame0220.jpg,428,256,443,266,0,0,0,0,0,0,0,0,1,1.5,0.947
frame0240.jpg,436,257,451,265,0,0,0,0,0,0,0,0,1,1.875,1.15
frame0260.jpg,438,282,453,288,0,0,0,0,0,0,0,0,1,2.5,1.1
frame0280.jpg,432,283,447,290,0,0,0,0,0,0,0,0,1,2.143,0.771
frame0300.jpg,395,285,410,291,0,0,0,0,0,0,0,0,1,2.5,0.778
frame0320.jpg,334,292,351,298,0,0,0,0,0,0,0,0,1,2.833,0.951
frame0340.jpg,273,293,290,301,0,0,0,0,0,0,0,0,1,2.125,0.809
frame0360.jpg,263,302,279,308,0,0,0,0,0,0,0,0,1,2.667,0.99
frame0380.jpg,267,307,282,313,0,0,0,0,0,0,0,0,1,2.5,0.989
frame0400.jpg,266,307,284,312,0,0,0,0,0,0,0,0,1,3.6,0.956
frame0420.jpg,267,302,282,308,0,0,0,0,0,0,0,0,1,2.5,0.844
frame0440.jpg,262,296,279,303,0,0,0,0,0,0,0,0,1,2.429,0.975
frame0460.jpg,250,295,268,301,0,0,0,0,0,0,0,0,1,3.0,1.009
frame0480.jpg,227,294,244,301,0,0,0,0,0,0,0,0,1,2.429,0.933
frame0500.jpg,225,295,243,301,0,0,0,0,0,0,0,0,1,3.0,1.046
frame0520.jpg,227,295,246,301,0,0,0,0,0,0,0,0,1,3.167,0.974
frame0540.jpg,228,295,247,302,0,0,0,0,0,0,0,0,1,2.714,0.872
frame0560.jpg,229,334,251,345,0,0,0,0,0,0,0,0,1,2.0,0.736
frame0580.jpg,224,358,244,367,0,0,0,0,0,0,0,0,1,2.222,0.861
frame0600.jpg,218,351,241,360,0,0,0,0,0,0,0,0,1,2.556,None
frame0620.jpg,210,331,231,343,0,0,0,0,0,0,0,0,1,1.75,0.972
frame0640.jpg,199,315,218,323,0,0,0,0,0,0,0,0,1,2.375,0.553
frame0660.jpg,153,320,173,329,0,0,0,0,0,0,0,0,1,2.222,0.778
frame0680.jpg,140,339,162,350,0,0,0,0,0,0,0,0,1,2.0,None
frame0700.jpg,117,328,140,338,0,0,0,0,0,0,0,0,1,2.3,None
frame0720.jpg,125,319,149,332,0,0,0,0,0,0,0,0,1,1.846,None
frame0740.jpg,243,313,272,321,0,0,0,0,0,0,0,0,1,3.625,0.797
frame0760.jpg,365,329,396,341,0,0,0,0,0,0,0,0,1,2.583,None
frame0780.jpg,382,327,411,340,0,0,0,0,0,0,0,0,1,2.231,None
frame0800.jpg,381,295,408,302,0,0,0,0,0,0,0,0,1,3.857,0.91
frame0820.jpg,380,310,407,322,0,0,0,0,0,0,0,0,1,2.25,None
frame0840.jpg,389,334,416,345,0,0,0,0,0,0,0,0,1,2.455,None
frame0860.jpg,439,324,471,337,0,0,0,0,0,0,0,0,1,2.462,None
frame0880.jpg,441,322,473,333,0,0,0,0,0,0,0,0,1,2.909,None
frame0900.jpg,424,322,454,335,0,0,0,0,0,0,0,0,1,2.308,None
frame0920.jpg,412,327,440,338,0,0,0,0,0,0,0,0,1,2.545,None
frame0940.jpg,402,310,425,319,0,0,0,0,0,0,0,0,1,2.556,None
frame0960.jpg,393,313,416,322,0,0,0,0,0,0,0,0,1,2.556,None
frame0980.jpg,386,317,407,327,0,0,0,0,0,0,0,0,1,2.1,None
frame1000.jpg,379,317,398,326,0,0,0,0,0,0,0,0,1,2.111,None
frame1020.jpg,376,326,395,336,0,0,0,0,0,0,0,0,1,1.9,None
frame1040.jpg,372,326,390,334,0,0,0,0,0,0,0,0,1,2.25,None
frame1060.jpg,367,330,386,338,0,0,0,0,0,0,0,0,1,2.375,None
frame1080.jpg,368,323,385,331,0,0,0,0,0,0,0,0,1,2.125,None
frame1100.jpg,365,332,384,340,0,0,0,0,0,0,0,0,1,2.375,None
frame1120.jpg,363,346,382,353,0,0,0,0,0,0,0,0,1,2.714,None
frame1140.jpg,358,350,370,357,0,0,0,0,0,0,0,0,1,1.714,None
frame1160.jpg,329,351,346,359,0,0,0,0,0,0,0,0,1,2.125,None
frame1180.jpg,303,354,318,360,0,0,0,0,0,0,0,0,1,2.5,None
frame1200.jpg,287,356,302,362,0,0,0,0,0,0,0,0,1,2.5,None
frame1220.jpg,284,355,299,361,0,0,0,0,0,0,0,0,1,2.5,None
frame1240.jpg,278,354,292,361,0,0,0,0,0,0,0,0,1,2.0,None
frame1260.jpg,252,354,266,362,0,0,0,0,0,0,0,0,1,1.75,None
frame1280.jpg,207,355,221,363,0,0,0,0,0,0,0,0,1,1.75,None
frame1300.jpg,159,355,174,363,0,0,0,0,0,0,0,0,1,1.875,None
frame1320.jpg,152,355,169,363,0,0,0,0,0,0,0,0,1,2.125,None
frame1340.jpg,176,354,192,363,0,0,0,0,0,0,0,0,1,1.778,None
frame1360.jpg,209,355,228,363,0,0,0,0,0,0,0,0,1,2.375,None
frame1380.jpg,247,355,262,361,0,0,0,0,0,0,0,0,1,2.5,0.911
frame1400.jpg,258,355,270,360,0,0,0,0,0,0,0,0,1,2.4,1.067
frame1420.jpg,262,355,274,360,0,0,0,0,0,0,0,0,1,2.4,1.017
frame1440.jpg,279,355,293,361,0,0,0,0,0,0,0,0,1,2.333,None
frame1460.jpg,308,354,324,360,0,0,0,0,0,0,0,0,1,2.667,None
frame1480.jpg,348,354,362,359,0,0,0,0,0,0,0,0,1,2.8,None
frame1500.jpg,392,352,407,358,0,0,0,0,0,0,0,0,1,2.5,None
frame1520.jpg,441,352,456,356,0,0,0,0,0,0,0,0,1,3.75,None
frame1540.jpg,492,348,507,355,0,0,0,0,0,0,0,0,1,2.143,None
frame1560.jpg,520,332,534,339,0,0,0,0,0,0,0,0,1,2.0,None
frame1580.jpg,527,312,540,320,0,0,0,0,0,0,0,0,1,1.625,None
frame1600.jpg,0,0,0,0,1,0,0,0,0,0,0,0,0,0,None
frame1620.jpg,445,313,461,321,0,0,0,0,0,0,0,0,1,2.0,None
frame1640.jpg,380,312,397,323,0,0,0,0,0,0,0,0,1,1.545,None
frame1660.jpg,364,327,377,333,0,0,0,0,0,0,0,0,1,2.167,None
frame1680.jpg,362,330,374,337,0,0,0,0,0,0,0,0,1,1.714,None
frame1700.jpg,353,330,366,337,0,0,0,0,0,0,0,0,1,1.857,None
frame1720.jpg,336,330,351,337,0,0,0,0,0,0,0,0,1,2.143,None
frame1740.jpg,309,332,330,342,0,0,0,0,0,0,0,0,1,2.1,None
frame1760.jpg,238,332,251,336,0,0,0,0,0,0,0,0,1,3.25,1.212
frame1780.jpg,176,332,187,336,0,0,0,0,0,0,0,0,1,2.75,1.159
frame1800.jpg,129,332,140,338,0,0,0,0,0,0,0,0,1,1.833,None
frame1820.jpg,123,330,138,339,0,0,0,0,0,0,0,0,1,1.667,None
frame1840.jpg,107,327,124,338,0,0,0,0,0,0,0,0,1,1.545,None
frame1860.jpg,105,329,120,337,0,0,0,0,0,0,0,0,1,1.875,None
frame1880.jpg,103,307,116,315,0,0,0,0,0,0,0,0,1,1.625,0.933
frame1900.jpg,106,322,117,329,0,0,0,0,0,0,0,0,1,1.571,None
frame1920.jpg,101,344,119,355,0,0,0,0,0,0,0,0,1,1.636,None
frame1940.jpg,103,342,116,351,0,0,0,0,0,0,0,0,1,1.444,None
frame1960.jpg,102,329,114,335,0,0,0,0,0,0,0,0,1,2.0,None
frame1980.jpg,101,342,115,350,0,0,0,0,0,0,0,0,1,1.75,None
frame2000.jpg,100,361,113,366,0,0,0,0,0,0,0,0,1,2.6,1.062
frame2020.jpg,99,341,115,349,0,0,0,0,0,0,0,0,1,2.0,None
frame2040.jpg,100,342,114,350,0,0,0,0,0,0,0,0,1,1.75,None
frame2060.jpg,100,348,116,358,0,0,0,0,0,0,0,0,1,1.6,None
frame2080.jpg,101,324,114,332,0,0,0,0,0,0,0,0,1,1.625,None
frame2100.jpg,101,333,115,341,0,0,0,0,0,0,0,0,1,1.75,None
frame2120.jpg,98,339,115,348,0,0,0,0,0,0,0,0,1,1.889,None
frame2123.jpg,98,339,114,346,0,0,0,0,0,0,0,0,1,2.286,None
