1,1.0,511.0,264.8,28.0,8.0,-1,-1,-1,-1
21,1.0,513.5,269.2,29.0,8.0,-1,-1,-1,-1
41,1.0,517.0,269.8,30.0,8.0,-1,-1,-1,-1
61,1.0,520.0,269.5,29.0,8.5,-1,-1,-1,-1
81,1.0,519.5,269.8,28.0,8.5,-1,-1,-1,-1
101,1.0,520.0,269.5,26.0,8.0,-1,-1,-1,-1
121,1.0,520.0,269.5,30.0,8.0,-1,-1,-1,-1
141,1.0,521.0,274.5,26.0,8.5,-1,-1,-1,-1
161,1.0,518.5,314.5,31.0,8.5,-1,-1,-1,-1
181,1.0,518.0,317.0,32.0,8.5,-1,-1,-1,-1
201,1.0,523.0,317.8,33.0,8.0,-1,-1,-1,-1
221,1.0,518.0,333.8,37.0,11.5,-1,-1,-1,-1
241,3.0,519.5,299.2,27.0,9.0,-1,-1,-1,-1
261,3.0,516.0,293.0,32.0,13.0,-1,-1,-1,-1
281,3.0,436.8,289.8,31.0,12.0,-1,-1,-1,-1
301,3.0,411.5,288.2,31.5,11.5,-1,-1,-1,-1
321,9.0,229.4,266.8,9.5,4.0,-1,-1,-1,-1
321,3.0,469.0,289.5,32.0,12.0,-1,-1,-1,-1
341,9.0,233.9,252.0,10.0,4.5,-1,-1,-1,-1
341,3.0,479.5,288.5,31.5,14.0,-1,-1,-1,-1
361,9.0,247.0,253.0,10.0,4.2,-1,-1,-1,-1
361,3.0,388.2,288.5,33.5,9.0,-1,-1,-1,-1
381,9.0,247.8,249.0,9.5,4.5,-1,-1,-1,-1
381,3.0,291.8,303.2,34.0,11.5,-1,-1,-1,-1
401,11.0,286.5,249.4,33.0,14.4,-1,-1,-1,-1
401,9.0,246.4,230.2,9.9,4.8,-1,-1,-1,-1
421,11.0,290.0,201.5,41.0,11.5,-1,-1,-1,-1
421,9.0,248.1,184.9,9.6,4.0,-1,-1,-1,-1
441,11.0,314.5,191.8,34.0,16.5,-1,-1,-1,-1
441,9.0,247.5,180.9,9.8,4.2,-1,-1,-1,-1
461,11.0,319.0,247.1,40.5,10.9,-1,-1,-1,-1
461,9.0,241.0,184.0,11.0,5.8,-1,-1,-1,-1
481,11.0,316.0,283.2,39.5,11.5,-1,-1,-1,-1
481,9.0,238.8,180.6,10.5,6.8,-1,-1,-1,-1
501,11.0,318.5,293.2,40.5,15.5,-1,-1,-1,-1
501,9.0,242.9,192.1,10.2,5.8,-1,-1,-1,-1
521,11.0,345.8,274.5,52.0,16.0,-1,-1,-1,-1
521,9.0,250.8,239.5,9.2,6.0,-1,-1,-1,-1
541,11.0,409.5,242.6,59.0,23.9,-1,-1,-1,-1
561,11.0,417.2,260.8,70.0,18.0,-1,-1,-1,-1
581,11.0,404.8,201.4,69.5,25.0,-1,-1,-1,-1
601,11.0,403.0,135.0,60.5,21.5,-1,-1,-1,-1
621,11.0,406.5,202.6,67.0,21.8,-1,-1,-1,-1
641,11.0,373.5,249.2,79.0,26.5,-1,-1,-1,-1
661,11.0,267.0,282.5,69.5,22.0,-1,-1,-1,-1
681,11.0,260.8,147.0,65.5,23.8,-1,-1,-1,-1
701,11.0,270.2,114.9,62.0,18.2,-1,-1,-1,-1
721,11.0,284.0,92.7,62.5,25.8,-1,-1,-1,-1
741,11.0,290.5,15.3,59.5,26.3,-1,-1,-1,-1
761,11.0,292.5,130.6,66.5,26.8,-1,-1,-1,-1
781,11.0,291.0,244.5,69.5,20.5,-1,-1,-1,-1
801,11.0,290.8,211.2,71.5,19.8,-1,-1,-1,-1
821,11.0,294.0,264.0,64.0,20.5,-1,-1,-1,-1
841,11.0,286.8,326.5,54.5,14.5,-1,-1,-1,-1
861,14.0,287.5,194.5,66.5,29.0,-1,-1,-1,-1
901,16.0,233.2,345.8,16.2,5.0,-1,-1,-1,-1
901,14.0,278.8,0.2,50.0,8.9,-1,-1,-1,-1
921,14.0,236.4,168.6,38.9,16.0,-1,-1,-1,-1
941,16.0,230.5,349.2,20.2,5.0,-1,-1,-1,-1
941,14.0,227.9,170.6,36.9,12.0,-1,-1,-1,-1
961,14.0,236.2,49.8,31.5,12.5,-1,-1,-1,-1
981,17.0,210.6,342.5,25.0,7.0,-1,-1,-1,-1
981,14.0,234.2,73.4,29.8,13.0,-1,-1,-1,-1
1001,17.0,196.0,339.0,26.8,7.0,-1,-1,-1,-1
1001,14.0,229.4,137.2,32.6,10.2,-1,-1,-1,-1
1021,17.0,193.2,344.5,29.0,7.0,-1,-1,-1,-1
1021,14.0,233.5,87.8,30.8,13.0,-1,-1,-1,-1
1041,17.0,189.5,353.0,30.0,7.5,-1,-1,-1,-1
1041,14.0,237.6,84.4,31.1,17.4,-1,-1,-1,-1
1061,17.0,226.2,354.8,25.0,7.5,-1,-1,-1,-1
1061,14.0,319.0,93.6,34.5,16.4,-1,-1,-1,-1
1081,19.0,298.5,356.2,21.0,6.0,-1,-1,-1,-1
1081,14.0,437.8,108.0,34.5,12.6,-1,-1,-1,-1
1101,19.0,323.0,352.8,28.0,7.5,-1,-1,-1,-1
1101,14.0,453.5,107.6,32.0,12.6,-1,-1,-1,-1
1121,14.0,367.8,99.1,35.5,10.8,-1,-1,-1,-1
1141,19.0,450.0,334.0,43.0,14.0,-1,-1,-1,-1
1141,14.0,246.9,91.9,34.1,11.1,-1,-1,-1,-1
1161,19.0,420.5,326.8,50.5,15.0,-1,-1,-1,-1
1161,14.0,155.0,85.4,30.2,15.9,-1,-1,-1,-1
1181,19.0,281.5,323.2,50.5,16.0,-1,-1,-1,-1
1181,14.0,138.0,87.8,30.5,13.4,-1,-1,-1,-1
1201,19.0,275.2,322.8,48.5,15.5,-1,-1,-1,-1
1201,14.0,162.2,91.4,31.2,13.6,-1,-1,-1,-1
1221,19.0,380.8,324.0,48.5,14.0,-1,-1,-1,-1
1221,14.0,219.4,148.4,32.0,13.2,-1,-1,-1,-1
1241,19.0,423.0,324.8,50.0,16.0,-1,-1,-1,-1
1241,14.0,278.8,239.0,33.0,10.5,-1,-1,-1,-1
1261,19.0,532.0,326.0,38.0,10.5,-1,-1,-1,-1
1261,14.0,339.2,253.2,32.5,9.5,-1,-1,-1,-1
1281,14.0,344.8,253.0,33.0,11.5,-1,-1,-1,-1
1301,14.0,259.8,250.8,32.5,14.0,-1,-1,-1,-1
1321,14.0,221.4,252.1,32.2,9.6,-1,-1,-1,-1
1341,14.0,236.9,249.9,32.1,13.9,-1,-1,-1,-1
1361,14.0,294.8,255.5,32.5,8.5,-1,-1,-1,-1
1381,21.0,605.0,82.6,34.0,11.5,-1,-1,-1,-1
1381,14.0,301.5,257.5,31.5,8.0,-1,-1,-1,-1
1401,21.0,421.5,43.3,49.0,15.6,-1,-1,-1,-1
1401,14.0,298.2,258.5,32.0,8.0,-1,-1,-1,-1
1421,21.0,81.0,-0.4,53.0,17.8,-1,-1,-1,-1
1421,14.0,296.5,293.2,30.5,10.5,-1,-1,-1,-1
1441,14.0,298.2,310.0,29.5,7.5,-1,-1,-1,-1
1461,14.0,298.0,309.2,30.5,8.5,-1,-1,-1,-1
1481,14.0,299.5,326.0,30.0,8.0,-1,-1,-1,-1
1501,14.0,298.2,290.8,31.0,10.5,-1,-1,-1,-1
1521,14.0,298.2,311.8,31.5,7.5,-1,-1,-1,-1
1541,14.0,242.4,326.2,32.6,9.5,-1,-1,-1,-1
1561,23.0,594.0,97.7,22.0,11.4,-1,-1,-1,-1
1581,23.0,554.5,146.4,18.0,12.0,-1,-1,-1,-1
1601,23.0,472.8,173.9,17.5,6.5,-1,-1,-1,-1
1621,33.0,17.3,107.2,34.4,13.5,-1,-1,-1,-1
1621,23.0,400.0,188.5,15.5,8.2,-1,-1,-1,-1
1641,33.0,60.8,109.6,31.9,19.0,-1,-1,-1,-1
1641,23.0,382.5,192.0,16.5,5.5,-1,-1,-1,-1
1661,33.0,122.6,120.0,31.6,12.2,-1,-1,-1,-1
1661,23.0,384.0,190.9,15.0,6.0,-1,-1,-1,-1
1681,37.0,358.8,299.2,26.5,11.0,-1,-1,-1,-1
1681,33.0,102.5,119.6,31.5,12.4,-1,-1,-1,-1
1681,23.0,384.2,190.6,15.5,6.0,-1,-1,-1,-1
1701,49.0,366.0,188.4,32.5,9.2,-1,-1,-1,-1
1701,33.0,88.1,122.7,30.4,13.8,-1,-1,-1,-1
1721,51.0,362.8,195.6,23.0,10.0,-1,-1,-1,-1
1721,50.0,381.2,190.9,17.0,6.8,-1,-1,-1,-1
1721,33.0,75.4,143.9,28.5,13.0,-1,-1,-1,-1
1721,23.0,383.5,191.0,15.5,5.5,-1,-1,-1,-1
1741,51.0,360.2,269.2,30.0,8.0,-1,-1,-1,-1
1741,50.0,383.2,191.0,15.5,5.8,-1,-1,-1,-1
1741,33.0,66.0,173.5,25.4,9.8,-1,-1,-1,-1
1761,50.0,383.8,191.1,15.5,5.8,-1,-1,-1,-1
1761,42.0,361.5,261.0,29.0,8.0,-1,-1,-1,-1
1761,33.0,59.2,193.8,21.6,10.5,-1,-1,-1,-1
1781,50.0,384.5,191.4,15.0,5.5,-1,-1,-1,-1
1781,48.0,362.0,202.6,26.5,8.2,-1,-1,-1,-1
1781,33.0,92.9,203.5,21.8,8.5,-1,-1,-1,-1
1801,50.0,384.5,191.8,15.5,5.5,-1,-1,-1,-1
1801,48.0,361.0,160.1,28.5,9.5,-1,-1,-1,-1
1801,33.0,119.3,208.9,21.7,6.8,-1,-1,-1,-1
1821,50.0,385.0,191.8,15.5,5.8,-1,-1,-1,-1
1821,48.0,363.8,135.9,27.5,9.2,-1,-1,-1,-1
1821,33.0,124.2,213.4,21.2,8.0,-1,-1,-1,-1
1841,50.0,384.8,192.0,15.0,5.5,-1,-1,-1,-1
1841,43.0,364.0,210.5,28.5,10.0,-1,-1,-1,-1
1841,33.0,122.1,224.9,19.2,6.8,-1,-1,-1,-1
1861,50.0,383.2,191.9,16.0,5.5,-1,-1,-1,-1
1861,40.0,363.2,247.6,31.0,7.8,-1,-1,-1,-1
1861,33.0,118.4,233.5,17.9,6.5,-1,-1,-1,-1
1881,50.0,383.5,191.8,16.0,5.5,-1,-1,-1,-1
1881,40.0,365.5,298.2,24.5,7.5,-1,-1,-1,-1
1881,33.0,115.5,235.0,19.0,6.0,-1,-1,-1,-1
1901,50.0,383.8,191.6,15.5,5.8,-1,-1,-1,-1
1901,40.0,364.2,309.0,24.5,10.0,-1,-1,-1,-1
1901,33.0,123.1,239.0,17.8,8.0,-1,-1,-1,-1
1921,51.0,366.0,218.1,29.5,10.0,-1,-1,-1,-1
1921,50.0,384.8,191.9,15.5,5.5,-1,-1,-1,-1
1921,33.0,147.4,251.5,17.0,5.5,-1,-1,-1,-1
1941,41.0,365.8,191.5,33.5,8.2,-1,-1,-1,-1
1941,33.0,156.9,258.2,15.2,5.5,-1,-1,-1,-1
1961,53.0,381.0,192.4,19.0,6.8,-1,-1,-1,-1
1961,50.0,385.0,191.8,15.5,6.0,-1,-1,-1,-1
1961,41.0,365.8,197.9,25.0,8.2,-1,-1,-1,-1
1961,33.0,169.4,267.2,13.5,5.0,-1,-1,-1,-1
1981,50.0,385.5,191.5,15.5,5.8,-1,-1,-1,-1
1981,41.0,330.5,194.4,28.5,11.5,-1,-1,-1,-1
2001,50.0,384.8,191.4,15.5,5.5,-1,-1,-1,-1
2001,41.0,309.2,194.2,30.5,8.5,-1,-1,-1,-1
2021,50.0,384.2,191.2,16.0,6.0,-1,-1,-1,-1
2021,41.0,308.2,226.4,30.0,9.8,-1,-1,-1,-1
2041,50.0,384.8,191.4,15.5,5.8,-1,-1,-1,-1
2041,41.0,305.8,285.0,30.5,9.5,-1,-1,-1,-1
2061,50.0,385.0,191.6,15.5,5.5,-1,-1,-1,-1
2061,41.0,307.0,289.8,30.5,10.0,-1,-1,-1,-1
2081,50.0,385.5,191.4,15.5,5.8,-1,-1,-1,-1
2081,41.0,309.0,248.8,28.0,9.5,-1,-1,-1,-1
2101,50.0,385.2,191.5,15.5,5.8,-1,-1,-1,-1
2101,41.0,312.0,173.8,28.0,8.2,-1,-1,-1,-1
2121,50.0,384.5,191.1,16.0,6.0,-1,-1,-1,-1
2121,41.0,308.2,224.6,29.5,9.0,-1,-1,-1,-1
2141,50.0,384.5,191.0,16.0,6.0,-1,-1,-1,-1
2141,41.0,307.8,237.9,29.0,7.5,-1,-1,-1,-1
