1,2.0,312.0,388.8,24.5,5.5,-1,-1,-1,-1
1,1.0,344.8,354.0,14.0,5.0,-1,-1,-1,-1
21,3.0,349.0,337.8,14.5,5.0,-1,-1,-1,-1
21,2.0,295.0,396.0,26.5,6.5,-1,-1,-1,-1
41,3.0,392.8,331.0,15.0,5.0,-1,-1,-1,-1
41,2.0,279.8,399.8,26.5,7.0,-1,-1,-1,-1
61,3.0,449.5,322.5,15.0,5.5,-1,-1,-1,-1
61,2.0,277.5,387.5,25.0,6.5,-1,-1,-1,-1
81,3.0,496.0,315.8,13.5,5.0,-1,-1,-1,-1
81,2.0,290.2,393.8,28.0,6.0,-1,-1,-1,-1
101,3.0,537.5,308.0,15.0,5.0,-1,-1,-1,-1
101,2.0,333.0,395.5,25.0,5.5,-1,-1,-1,-1
121,3.0,580.0,301.5,14.0,4.5,-1,-1,-1,-1
121,2.0,385.5,392.8,24.5,6.0,-1,-1,-1,-1
141,3.0,618.0,296.8,13.0,4.5,-1,-1,-1,-1
141,2.0,433.2,379.8,24.5,7.5,-1,-1,-1,-1
161,5.0,620.0,282.2,14.0,6.0,-1,-1,-1,-1
161,2.0,470.5,360.8,23.0,7.5,-1,-1,-1,-1
181,5.0,612.5,250.0,12.0,5.2,-1,-1,-1,-1
181,2.0,503.8,354.2,24.8,6.0,-1,-1,-1,-1
201,5.0,597.0,250.6,13.0,5.2,-1,-1,-1,-1
201,2.0,538.0,351.2,24.0,6.5,-1,-1,-1,-1
221,5.0,570.0,254.9,12.0,4.6,-1,-1,-1,-1
221,2.0,572.0,347.0,26.0,6.5,-1,-1,-1,-1
241,5.0,534.5,258.8,14.0,6.0,-1,-1,-1,-1
241,2.0,605.5,339.5,25.0,5.0,-1,-1,-1,-1
261,5.0,497.0,263.0,14.5,6.5,-1,-1,-1,-1
281,5.0,454.2,269.0,13.5,5.5,-1,-1,-1,-1
301,5.0,415.5,273.5,14.5,5.5,-1,-1,-1,-1
321,5.0,407.2,265.8,13.5,5.5,-1,-1,-1,-1
341,5.0,404.8,250.2,13.5,5.2,-1,-1,-1,-1
361,5.0,411.5,286.8,14.0,6.0,-1,-1,-1,-1
381,5.0,421.5,338.8,14.5,6.0,-1,-1,-1,-1
401,5.0,428.2,376.5,13.5,4.5,-1,-1,-1,-1
441,9.0,625.0,325.2,14.0,5.5,-1,-1,-1,-1
441,8.0,413.5,441.8,15.0,4.5,-1,-1,-1,-1
461,9.0,607.5,328.2,25.0,5.5,-1,-1,-1,-1
461,8.0,378.2,444.8,14.5,4.5,-1,-1,-1,-1
481,9.0,600.0,336.5,25.0,6.0,-1,-1,-1,-1
481,8.0,338.8,444.8,15.5,5.0,-1,-1,-1,-1
501,9.0,596.0,337.5,23.0,6.0,-1,-1,-1,-1
501,8.0,293.5,446.0,13.5,4.5,-1,-1,-1,-1
521,9.0,584.0,340.0,23.0,6.0,-1,-1,-1,-1
521,8.0,243.8,450.0,13.5,4.5,-1,-1,-1,-1
541,9.0,569.5,343.2,24.0,6.0,-1,-1,-1,-1
541,8.0,208.1,451.5,14.0,4.5,-1,-1,-1,-1
561,9.0,556.5,344.8,23.0,7.0,-1,-1,-1,-1
581,10.0,202.1,369.2,14.0,5.0,-1,-1,-1,-1
581,9.0,535.0,349.0,22.0,5.5,-1,-1,-1,-1
601,10.0,202.5,333.2,14.2,5.5,-1,-1,-1,-1
601,9.0,505.8,353.0,25.2,6.0,-1,-1,-1,-1
621,10.0,214.2,325.5,15.0,5.0,-1,-1,-1,-1
621,9.0,477.0,356.5,21.5,7.0,-1,-1,-1,-1
641,10.0,256.5,324.5,15.0,5.0,-1,-1,-1,-1
641,9.0,448.5,360.8,23.5,8.0,-1,-1,-1,-1
661,10.0,296.8,321.8,14.0,5.0,-1,-1,-1,-1
661,9.0,420.2,363.8,24.0,8.5,-1,-1,-1,-1
681,10.0,336.2,316.5,14.5,5.5,-1,-1,-1,-1
681,9.0,392.5,367.5,22.0,7.0,-1,-1,-1,-1
701,10.0,374.5,310.8,14.5,5.5,-1,-1,-1,-1
701,9.0,365.2,371.8,22.5,6.5,-1,-1,-1,-1
721,10.0,413.8,305.5,14.5,5.0,-1,-1,-1,-1
721,9.0,335.5,376.8,22.0,7.0,-1,-1,-1,-1
741,10.0,456.0,299.0,14.0,6.0,-1,-1,-1,-1
741,9.0,297.8,382.0,22.5,6.0,-1,-1,-1,-1
761,10.0,488.5,294.5,14.0,5.0,-1,-1,-1,-1
761,9.0,254.5,389.2,24.0,6.5,-1,-1,-1,-1
781,10.0,548.5,284.8,16.0,5.5,-1,-1,-1,-1
781,9.0,222.0,396.0,24.0,6.5,-1,-1,-1,-1
801,10.0,604.0,275.5,15.0,6.5,-1,-1,-1,-1
801,9.0,219.5,399.8,22.8,6.0,-1,-1,-1,-1
821,10.0,621.5,274.8,14.0,6.0,-1,-1,-1,-1
821,9.0,221.0,402.5,22.2,5.5,-1,-1,-1,-1
841,9.0,219.5,404.5,21.2,5.5,-1,-1,-1,-1
861,9.0,215.0,406.0,22.5,6.5,-1,-1,-1,-1
881,9.0,196.8,408.2,22.2,5.0,-1,-1,-1,-1
901,9.0,169.4,412.5,21.5,5.5,-1,-1,-1,-1
921,9.0,132.0,422.8,28.8,7.5,-1,-1,-1,-1
961,11.0,101.2,440.2,22.0,7.0,-1,-1,-1,-1
981,11.0,98.5,440.8,23.0,7.5,-1,-1,-1,-1
1001,14.0,564.5,371.8,14.0,4.5,-1,-1,-1,-1
1001,11.0,95.6,441.8,22.4,8.5,-1,-1,-1,-1
1021,14.0,522.0,377.2,13.0,4.0,-1,-1,-1,-1
1021,11.0,88.1,442.0,22.2,7.5,-1,-1,-1,-1
1041,15.0,621.0,45.4,16.0,9.7,-1,-1,-1,-1
1041,14.0,501.2,375.8,14.2,4.0,-1,-1,-1,-1
1041,11.0,74.2,442.2,22.5,7.0,-1,-1,-1,-1
1061,14.0,496.0,361.8,14.5,4.0,-1,-1,-1,-1
1061,11.0,56.8,442.5,21.6,7.5,-1,-1,-1,-1
1081,14.0,493.0,339.8,15.0,5.0,-1,-1,-1,-1
1101,15.0,620.5,45.1,16.0,9.8,-1,-1,-1,-1
1101,14.0,494.0,331.5,15.0,5.5,-1,-1,-1,-1
1101,11.0,23.5,443.2,21.4,7.5,-1,-1,-1,-1
1121,15.0,621.0,45.4,16.0,10.3,-1,-1,-1,-1
1121,14.0,495.2,329.5,14.5,5.0,-1,-1,-1,-1
1121,11.0,26.3,443.2,22.1,7.5,-1,-1,-1,-1
1141,14.0,495.0,326.8,13.5,5.0,-1,-1,-1,-1
1141,11.0,36.4,445.5,22.8,7.5,-1,-1,-1,-1
1161,15.0,620.5,45.3,16.0,9.8,-1,-1,-1,-1
1161,14.0,492.8,314.5,13.5,5.5,-1,-1,-1,-1
1161,11.0,54.3,447.0,22.4,6.5,-1,-1,-1,-1
1181,14.0,490.0,304.8,14.0,5.5,-1,-1,-1,-1
1181,11.0,74.4,447.0,22.5,6.5,-1,-1,-1,-1
1201,14.0,481.0,305.2,15.0,6.0,-1,-1,-1,-1
1201,11.0,91.2,447.0,22.1,6.5,-1,-1,-1,-1
1221,14.0,476.5,299.5,15.5,6.0,-1,-1,-1,-1
1221,11.0,105.1,446.8,23.0,6.5,-1,-1,-1,-1
1241,14.0,473.8,284.8,13.5,5.5,-1,-1,-1,-1
1241,11.0,117.4,446.2,20.6,6.0,-1,-1,-1,-1
1261,14.0,468.8,258.5,14.5,6.5,-1,-1,-1,-1
1281,14.0,466.2,239.1,13.5,5.2,-1,-1,-1,-1
1281,11.0,144.2,438.5,20.8,6.5,-1,-1,-1,-1
1301,14.0,489.0,235.4,14.5,5.8,-1,-1,-1,-1
1321,14.0,553.0,228.9,15.0,5.2,-1,-1,-1,-1
1341,16.0,222.5,431.8,21.2,6.0,-1,-1,-1,-1
1381,16.0,226.4,436.8,23.0,6.0,-1,-1,-1,-1
1401,17.0,620.0,218.4,15.0,5.2,-1,-1,-1,-1
1401,16.0,226.8,443.8,24.0,6.5,-1,-1,-1,-1
1421,17.0,598.0,223.8,14.0,5.8,-1,-1,-1,-1
1421,16.0,228.0,449.5,22.5,6.5,-1,-1,-1,-1
1441,17.0,599.5,237.6,13.0,5.2,-1,-1,-1,-1
1441,16.0,229.0,454.5,22.5,5.5,-1,-1,-1,-1
1461,17.0,604.5,263.8,12.0,5.5,-1,-1,-1,-1
1461,16.0,248.4,453.0,22.4,6.0,-1,-1,-1,-1
1481,17.0,591.5,286.0,13.0,5.5,-1,-1,-1,-1
1481,16.0,287.5,447.8,22.0,7.0,-1,-1,-1,-1
1501,17.0,565.5,308.0,14.0,5.5,-1,-1,-1,-1
1501,16.0,305.0,445.2,22.0,7.0,-1,-1,-1,-1
1521,17.0,526.0,319.2,14.0,6.0,-1,-1,-1,-1
1521,16.0,304.5,445.5,22.5,6.5,-1,-1,-1,-1
1541,17.0,467.0,325.2,14.5,6.5,-1,-1,-1,-1
1541,16.0,301.5,445.0,22.0,5.5,-1,-1,-1,-1
1561,17.0,392.8,335.5,15.0,5.0,-1,-1,-1,-1
1561,16.0,314.5,439.5,22.5,6.0,-1,-1,-1,-1
1581,17.0,334.8,344.0,14.5,5.0,-1,-1,-1,-1
1581,16.0,341.0,432.8,21.0,6.0,-1,-1,-1,-1
1601,17.0,322.8,346.0,14.0,5.0,-1,-1,-1,-1
1601,16.0,351.8,430.0,23.0,5.5,-1,-1,-1,-1
1621,17.0,310.8,349.0,13.5,5.5,-1,-1,-1,-1
1621,16.0,353.5,430.0,23.0,5.0,-1,-1,-1,-1
1641,17.0,285.5,353.5,14.0,5.5,-1,-1,-1,-1
1641,16.0,383.0,427.8,17.5,4.5,-1,-1,-1,-1
1661,17.0,252.2,359.2,14.0,5.5,-1,-1,-1,-1
1661,16.0,439.2,418.5,26.5,5.0,-1,-1,-1,-1
1681,17.0,213.2,365.5,14.0,5.5,-1,-1,-1,-1
1681,16.0,510.2,405.2,25.2,5.5,-1,-1,-1,-1
1701,17.0,173.8,370.8,14.5,4.0,-1,-1,-1,-1
1701,16.0,574.5,391.5,23.0,6.0,-1,-1,-1,-1
1721,17.0,164.1,389.0,13.5,4.5,-1,-1,-1,-1
1721,16.0,607.5,380.8,17.0,5.0,-1,-1,-1,-1
1741,16.0,581.0,379.8,25.0,6.5,-1,-1,-1,-1
1761,18.0,621.5,46.6,15.0,9.1,-1,-1,-1,-1
1761,16.0,534.0,382.2,29.0,8.0,-1,-1,-1,-1
1781,19.0,169.4,450.2,13.2,5.5,-1,-1,-1,-1
1781,16.0,485.0,385.8,24.5,6.0,-1,-1,-1,-1
1801,16.0,447.0,385.2,22.5,5.5,-1,-1,-1,-1
1821,16.0,442.0,380.2,23.0,6.0,-1,-1,-1,-1
1841,18.0,621.0,46.3,16.0,9.9,-1,-1,-1,-1
1841,16.0,480.8,369.5,26.5,6.5,-1,-1,-1,-1
1861,16.0,531.5,357.0,23.0,6.0,-1,-1,-1,-1
1881,16.0,573.0,346.5,25.0,6.0,-1,-1,-1,-1
1901,16.0,605.0,337.8,26.0,6.5,-1,-1,-1,-1
1921,16.0,611.5,337.8,24.0,6.5,-1,-1,-1,-1
1941,18.0,621.0,46.6,15.0,8.9,-1,-1,-1,-1
1941,16.0,607.5,344.0,25.0,6.0,-1,-1,-1,-1
1961,16.0,603.5,350.8,24.0,5.5,-1,-1,-1,-1
1981,18.0,620.5,46.8,15.0,8.6,-1,-1,-1,-1
1981,16.0,605.0,353.5,22.0,5.5,-1,-1,-1,-1
2001,20.0,273.8,375.0,14.0,5.0,-1,-1,-1,-1
2001,16.0,610.5,354.0,22.0,5.5,-1,-1,-1,-1
2021,21.0,393.2,-0.2,18.0,5.2,-1,-1,-1,-1
2021,20.0,269.5,344.2,14.5,5.5,-1,-1,-1,-1
2041,21.0,396.2,3.7,22.5,11.4,-1,-1,-1,-1
2041,20.0,270.8,325.2,14.0,5.5,-1,-1,-1,-1
2061,21.0,395.5,3.3,22.0,11.2,-1,-1,-1,-1
2061,20.0,305.2,323.2,14.0,5.0,-1,-1,-1,-1
2081,21.0,396.2,9.5,22.5,11.2,-1,-1,-1,-1
2081,20.0,348.2,320.0,14.5,4.5,-1,-1,-1,-1
2101,21.0,401.0,37.5,23.5,11.7,-1,-1,-1,-1
2101,20.0,396.8,313.8,14.0,4.5,-1,-1,-1,-1
2121,21.0,405.8,67.6,24.0,11.0,-1,-1,-1,-1
2121,20.0,441.2,306.5,13.5,5.0,-1,-1,-1,-1
2141,21.0,406.2,79.9,24.0,11.1,-1,-1,-1,-1
2141,20.0,479.8,299.8,14.5,5.0,-1,-1,-1,-1
2161,21.0,395.5,79.1,24.0,10.2,-1,-1,-1,-1
2161,20.0,506.2,294.0,13.2,6.0,-1,-1,-1,-1
2161,16.0,621.0,355.8,19.0,5.5,-1,-1,-1,-1
2181,21.0,385.2,83.0,24.0,10.8,-1,-1,-1,-1
2181,20.0,512.0,304.0,14.0,5.5,-1,-1,-1,-1
2181,18.0,621.0,46.4,17.0,9.8,-1,-1,-1,-1
2181,16.0,608.0,362.2,17.0,4.5,-1,-1,-1,-1
