1,1,263.89,50.19,29.82,10.04,0.83,-1,-1,-1
21,1,264.60,50.52,29.67,9.99,0.83,-1,-1,-1
41,1,265.87,49.64,29.26,10.10,0.82,-1,-1,-1
41,2,312.73,0.11,20.00,4.97,0.77,-1,-1,-1
61,1,267.97,56.77,27.68,9.44,0.83,-1,-1,-1
61,2,312.38,32.28,19.14,6.55,0.85,-1,-1,-1
81,1,265.97,64.72,29.50,9.53,0.85,-1,-1,-1
81,2,312.77,40.76,17.10,6.61,0.85,-1,-1,-1
101,1,266.47,73.48,28.31,10.01,0.80,-1,-1,-1
101,2,312.69,39.45,19.69,6.71,0.83,-1,-1,-1
121,1,264.10,82.64,30.22,10.61,0.83,-1,-1,-1
121,2,275.63,39.82,19.27,7.99,0.86,-1,-1,-1
141,1,291.37,90.88,27.75,9.28,0.81,-1,-1,-1
141,2,176.41,43.80,19.71,7.39,0.74,-1,-1,-1
161,1,332.65,97.28,30.17,8.83,0.84,-1,-1,-1
161,2,104.65,45.79,20.94,8.24,0.79,-1,-1,-1
181,1,377.53,95.57,28.64,8.02,0.87,-1,-1,-1
181,2,104.18,47.86,21.50,7.02,0.81,-1,-1,-1
201,1,427.47,93.74,28.67,8.35,0.85,-1,-1,-1
201,2,85.46,49.51,20.92,8.30,0.78,-1,-1,-1
221,1,462.86,89.27,31.21,9.55,0.87,-1,-1,-1
221,2,38.83,55.02,17.78,7.18,0.72,-1,-1,-1
241,1,493.09,86.34,32.48,8.83,0.87,-1,-1,-1
241,2,30.51,103.77,19.41,6.12,0.73,-1,-1,-1
261,1,518.53,83.41,33.06,9.61,0.85,-1,-1,-1
281,1,541.92,82.54,32.19,8.94,0.83,-1,-1,-1
301,1,561.40,78.81,31.21,9.41,0.87,-1,-1,-1
321,1,570.42,74.95,35.07,9.96,0.86,-1,-1,-1
321,3,176.23,179.12,20.14,5.75,0.73,-1,-1,-1
341,1,568.67,74.27,34.43,10.22,0.85,-1,-1,-1
341,3,260.12,179.05,17.82,7.91,0.78,-1,-1,-1
361,1,570.14,65.52,35.04,11.04,0.87,-1,-1,-1
361,3,274.08,196.16,16.49,5.24,0.67,-1,-1,-1
381,1,569.35,59.63,35.84,10.88,0.88,-1,-1,-1
381,3,270.94,196.79,15.48,4.88,0.68,-1,-1,-1
401,1,568.78,59.66,34.14,10.05,0.88,-1,-1,-1
401,4,267.60,165.65,17.65,5.17,0.75,-1,-1,-1
421,1,560.11,59.72,34.19,10.32,0.87,-1,-1,-1
421,4,275.85,156.67,17.09,5.59,0.75,-1,-1,-1
441,1,536.06,61.82,31.56,9.38,0.89,-1,-1,-1
441,4,338.43,156.05,16.84,4.73,0.76,-1,-1,-1
461,1,499.70,65.12,32.14,9.94,0.86,-1,-1,-1
461,4,429.33,154.78,16.31,4.66,0.67,-1,-1,-1
481,1,461.49,67.63,29.40,10.48,0.85,-1,-1,-1
481,4,488.33,154.48,15.82,4.05,0.73,-1,-1,-1
501,1,416.81,72.19,28.85,9.73,0.84,-1,-1,-1
501,4,493.05,171.98,18.13,4.18,0.71,-1,-1,-1
521,1,374.56,76.92,30.09,9.11,0.81,-1,-1,-1
541,1,340.29,79.51,32.41,7.69,0.85,-1,-1,-1
561,1,311.12,76.04,28.36,9.15,0.82,-1,-1,-1
581,1,281.08,66.86,29.67,10.09,0.83,-1,-1,-1
601,1,247.47,54.77,31.71,9.79,0.84,-1,-1,-1
601,10,483.64,142.36,17.23,4.22,0.74,-1,-1,-1
621,1,211.13,35.16,37.53,16.03,0.83,-1,-1,-1
621,10,482.44,98.34,18.84,5.57,0.80,-1,-1,-1
641,1,204.23,50.50,39.84,11.16,0.82,-1,-1,-1
641,10,482.45,92.89,18.83,5.78,0.79,-1,-1,-1
661,1,206.23,81.32,40.52,11.00,0.83,-1,-1,-1
661,10,505.55,93.29,17.31,5.20,0.77,-1,-1,-1
681,1,208.17,129.27,40.33,9.22,0.85,-1,-1,-1
681,10,530.70,92.65,17.95,4.83,0.77,-1,-1,-1
701,1,208.56,129.15,38.11,9.91,0.84,-1,-1,-1
701,10,552.08,86.27,18.39,5.28,0.77,-1,-1,-1
721,1,201.59,128.08,39.91,9.72,0.85,-1,-1,-1
721,10,549.38,46.91,18.49,5.92,0.81,-1,-1,-1
741,1,185.58,119.70,45.03,10.27,0.83,-1,-1,-1
741,10,570.60,47.95,19.97,5.59,0.83,-1,-1,-1
761,1,159.52,105.46,45.36,12.57,0.83,-1,-1,-1
761,10,608.86,68.28,20.48,6.63,0.79,-1,-1,-1
781,1,125.45,90.16,48.48,13.39,0.86,-1,-1,-1
781,10,608.58,119.79,20.60,4.62,0.82,-1,-1,-1
801,1,80.73,71.34,55.19,18.48,0.87,-1,-1,-1
801,10,610.03,164.94,20.77,4.20,0.72,-1,-1,-1
821,1,65.40,65.52,62.57,19.08,0.84,-1,-1,-1
841,1,87.32,63.56,59.40,17.55,0.87,-1,-1,-1
861,1,143.01,62.70,58.53,15.66,0.87,-1,-1,-1
881,1,196.08,56.57,58.46,17.30,0.86,-1,-1,-1
901,1,229.09,39.33,60.27,19.76,0.85,-1,-1,-1
921,1,261.62,8.77,62.74,25.79,0.88,-1,-1,-1
941,1,328.54,-0.07,59.59,11.28,0.78,-1,-1,-1
961,13,158.87,147.00,16.09,5.76,0.79,-1,-1,-1
981,13,160.26,120.76,18.50,5.77,0.74,-1,-1,-1
981,15,286.23,-0.30,51.34,11.07,0.80,-1,-1,-1
1001,13,164.30,89.42,17.87,5.95,0.77,-1,-1,-1
1001,15,154.64,0.03,69.83,18.33,0.85,-1,-1,-1
1021,13,168.08,66.52,17.34,6.90,0.78,-1,-1,-1
1021,15,147.98,2.06,73.52,26.56,0.87,-1,-1,-1
1041,13,169.27,65.54,18.70,6.65,0.79,-1,-1,-1
1041,15,158.06,6.46,72.91,27.52,0.87,-1,-1,-1
1061,13,208.43,65.16,16.24,5.74,0.71,-1,-1,-1
1061,15,163.17,33.86,73.55,26.01,0.86,-1,-1,-1
1081,13,284.60,63.09,16.95,6.28,0.81,-1,-1,-1
1081,15,159.83,58.84,76.27,22.07,0.89,-1,-1,-1
1101,13,382.35,60.75,17.17,6.21,0.75,-1,-1,-1
1101,15,157.91,97.35,77.46,20.91,0.81,-1,-1,-1
1121,13,488.24,57.11,16.00,6.13,0.84,-1,-1,-1
1121,15,161.02,155.61,68.28,16.10,0.84,-1,-1,-1
1141,13,588.45,54.24,19.23,7.95,0.82,-1,-1,-1
1141,15,145.31,190.68,87.28,18.50,0.75,-1,-1,-1
1161,13,609.48,66.12,20.18,5.86,0.83,-1,-1,-1
1161,15,163.80,192.93,76.20,19.38,0.76,-1,-1,-1
1181,13,561.16,68.47,18.15,7.14,0.81,-1,-1,-1
1181,15,256.89,191.10,65.31,19.14,0.78,-1,-1,-1
1201,13,454.27,72.43,17.69,6.40,0.82,-1,-1,-1
1201,15,373.90,188.09,72.79,21.38,0.77,-1,-1,-1
1221,13,327.99,78.47,15.14,5.94,0.76,-1,-1,-1
1221,15,394.47,190.34,73.88,17.89,0.75,-1,-1,-1
1241,13,214.53,82.86,14.73,6.56,0.76,-1,-1,-1
1241,15,344.94,184.49,67.06,20.51,0.61,-1,-1,-1
1261,13,200.47,84.77,16.81,7.16,0.75,-1,-1,-1
1261,15,243.87,184.55,69.83,18.80,0.81,-1,-1,-1
1281,13,242.55,84.93,16.96,5.94,0.77,-1,-1,-1
1281,15,154.02,186.07,75.92,18.86,0.66,-1,-1,-1
1301,13,240.59,85.48,15.55,5.94,0.77,-1,-1,-1
1301,15,169.53,186.07,76.14,20.68,0.82,-1,-1,-1
1321,13,200.71,87.46,14.67,5.72,0.79,-1,-1,-1
1321,15,390.51,189.63,64.99,17.18,0.77,-1,-1,-1
1341,13,151.92,88.42,18.32,5.93,0.75,-1,-1,-1
1341,18,493.09,187.12,66.89,15.81,0.75,-1,-1,-1
1361,13,122.37,86.46,17.02,5.78,0.76,-1,-1,-1
1361,18,457.01,191.38,66.19,14.85,0.72,-1,-1,-1
1381,13,105.23,81.21,19.26,6.13,0.76,-1,-1,-1
1381,18,377.04,186.33,60.77,17.95,0.78,-1,-1,-1
1401,13,77.58,68.09,18.14,7.96,0.78,-1,-1,-1
1401,18,263.07,171.04,66.50,20.90,0.82,-1,-1,-1
1421,13,93.93,63.17,20.16,7.43,0.80,-1,-1,-1
1421,18,160.56,168.74,62.95,12.94,0.81,-1,-1,-1
1441,13,173.73,61.04,16.88,6.27,0.75,-1,-1,-1
1441,18,92.52,162.83,65.98,15.90,0.80,-1,-1,-1
1461,13,224.94,67.66,18.73,6.93,0.79,-1,-1,-1
1461,18,99.08,167.38,58.60,14.02,0.81,-1,-1,-1
1481,13,224.90,111.22,19.57,6.32,0.78,-1,-1,-1
1481,18,110.62,171.18,51.68,11.95,0.79,-1,-1,-1
1501,13,260.99,114.67,17.97,6.82,0.76,-1,-1,-1
1501,18,102.34,168.52,57.08,14.36,0.81,-1,-1,-1
1521,13,346.99,114.28,18.42,6.49,0.78,-1,-1,-1
1521,18,57.30,158.06,57.98,16.14,0.81,-1,-1,-1
1541,13,468.83,116.31,17.98,5.34,0.77,-1,-1,-1
1541,18,1.66,131.87,89.39,32.85,0.70,-1,-1,-1
1561,13,543.13,117.93,15.91,4.42,0.65,-1,-1,-1
1561,18,-2.19,126.35,60.77,25.53,0.73,-1,-1,-1
1581,13,486.59,118.53,17.48,5.83,0.80,-1,-1,-1
1581,18,-0.32,111.61,70.38,28.10,0.73,-1,-1,-1
1601,13,350.58,121.48,18.65,6.04,0.83,-1,-1,-1
1601,18,8.40,104.73,92.31,26.84,0.80,-1,-1,-1
1621,13,196.02,126.40,15.41,5.37,0.72,-1,-1,-1
1621,18,66.93,98.59,112.95,29.84,0.79,-1,-1,-1
1641,13,110.74,128.87,17.74,5.67,0.81,-1,-1,-1
1641,18,174.90,92.71,115.96,32.82,0.83,-1,-1,-1
1661,13,97.06,130.48,18.50,5.52,0.71,-1,-1,-1
1661,18,303.06,84.04,112.09,31.27,0.88,-1,-1,-1
1681,13,89.33,119.56,19.41,5.84,0.76,-1,-1,-1
1681,18,434.17,74.51,113.54,36.92,0.87,-1,-1,-1
1701,13,96.55,112.34,16.28,6.17,0.79,-1,-1,-1
1701,18,496.66,89.84,96.74,33.58,0.85,-1,-1,-1
1721,13,143.77,111.68,17.97,6.05,0.72,-1,-1,-1
1721,18,486.20,121.20,84.92,23.13,0.83,-1,-1,-1
1741,13,244.56,109.17,16.16,5.92,0.72,-1,-1,-1
1741,18,389.11,141.36,65.89,19.27,0.80,-1,-1,-1
1761,13,381.28,104.19,16.25,6.19,0.81,-1,-1,-1
1761,18,295.01,157.52,58.86,13.62,0.82,-1,-1,-1
1781,13,538.04,100.17,17.75,6.55,0.79,-1,-1,-1
1781,18,222.27,165.20,56.16,11.74,0.80,-1,-1,-1
1801,13,591.00,101.58,18.24,5.21,0.76,-1,-1,-1
1801,18,211.80,153.90,55.34,12.18,0.85,-1,-1,-1
1821,13,573.26,103.26,17.79,4.15,0.78,-1,-1,-1
1821,18,209.46,120.18,59.58,13.24,0.84,-1,-1,-1
1841,13,532.52,105.09,15.01,4.24,0.75,-1,-1,-1
1841,18,213.21,87.94,59.83,15.30,0.84,-1,-1,-1
1861,13,467.56,105.72,16.95,5.72,0.82,-1,-1,-1
1861,18,214.54,71.50,52.32,15.80,0.85,-1,-1,-1
1881,13,392.53,109.08,15.54,5.36,0.77,-1,-1,-1
1881,18,219.50,60.42,51.89,17.70,0.89,-1,-1,-1
1901,13,319.33,111.02,15.32,5.10,0.79,-1,-1,-1
1901,18,229.32,61.56,50.05,17.59,0.89,-1,-1,-1
1921,13,281.49,112.21,16.76,5.59,0.78,-1,-1,-1
1921,18,261.24,87.26,40.74,13.99,0.87,-1,-1,-1
1941,13,281.23,137.34,16.94,5.23,0.79,-1,-1,-1
1941,18,294.66,114.49,36.55,10.32,0.82,-1,-1,-1
1961,18,325.89,137.16,30.06,7.42,0.83,-1,-1,-1
1981,18,339.60,150.52,25.51,6.89,0.83,-1,-1,-1
1981,13,232.47,175.69,15.16,4.91,0.79,-1,-1,-1
