1,1,92.75,163.92,21.92,10.00,0.88,-1,-1,-1
21,1,132.14,175.73,22.97,7.72,0.83,-1,-1,-1
41,1,125.76,204.19,27.73,11.10,0.75,-1,-1,-1
61,1,129.66,226.47,23.23,9.29,0.73,-1,-1,-1
81,1,187.56,227.69,22.57,9.66,0.71,-1,-1,-1
101,1,254.64,229.52,26.79,11.60,0.76,-1,-1,-1
121,1,315.34,237.38,19.13,8.66,0.72,-1,-1,-1
141,1,325.17,267.22,25.87,9.73,0.74,-1,-1,-1
161,1,312.37,273.30,22.46,11.67,0.44,-1,-1,-1
181,1,286.41,291.43,18.47,8.40,0.73,-1,-1,-1
201,1,268.43,301.89,21.60,9.60,0.76,-1,-1,-1
221,1,262.88,302.95,20.70,8.64,0.73,-1,-1,-1
241,1,262.46,303.01,20.70,8.87,0.74,-1,-1,-1
261,1,264.13,304.04,19.52,8.16,0.72,-1,-1,-1
281,1,262.81,303.75,20.19,8.68,0.72,-1,-1,-1
301,1,252.59,301.65,19.90,9.05,0.73,-1,-1,-1
321,1,242.37,298.74,21.27,9.62,0.71,-1,-1,-1
341,1,223.85,296.86,20.70,8.77,0.68,-1,-1,-1
361,1,190.66,283.17,22.65,9.21,0.71,-1,-1,-1
381,1,157.36,273.39,26.23,10.41,0.76,-1,-1,-1
401,1,147.60,271.89,30.82,11.37,0.75,-1,-1,-1
421,1,144.70,266.21,27.00,10.53,0.74,-1,-1,-1
441,1,138.21,253.57,29.16,11.15,0.76,-1,-1,-1
461,1,131.33,239.34,31.99,12.05,0.79,-1,-1,-1
481,1,120.93,222.62,31.93,11.90,0.76,-1,-1,-1
501,1,106.10,202.02,38.03,13.11,0.79,-1,-1,-1
521,1,91.10,177.83,40.86,9.52,0.84,-1,-1,-1
541,1,77.87,147.41,47.78,13.36,0.86,-1,-1,-1
561,1,54.06,120.70,55.44,22.48,0.89,-1,-1,-1
581,1,43.15,190.29,55.05,14.89,0.86,-1,-1,-1
601,1,47.74,241.72,54.33,18.96,0.75,-1,-1,-1
621,1,59.46,249.21,51.22,15.99,0.75,-1,-1,-1
641,1,87.04,269.13,40.79,13.91,0.77,-1,-1,-1
661,1,113.20,285.69,36.67,12.21,0.78,-1,-1,-1
681,1,139.49,296.72,31.14,10.87,0.79,-1,-1,-1
701,1,159.54,292.61,27.83,10.28,0.75,-1,-1,-1
721,1,173.05,288.69,24.19,9.34,0.72,-1,-1,-1
741,1,181.98,281.82,22.88,9.48,0.74,-1,-1,-1
761,1,187.79,279.22,23.11,9.98,0.74,-1,-1,-1
781,1,190.15,278.87,23.64,9.45,0.75,-1,-1,-1
801,1,189.48,269.71,25.43,10.20,0.76,-1,-1,-1
821,1,187.27,255.45,24.39,10.06,0.74,-1,-1,-1
841,1,179.40,237.96,26.39,10.27,0.76,-1,-1,-1
861,1,168.91,216.84,26.43,9.75,0.75,-1,-1,-1
881,1,141.80,202.17,39.31,16.59,0.79,-1,-1,-1
901,1,140.52,255.52,34.88,12.41,0.78,-1,-1,-1
921,1,171.67,271.90,32.20,13.15,0.75,-1,-1,-1
941,1,244.83,270.48,29.46,12.66,0.76,-1,-1,-1
961,1,276.37,262.61,39.45,14.04,0.77,-1,-1,-1
981,1,317.41,235.63,37.10,14.13,0.77,-1,-1,-1
1001,1,351.16,192.73,59.92,25.88,0.85,-1,-1,-1
1021,1,365.48,252.82,51.07,15.31,0.77,-1,-1,-1
1041,1,282.51,273.13,49.68,19.19,0.77,-1,-1,-1
1061,1,55.29,275.48,62.43,19.97,0.76,-1,-1,-1
1081,1,0.56,277.96,61.78,22.68,0.78,-1,-1,-1
1101,1,-2.50,256.67,23.53,13.12,0.50,-1,-1,-1
1121,1,-3.19,246.66,21.25,12.40,0.67,-1,-1,-1
1141,1,65.07,222.70,83.35,28.59,0.77,-1,-1,-1
1161,1,150.91,253.62,69.77,29.89,0.80,-1,-1,-1
1181,1,206.74,291.46,44.71,19.82,0.79,-1,-1,-1
1201,1,205.27,257.44,49.01,22.99,0.81,-1,-1,-1
1221,1,220.64,274.01,33.72,13.97,0.78,-1,-1,-1
1241,1,226.03,275.81,29.03,11.39,0.76,-1,-1,-1
1261,1,238.12,284.39,26.36,11.13,0.78,-1,-1,-1
1281,1,297.01,288.19,25.50,11.85,0.76,-1,-1,-1
1301,1,350.31,282.32,21.95,9.22,0.73,-1,-1,-1
1321,1,366.45,280.57,20.19,8.71,0.71,-1,-1,-1
1341,1,309.29,279.47,30.78,11.93,0.75,-1,-1,-1
1361,1,260.54,270.33,31.20,14.64,0.80,-1,-1,-1
1381,1,247.38,267.73,28.19,11.13,0.76,-1,-1,-1
1401,1,244.10,263.38,27.70,10.34,0.77,-1,-1,-1
1421,1,246.18,253.04,33.79,14.91,0.78,-1,-1,-1
1441,1,247.33,208.12,40.67,22.43,0.81,-1,-1,-1
1461,1,239.60,193.20,41.86,15.15,0.84,-1,-1,-1
1481,1,230.83,242.89,35.98,13.94,0.75,-1,-1,-1
1501,1,221.50,278.67,42.28,17.23,0.79,-1,-1,-1
1521,1,142.07,280.63,48.55,16.50,0.77,-1,-1,-1
1541,1,130.71,236.81,43.69,14.78,0.81,-1,-1,-1
1541,6,612.35,161.47,21.04,9.07,0.86,-1,-1,-1
1561,1,143.44,246.40,33.20,12.36,0.78,-1,-1,-1
1561,6,502.12,157.66,22.32,11.25,0.86,-1,-1,-1
1581,1,151.06,264.91,32.84,12.44,0.77,-1,-1,-1
1581,6,447.67,167.96,22.23,11.50,0.87,-1,-1,-1
1601,1,155.24,267.05,33.06,11.78,0.79,-1,-1,-1
1601,6,392.44,200.26,17.52,5.81,0.80,-1,-1,-1
1621,1,162.21,275.50,27.89,10.94,0.77,-1,-1,-1
1621,6,378.55,205.64,18.23,4.79,0.80,-1,-1,-1
1641,1,170.49,285.90,27.95,11.98,0.76,-1,-1,-1
1641,6,401.40,202.01,16.01,8.69,0.85,-1,-1,-1
1661,1,145.93,288.00,29.57,12.31,0.77,-1,-1,-1
1661,6,509.99,202.31,18.85,8.08,0.80,-1,-1,-1
1681,1,138.22,278.73,27.74,10.75,0.76,-1,-1,-1
1681,6,616.87,202.55,16.20,7.57,0.81,-1,-1,-1
1701,1,141.45,281.70,28.51,11.24,0.76,-1,-1,-1
1701,6,625.07,205.96,14.02,3.70,0.74,-1,-1,-1
1721,1,148.97,228.42,27.38,10.07,0.77,-1,-1,-1
1721,6,612.52,204.78,18.13,4.16,0.79,-1,-1,-1
1741,1,147.66,208.34,28.77,11.19,0.74,-1,-1,-1
1741,6,610.42,204.73,17.02,4.07,0.80,-1,-1,-1
1761,1,142.08,185.57,23.76,6.32,0.81,-1,-1,-1
1761,6,615.85,206.04,15.99,3.72,0.76,-1,-1,-1
1781,1,119.04,136.27,34.78,17.74,0.90,-1,-1,-1
1781,6,618.71,207.47,16.29,3.76,0.76,-1,-1,-1
1801,1,102.01,188.87,38.22,12.74,0.81,-1,-1,-1
1801,6,619.62,207.35,17.25,3.67,0.76,-1,-1,-1
1821,1,99.40,237.02,39.33,14.40,0.79,-1,-1,-1
1821,6,619.63,208.01,16.60,3.68,0.76,-1,-1,-1
1841,1,70.84,199.09,46.34,16.95,0.86,-1,-1,-1
1841,6,622.42,206.28,14.04,4.78,0.39,-1,-1,-1
1841,8,622.02,207.29,15.52,4.10,0.74,-1,-1,-1
1861,1,96.30,166.38,55.72,23.93,0.86,-1,-1,-1
1861,6,621.23,205.33,14.82,8.03,0.79,-1,-1,-1
1881,1,162.28,183.43,59.90,22.65,0.84,-1,-1,-1
1881,6,550.95,203.19,16.97,6.67,0.81,-1,-1,-1
1901,1,170.34,257.18,49.04,15.86,0.75,-1,-1,-1
1901,6,446.47,202.20,16.01,5.18,0.81,-1,-1,-1
1921,1,155.82,274.56,50.50,18.67,0.80,-1,-1,-1
1921,6,354.57,195.98,16.43,8.48,0.85,-1,-1,-1
1941,1,67.00,274.21,51.65,18.51,0.78,-1,-1,-1
1941,6,296.50,197.03,16.05,6.21,0.82,-1,-1,-1
1961,1,80.92,278.17,55.79,16.51,0.80,-1,-1,-1
1961,6,291.70,220.24,15.64,8.10,0.68,-1,-1,-1
1981,1,107.05,286.36,45.73,14.62,0.80,-1,-1,-1
1981,6,302.17,257.98,18.93,8.76,0.71,-1,-1,-1
2001,1,122.22,257.57,42.68,18.41,0.79,-1,-1,-1
2001,6,358.68,256.78,17.72,7.86,0.71,-1,-1,-1
2021,1,144.10,273.69,35.13,13.66,0.77,-1,-1,-1
2021,6,420.07,255.17,19.79,8.79,0.73,-1,-1,-1
2041,1,151.80,236.28,33.37,11.69,0.79,-1,-1,-1
2041,6,485.17,249.31,22.67,9.61,0.73,-1,-1,-1
2061,1,161.00,249.82,25.11,10.17,0.73,-1,-1,-1
2061,6,559.78,210.87,21.28,4.97,0.80,-1,-1,-1
2081,1,167.65,246.50,29.62,11.09,0.78,-1,-1,-1
2081,6,585.92,124.13,18.58,12.16,0.89,-1,-1,-1
2101,1,177.27,240.46,24.87,9.47,0.74,-1,-1,-1
2101,6,556.48,142.65,21.42,11.50,0.88,-1,-1,-1
2121,1,197.73,244.65,25.36,11.09,0.77,-1,-1,-1
2121,6,498.38,185.29,16.07,5.67,0.82,-1,-1,-1
2141,1,208.67,246.38,27.30,10.45,0.76,-1,-1,-1
2141,6,457.26,212.88,12.46,4.35,0.67,-1,-1,-1
