frame0000.jpg,363,216,378,224,0
frame0020.jpg,354,236,375,245,0
frame0040.jpg,366,251,380,256,0
frame0060.jpg,392,249,403,257,0
frame0080.jpg,408,248,422,255,0
frame0100.jpg,419,244,422,248,0
frame0120.jpg,414,245,427,251,0
frame0140.jpg,413,251,427,256,0
frame0160.jpg,418,255,433,260,0
frame0180.jpg,409,257,421,263,0
frame0200.jpg,399,256,409,261,0
frame0220.jpg,387,257,397,264,0
frame0240.jpg,362,259,376,265,0
frame0260.jpg,339,262,349,268,0
frame0280.jpg,304,264,316,267,0
frame0300.jpg,274,265,285,270,0
frame0320.jpg,234,267,247,271,0
frame0340.jpg,201,268,211,272,0
frame0360.jpg,158,270,172,275,0
frame0380.jpg,123,270,141,278,0
frame0400.jpg,96,274,105,277,0
frame0420.jpg,64,275,79,279,0
frame0440.jpg,74,276,85,281,0
frame0460.jpg,114,273,130,277,0
frame0480.jpg,183,269,197,275,0
frame0500.jpg,202,269,215,273,0
frame0520.jpg,207,270,216,273,0
frame0540.jpg,202,269,214,272,0
frame0560.jpg,217,268,226,274,0
frame0580.jpg,249,267,262,270,0
frame0600.jpg,282,265,289,267,0
frame0620.jpg,288,264,301,269,0
frame0640.jpg,292,264,300,270,0
frame0660.jpg,321,263,332,267,0
frame0680.jpg,369,259,376,265,0
frame0700.jpg,373,259,386,265,0
frame0720.jpg,382,260,394,266,0
frame0740.jpg,433,258,447,263,0
frame0760.jpg,444,256,459,262,0
frame0780.jpg,444,237,455,241,0
frame0800.jpg,443,228,454,232,0
frame0820.jpg,452,230,459,234,0
frame0840.jpg,454,234,466,237,0
frame0860.jpg,473,234,479,237,0
frame0880.jpg,513,230,525,236,0
frame0900.jpg,518,230,527,238,0
frame0920.jpg,517,232,530,236,0
frame0940.jpg,537,233,547,241,0
frame0960.jpg,547,234,562,239,0
frame0980.jpg,0,0,0,0,1
frame1000.jpg,542,261,556,269,0
frame1020.jpg,497,263,510,269,0
frame1040.jpg,484,251,497,257,0
frame1060.jpg,484,248,496,254,0
frame1080.jpg,432,252,444,258,0
frame1100.jpg,381,255,390,260,0
frame1120.jpg,364,261,375,267,0
frame1140.jpg,332,263,344,267,0
frame1160.jpg,289,265,302,270,0
frame1180.jpg,272,266,282,268,0
frame1200.jpg,228,269,239,273,0
frame1220.jpg,199,262,210,269,0
frame1240.jpg,193,258,208,265,0
frame1260.jpg,249,251,266,260,0
frame1280.jpg,272,249,283,257,0
frame1300.jpg,294,249,311,253,0
frame1320.jpg,339,246,349,250,0
frame1340.jpg,351,244,364,249,0
frame1360.jpg,358,244,370,251,0
frame1380.jpg,387,240,400,246,0
frame1400.jpg,384,240,401,246,0
frame1420.jpg,344,240,359,246,0
frame1440.jpg,336,239,348,246,0
frame1460.jpg,328,239,342,246,0
frame1480.jpg,294,243,303,248,0
frame1500.jpg,283,242,298,250,0
frame1520.jpg,351,242,355,245,0
frame1540.jpg,434,237,448,244,0
frame1560.jpg,461,258,476,263,0
frame1580.jpg,456,221,471,227,0
frame1600.jpg,453,199,463,206,0
frame1620.jpg,413,200,430,206,0
frame1640.jpg,380,178,395,186,0
frame1660.jpg,366,171,381,180,0
frame1680.jpg,337,172,351,177,0
frame1700.jpg,307,174,321,179,0
frame1720.jpg,256,171,271,177,0
frame1740.jpg,250,144,261,156,0
frame1760.jpg,282,143,298,149,0
frame1780.jpg,342,174,351,177,0
frame1800.jpg,344,197,358,202,0
frame1820.jpg,335,200,352,211,0
frame1840.jpg,324,225,342,234,0
frame1860.jpg,366,223,385,232,0
frame1880.jpg,390,247,410,256,0
frame1900.jpg,353,248,367,254,0
frame1920.jpg,271,253,289,261,0
frame1940.jpg,260,255,274,265,0
frame1960.jpg,321,251,342,260,0
frame1980.jpg,444,245,457,256,0
frame2000.jpg,473,205,491,214,0
frame2020.jpg,473,175,484,180,0
frame2040.jpg,452,173,473,191,0
frame2060.jpg,376,180,394,190,0
frame2080.jpg,316,206,337,214,0
frame2100.jpg,313,222,331,229,0
frame2120.jpg,314,222,333,227,0
frame2140.jpg,315,220,334,228,0
frame2160.jpg,321,204,337,212,0
frame2162.jpg,322,203,335,210,0
