1,323.0,421.3,237.2,9.5,5.5,0.48,-1,-1,-1
1,322.0,233.9,133.4,12.5,7.8,0.48,-1,-1,-1
21,323.0,415.9,212.1,7.5,4.6,1.11,-1,-1,-1
21,322.0,238.1,132.7,11.3,7.2,1.11,-1,-1,-1
41,323.0,413.2,206.7,8.9,4.5,1.11,-1,-1,-1
41,322.0,244.1,131.3,12.0,7.3,1.11,-1,-1,-1
61,323.0,412.5,207.5,8.9,4.2,1.11,-1,-1,-1
61,322.0,253.7,129.8,12.8,7.5,1.11,-1,-1,-1
81,323.0,407.5,208.3,8.4,5.6,1.11,-1,-1,-1
81,322.0,268.8,127.5,11.7,6.9,1.11,-1,-1,-1
101,323.0,387.6,214.2,7.8,5.5,1.11,-1,-1,-1
101,322.0,272.4,117.1,11.2,7.7,1.11,-1,-1,-1
121,323.0,361.8,221.3,6.7,5.0,1.11,-1,-1,-1
121,322.0,269.6,100.8,11.8,8.3,1.11,-1,-1,-1
141,323.0,331.1,228.6,9.1,5.6,1.11,-1,-1,-1
141,322.0,271.9,121.7,10.6,7.4,1.11,-1,-1,-1
161,323.0,309.4,235.5,7.9,4.2,1.11,-1,-1,-1
161,322.0,272.2,134.7,12.0,7.1,1.11,-1,-1,-1
181,323.0,308.2,244.7,7.3,5.6,1.11,-1,-1,-1
181,322.0,268.3,133.4,11.6,8.6,1.11,-1,-1,-1
201,323.0,311.5,255.7,6.8,4.3,1.11,-1,-1,-1
201,322.0,245.7,136.5,11.2,8.2,1.11,-1,-1,-1
221,323.0,315.1,264.4,6.6,4.1,1.11,-1,-1,-1
221,322.0,219.0,141.9,10.3,7.6,1.11,-1,-1,-1
241,323.0,314.2,266.6,8.3,4.9,1.11,-1,-1,-1
241,322.0,212.6,170.9,11.9,7.3,1.11,-1,-1,-1
261,323.0,315.8,272.4,7.0,3.9,1.11,-1,-1,-1
261,322.0,217.0,172.9,11.7,6.9,1.11,-1,-1,-1
281,323.0,315.5,272.7,8.7,3.7,1.11,-1,-1,-1
281,322.0,234.9,168.9,12.6,6.9,1.11,-1,-1,-1
301,323.0,326.6,268.2,8.4,4.5,1.11,-1,-1,-1
301,322.0,266.6,161.7,12.8,9.7,1.11,-1,-1,-1
321,323.0,346.6,262.8,8.8,4.1,1.11,-1,-1,-1
321,322.0,272.7,161.6,10.9,8.4,1.11,-1,-1,-1
341,323.0,373.4,256.3,8.5,4.0,1.11,-1,-1,-1
341,322.0,255.1,164.2,11.6,8.3,1.11,-1,-1,-1
361,323.0,403.8,248.4,7.3,4.1,1.11,-1,-1,-1
361,322.0,224.9,170.1,11.5,7.3,1.11,-1,-1,-1
381,323.0,435.4,240.0,8.4,4.5,1.11,-1,-1,-1
381,322.0,210.8,166.9,12.6,6.7,1.11,-1,-1,-1
401,323.0,465.4,232.8,5.7,4.8,1.11,-1,-1,-1
401,322.0,211.2,154.3,12.0,7.4,1.11,-1,-1,-1
421,323.0,475.6,227.9,8.6,6.1,1.11,-1,-1,-1
421,322.0,212.4,160.1,12.5,7.5,1.11,-1,-1,-1
441,323.0,475.5,227.6,9.5,5.5,1.11,-1,-1,-1
441,322.0,214.3,171.8,11.4,7.4,1.11,-1,-1,-1
461,323.0,477.8,227.3,7.3,4.7,1.11,-1,-1,-1
461,322.0,213.7,161.3,12.2,7.5,1.11,-1,-1,-1
481,323.0,480.1,226.3,9.1,6.0,1.11,-1,-1,-1
481,322.0,212.6,143.1,11.1,7.2,1.11,-1,-1,-1
501,323.0,484.9,234.5,8.5,4.8,1.11,-1,-1,-1
501,322.0,216.8,143.0,11.9,6.4,1.11,-1,-1,-1
521,323.0,491.0,246.2,6.4,4.7,1.11,-1,-1,-1
521,322.0,232.8,138.8,11.5,8.4,1.11,-1,-1,-1
541,323.0,496.0,257.2,5.4,4.2,1.11,-1,-1,-1
541,322.0,237.7,144.5,13.0,6.9,1.11,-1,-1,-1
561,323.0,499.0,264.3,8.3,4.4,1.11,-1,-1,-1
561,322.0,240.3,164.8,11.1,7.5,1.11,-1,-1,-1
581,323.0,497.4,266.1,8.7,4.4,1.11,-1,-1,-1
581,322.0,240.6,176.7,12.1,7.0,1.11,-1,-1,-1
601,323.0,491.4,268.2,6.8,6.4,1.11,-1,-1,-1
601,322.0,239.6,176.8,12.8,6.8,1.11,-1,-1,-1
621,323.0,478.7,273.7,5.3,3.4,1.11,-1,-1,-1
621,322.0,237.6,165.4,13.8,7.4,1.11,-1,-1,-1
641,323.0,462.2,277.6,7.1,5.0,1.11,-1,-1,-1
641,322.0,238.1,160.7,11.3,7.5,1.11,-1,-1,-1
661,323.0,446.6,282.3,6.0,3.9,1.11,-1,-1,-1
661,322.0,234.8,161.1,12.5,8.1,1.11,-1,-1,-1
681,323.0,427.7,287.4,7.7,4.1,1.11,-1,-1,-1
681,322.0,224.5,163.6,12.5,6.9,1.11,-1,-1,-1
701,323.0,411.5,291.6,5.9,3.8,1.11,-1,-1,-1
701,322.0,222.5,164.2,11.1,7.4,1.11,-1,-1,-1
721,323.0,394.0,296.5,5.4,3.4,1.11,-1,-1,-1
721,322.0,222.0,164.4,12.2,7.4,1.11,-1,-1,-1
741,323.0,376.4,300.2,5.6,4.4,1.11,-1,-1,-1
741,322.0,225.2,164.5,11.2,6.7,1.11,-1,-1,-1
761,323.0,362.0,304.8,6.7,3.9,1.11,-1,-1,-1
761,322.0,236.6,162.6,11.5,7.4,1.11,-1,-1,-1
781,323.0,352.5,307.6,5.8,3.4,1.11,-1,-1,-1
781,322.0,244.4,160.7,12.0,8.1,1.11,-1,-1,-1
801,323.0,351.0,307.8,6.4,3.4,1.11,-1,-1,-1
801,322.0,239.3,161.6,12.5,8.5,1.11,-1,-1,-1
821,323.0,351.9,308.3,5.5,3.2,1.11,-1,-1,-1
821,322.0,220.9,165.3,11.9,7.6,1.11,-1,-1,-1
841,323.0,351.9,308.4,6.3,3.5,1.11,-1,-1,-1
841,322.0,209.4,168.1,11.7,6.3,1.11,-1,-1,-1
861,323.0,351.5,307.9,7.0,3.5,1.11,-1,-1,-1
861,322.0,207.6,168.0,11.7,7.2,1.11,-1,-1,-1
881,323.0,352.7,306.6,5.0,3.6,1.11,-1,-1,-1
881,322.0,204.8,168.7,12.1,6.4,1.11,-1,-1,-1
901,323.0,353.1,305.8,5.8,3.7,1.11,-1,-1,-1
901,322.0,205.7,168.6,11.5,6.7,1.11,-1,-1,-1
921,323.0,352.0,305.6,7.1,3.8,1.11,-1,-1,-1
921,322.0,206.5,169.0,11.0,6.2,1.11,-1,-1,-1
941,323.0,352.2,306.0,6.1,3.5,1.11,-1,-1,-1
941,322.0,206.8,168.7,10.6,6.5,1.11,-1,-1,-1
961,323.0,351.7,305.9,6.9,3.2,1.11,-1,-1,-1
961,322.0,205.1,168.7,12.7,6.9,1.11,-1,-1,-1
981,323.0,352.2,305.7,6.4,3.9,1.11,-1,-1,-1
981,322.0,205.7,168.8,12.9,6.8,1.11,-1,-1,-1
1001,323.0,352.0,306.1,6.0,3.7,1.11,-1,-1,-1
1001,322.0,205.2,168.2,12.5,7.1,1.11,-1,-1,-1
1021,323.0,351.6,305.9,6.5,3.6,1.11,-1,-1,-1
1021,322.0,205.6,168.3,12.2,7.0,1.11,-1,-1,-1
1041,323.0,351.2,305.5,7.4,4.0,1.11,-1,-1,-1
1041,322.0,204.8,168.1,12.6,6.9,1.11,-1,-1,-1
1061,323.0,351.5,305.1,6.2,4.3,1.11,-1,-1,-1
1061,322.0,204.8,168.5,12.5,6.9,1.11,-1,-1,-1
1081,323.0,351.2,305.0,6.5,4.5,1.11,-1,-1,-1
1081,322.0,204.7,168.4,12.8,7.0,1.11,-1,-1,-1
1101,323.0,351.8,305.6,5.5,4.0,1.11,-1,-1,-1
1101,322.0,204.0,168.0,12.4,7.5,1.11,-1,-1,-1
1121,323.0,350.6,304.9,7.1,4.5,1.11,-1,-1,-1
1121,322.0,195.8,170.3,13.2,8.2,1.11,-1,-1,-1
1141,323.0,350.8,305.0,7.6,5.4,1.11,-1,-1,-1
1141,322.0,180.0,176.5,13.2,7.7,1.11,-1,-1,-1
1161,323.0,351.6,304.8,6.7,5.3,1.11,-1,-1,-1
1161,322.0,159.8,185.2,11.3,6.0,1.11,-1,-1,-1
1181,323.0,350.0,305.2,8.5,4.8,1.11,-1,-1,-1
1181,322.0,153.2,187.9,11.7,5.9,1.11,-1,-1,-1
1201,323.0,349.6,305.5,7.4,4.1,1.11,-1,-1,-1
1201,322.0,171.8,180.4,11.3,6.5,1.11,-1,-1,-1
1221,323.0,349.8,306.1,7.4,3.7,1.11,-1,-1,-1
1221,322.0,218.6,162.1,9.8,8.1,1.11,-1,-1,-1
1241,323.0,349.7,306.0,8.6,3.5,1.11,-1,-1,-1
1241,322.0,241.8,148.8,13.3,9.8,1.11,-1,-1,-1
1261,323.0,350.3,305.4,7.3,4.7,1.11,-1,-1,-1
1261,322.0,240.7,124.2,13.4,8.0,1.11,-1,-1,-1
1281,323.0,349.5,306.1,7.4,4.3,1.11,-1,-1,-1
1281,322.0,239.5,128.9,13.3,8.0,1.11,-1,-1,-1
1301,323.0,349.6,305.2,8.5,4.9,1.11,-1,-1,-1
1301,322.0,240.4,145.5,12.8,7.5,1.11,-1,-1,-1
1321,323.0,348.6,304.0,6.6,3.6,1.11,-1,-1,-1
1321,322.0,241.8,152.8,12.6,8.1,1.11,-1,-1,-1
1341,323.0,339.5,296.8,8.3,3.6,1.11,-1,-1,-1
1341,322.0,240.3,152.8,11.5,9.4,1.11,-1,-1,-1
1361,323.0,330.0,284.0,5.9,3.8,1.11,-1,-1,-1
1361,322.0,223.5,161.3,13.0,6.1,1.11,-1,-1,-1
1381,323.0,313.1,266.7,7.4,3.7,1.11,-1,-1,-1
1381,322.0,220.1,187.4,11.1,7.1,1.11,-1,-1,-1
1401,323.0,292.2,245.6,9.6,4.8,1.11,-1,-1,-1
1401,322.0,222.5,190.3,11.9,8.2,1.11,-1,-1,-1
1421,323.0,271.3,223.6,10.8,5.7,1.11,-1,-1,-1
1421,322.0,211.2,193.4,13.2,9.2,1.11,-1,-1,-1
1441,323.0,248.7,200.5,10.7,8.1,1.11,-1,-1,-1
1441,322.0,178.6,205.2,12.7,8.7,1.11,-1,-1,-1
1461,323.0,241.9,194.8,9.4,6.1,1.11,-1,-1,-1
1461,322.0,149.9,217.6,11.3,5.8,1.11,-1,-1,-1
1481,323.0,247.7,190.5,9.9,5.5,1.11,-1,-1,-1
1481,322.0,145.7,219.0,12.1,5.5,1.11,-1,-1,-1
1501,323.0,262.4,183.3,11.6,5.8,1.11,-1,-1,-1
1501,322.0,157.7,214.2,10.1,6.2,1.11,-1,-1,-1
1521,323.0,285.4,175.5,12.9,5.9,1.11,-1,-1,-1
1521,322.0,184.7,203.0,13.1,6.4,1.11,-1,-1,-1
1541,323.0,316.6,165.1,10.0,6.3,1.11,-1,-1,-1
1541,322.0,223.7,186.7,13.7,7.1,1.11,-1,-1,-1
1561,323.0,337.6,157.1,11.5,7.9,1.11,-1,-1,-1
1561,322.0,261.4,170.5,13.7,10.4,1.11,-1,-1,-1
1581,323.0,343.4,168.0,11.1,6.6,1.11,-1,-1,-1
1581,322.0,271.0,167.6,14.0,8.1,1.11,-1,-1,-1
1601,323.0,348.4,178.5,11.8,6.6,1.11,-1,-1,-1
1601,322.0,277.9,164.9,13.8,7.4,1.11,-1,-1,-1
1621,323.0,351.2,179.5,11.5,6.5,1.11,-1,-1,-1
1621,322.0,294.7,157.2,11.0,8.1,1.11,-1,-1,-1
1641,323.0,351.3,181.5,10.4,6.9,1.11,-1,-1,-1
1641,322.0,311.1,147.4,14.8,10.2,1.11,-1,-1,-1
1661,323.0,348.3,187.0,13.1,6.3,1.11,-1,-1,-1
1661,322.0,316.7,145.6,13.7,9.6,1.11,-1,-1,-1
1681,323.0,347.8,192.6,11.2,6.1,1.11,-1,-1,-1
1681,322.0,302.6,149.9,13.6,10.0,1.11,-1,-1,-1
1701,323.0,348.0,199.3,10.2,6.0,1.11,-1,-1,-1
1701,322.0,271.9,161.8,13.1,8.8,1.11,-1,-1,-1
1721,323.0,348.2,203.2,11.1,6.6,1.11,-1,-1,-1
1721,322.0,249.5,170.2,11.9,7.9,1.11,-1,-1,-1
1741,323.0,347.8,207.0,12.2,5.6,1.11,-1,-1,-1
1741,322.0,235.6,175.3,11.2,8.8,1.11,-1,-1,-1
1761,323.0,351.5,214.9,10.8,6.8,1.11,-1,-1,-1
1761,322.0,207.3,185.0,17.5,7.8,1.11,-1,-1,-1
1781,323.0,352.5,219.2,9.7,6.3,1.11,-1,-1,-1
1781,322.0,194.3,191.9,12.2,6.1,1.11,-1,-1,-1
1801,323.0,351.6,219.1,11.3,6.4,1.11,-1,-1,-1
1801,322.0,195.0,191.6,12.2,6.7,1.11,-1,-1,-1
1821,323.0,351.1,219.5,11.5,6.8,1.11,-1,-1,-1
1821,322.0,196.6,191.0,12.1,7.5,1.11,-1,-1,-1
1841,323.0,350.8,219.7,11.8,6.4,1.11,-1,-1,-1
1841,322.0,196.7,191.8,12.5,6.7,1.11,-1,-1,-1
1861,323.0,351.6,219.8,11.6,5.8,1.11,-1,-1,-1
1861,322.0,196.0,191.7,12.3,6.9,1.11,-1,-1,-1
1881,323.0,358.7,217.6,11.1,5.8,1.11,-1,-1,-1
1881,322.0,194.6,191.8,13.6,6.9,1.11,-1,-1,-1
1901,323.0,380.6,213.2,11.3,5.4,1.11,-1,-1,-1
1901,322.0,201.4,188.6,15.0,6.4,1.11,-1,-1,-1
1921,323.0,417.3,203.5,11.5,5.8,1.11,-1,-1,-1
1921,322.0,230.9,176.6,13.9,6.3,1.11,-1,-1,-1
1941,323.0,454.0,192.5,12.6,7.9,1.11,-1,-1,-1
1941,322.0,273.8,157.3,13.4,11.0,1.11,-1,-1,-1
1961,323.0,461.8,190.8,12.6,6.3,1.11,-1,-1,-1
1961,322.0,289.1,151.9,13.0,9.0,1.11,-1,-1,-1
1981,323.0,462.9,189.7,11.2,6.3,1.11,-1,-1,-1
1981,322.0,290.0,152.2,13.5,8.3,1.11,-1,-1,-1
2001,323.0,462.5,189.8,10.7,5.9,1.11,-1,-1,-1
2001,322.0,289.4,167.3,13.6,8.4,1.11,-1,-1,-1
2021,323.0,461.0,190.4,10.3,5.7,1.11,-1,-1,-1
2021,322.0,292.0,175.0,12.2,8.0,1.11,-1,-1,-1
2041,323.0,459.4,190.4,11.5,6.3,1.11,-1,-1,-1
2041,322.0,290.9,162.8,12.7,8.9,1.11,-1,-1,-1
2061,323.0,458.4,192.3,11.9,6.2,1.11,-1,-1,-1
2061,322.0,289.9,162.4,13.4,9.4,1.11,-1,-1,-1
2081,323.0,457.8,194.8,10.5,6.4,1.11,-1,-1,-1
2081,322.0,283.8,165.0,13.9,9.3,1.11,-1,-1,-1
2101,323.0,456.7,195.3,10.4,6.2,1.11,-1,-1,-1
2101,322.0,270.6,171.0,12.6,7.5,1.11,-1,-1,-1
2121,323.0,456.0,195.5,10.4,6.4,1.11,-1,-1,-1
2121,322.0,265.4,171.8,15.0,8.3,1.11,-1,-1,-1
2141,323.0,455.0,195.7,11.4,6.2,1.11,-1,-1,-1
2141,322.0,265.3,171.9,14.6,9.1,1.11,-1,-1,-1
2161,323.0,455.2,195.4,11.1,6.8,1.11,-1,-1,-1
2161,322.0,263.7,174.0,12.9,7.9,1.11,-1,-1,-1
