1,0,217.12716674804688,290.89508056640625,19.73394012451172,7.266643524169922,1,-1,-1,-1
1,1,523.6401977539062,247.9181671142578,39.276851654052734,9.680619239807129,1,-1,-1,-1
21,0,229.96026611328125,287.2187805175781,20.479217529296875,7.296890735626221,1,-1,-1,-1
21,1,520.2794189453125,158.9929962158203,35.919246673583984,11.058999061584473,1,-1,-1,-1
41,0,248.16812133789062,280.0010070800781,22.536224365234375,7.223184108734131,1,-1,-1,-1
41,1,523.7236328125,200.45999145507812,36.901123046875,8.60865306854248,1,-1,-1,-1
61,1,519.9573364257812,237.49615478515625,38.88616943359375,11.523361206054688,1,-1,-1,-1
61,0,250.56668090820312,277.5916748046875,26.057519912719727,8.906716346740723,1,-1,-1,-1
81,0,176.74563598632812,277.7277526855469,28.75312042236328,9.62862777709961,1,-1,-1,-1
81,1,476.2626647949219,164.0240478515625,29.764301300048828,15.309205055236816,1,-1,-1,-1
101,0,116.5306396484375,278.3099670410156,28.702293395996094,9.164708137512207,1,-1,-1,-1
101,1,408.50531005859375,175.77598571777344,22.78081703186035,13.291206359863281,1,-1,-1,-1
121,1,355.5516052246094,224.7748260498047,14.764145851135254,7.77284049987793,1,-1,-1,-1
121,0,93.14215087890625,267.0003967285156,30.360015869140625,9.530076026916504,1,-1,-1,-1
141,1,333.29718017578125,257.4112243652344,18.428756713867188,6.734683990478516,1,-1,-1,-1
141,0,67.94945526123047,252.38055419921875,33.223114013671875,10.381093978881836,1,-1,-1,-1
161,0,28.828771591186523,236.56201171875,32.46883010864258,10.437276840209961,1,-1,-1,-1
161,1,327.4190673828125,299.6041564941406,19.946367263793945,7.54859733581543,1,-1,-1,-1
181,1,-0.4214358329772949,209.87673950195312,18.5460262298584,8.560309410095215,1,-1,-1,-1
201,1,331.6235046386719,328.86273193359375,17.13056755065918,6.414628982543945,1,-1,-1,-1
221,1,342.6212158203125,327.69537353515625,18.900527954101562,6.612783908843994,1,-1,-1,-1
221,3,-0.4996919631958008,160.0894317626953,44.0266227722168,15.001805305480957,1,-1,-1,-1
241,1,358.91668701171875,325.3918151855469,19.371217727661133,7.260924816131592,1,-1,-1,-1
241,3,143.1507110595703,137.53761291503906,53.505088806152344,27.28355598449707,1,-1,-1,-1
261,1,373.0890197753906,308.03662109375,21.69976806640625,7.477840423583984,1,-1,-1,-1
261,3,170.20721435546875,229.5655059814453,45.39598083496094,13.272045135498047,1,-1,-1,-1
281,1,382.2685546875,253.97569274902344,19.150318145751953,7.298573017120361,1,-1,-1,-1
281,3,149.21725463867188,295.4638977050781,46.27044677734375,12.47508430480957,1,-1,-1,-1
301,1,388.2223815917969,217.34718322753906,16.75257110595703,7.108509063720703,1,-1,-1,-1
301,3,131.5096893310547,312.831298828125,45.767478942871094,14.162581443786621,1,-1,-1,-1
321,1,381.17889404296875,251.855224609375,25.0202579498291,9.518378257751465,1,-1,-1,-1
321,3,152.38331604003906,324.7747497558594,38.156944274902344,13.706055641174316,1,-1,-1,-1
341,1,396.34796142578125,258.4073486328125,24.814334869384766,8.940656661987305,1,-1,-1,-1
341,3,177.00173950195312,335.9609680175781,31.48036766052246,11.65234088897705,1,-1,-1,-1
361,1,448.5339660644531,226.59324645996094,26.699684143066406,9.704832077026367,1,-1,-1,-1
361,3,177.59576416015625,271.572998046875,29.394561767578125,9.17446231842041,1,-1,-1,-1
381,1,486.1389465332031,198.74691772460938,24.895048141479492,10.729368209838867,1,-1,-1,-1
381,3,183.50196838378906,265.6947326660156,30.569534301757812,8.828479766845703,1,-1,-1,-1
401,1,485.21600341796875,199.03964233398438,28.37268829345703,9.177399635314941,1,-1,-1,-1
401,3,186.18362426757812,236.067138671875,26.82292938232422,8.751911163330078,1,-1,-1,-1
421,3,194.61972045898438,237.29566955566406,23.213680267333984,8.129159927368164,1,-1,-1,-1
421,1,447.82293701171875,217.41488647460938,22.96209716796875,13.72338581085205,1,-1,-1,-1
441,3,198.9205322265625,254.35830688476562,21.643959045410156,7.710195541381836,1,-1,-1,-1
461,1,340.9220886230469,282.405029296875,22.407142639160156,8.65546989440918,1,-1,-1,-1
461,3,201.2445068359375,257.3934326171875,23.060699462890625,7.689366340637207,1,-1,-1,-1
481,1,322.4102478027344,293.6532897949219,20.81106948852539,8.022004127502441,1,-1,-1,-1
481,3,198.43197631835938,257.716064453125,22.29715347290039,7.859179973602295,1,-1,-1,-1
501,1,326.9314270019531,281.2117919921875,20.8817138671875,8.59913158416748,1,-1,-1,-1
501,3,202.77297973632812,267.0831604003906,22.729576110839844,7.660795211791992,1,-1,-1,-1
521,1,356.2977294921875,226.25665283203125,16.42498779296875,7.572776794433594,1,-1,-1,-1
521,3,203.21420288085938,271.98394775390625,20.676298141479492,7.567802429199219,1,-1,-1,-1
541,1,401.9140319824219,151.1642608642578,25.32819938659668,9.762691497802734,1,-1,-1,-1
561,3,217.44732666015625,296.5138244628906,19.972524642944336,7.6719865798950195,1,-1,-1,-1
561,1,456.6083068847656,56.0334587097168,29.12855339050293,22.51320457458496,1,-1,-1,-1
581,1,393.2882385253906,56.249141693115234,33.16512680053711,18.958621978759766,1,-1,-1,-1
581,3,212.28536987304688,274.7805480957031,18.542325973510742,7.33997917175293,1,-1,-1,-1
601,1,299.3847351074219,78.2048568725586,31.462921142578125,18.006019592285156,1,-1,-1,-1
601,3,219.38229370117188,271.744140625,19.134843826293945,7.301788806915283,1,-1,-1,-1
621,3,254.8881378173828,272.32159423828125,17.577802658081055,7.18062162399292,1,-1,-1,-1
621,1,306.8957214355469,92.68656158447266,30.426347732543945,16.423755645751953,1,-1,-1,-1
641,3,312.97503662109375,272.6382751464844,18.37420654296875,7.350271224975586,1,-1,-1,-1
641,1,365.5023193359375,110.42314147949219,27.44442367553711,10.006596565246582,1,-1,-1,-1
661,1,388.37347412109375,159.3904571533203,28.54107093811035,7.8668084144592285,1,-1,-1,-1
661,3,363.76727294921875,269.5728454589844,16.988569259643555,6.734190464019775,1,-1,-1,-1
681,3,379.6476745605469,269.625732421875,19.518341064453125,7.2798333168029785,1,-1,-1,-1
681,1,398.01995849609375,230.48043823242188,31.106355667114258,9.273478507995605,1,-1,-1,-1
701,1,406.9072265625,268.3030090332031,28.125761032104492,9.067373275756836,1,-1,-1,-1
721,1,381.2566833496094,267.9172058105469,25.488685607910156,8.528656005859375,1,-1,-1,-1
721,3,423.1189270019531,266.821533203125,18.95572853088379,7.742377281188965,1,-1,-1,-1
741,1,260.7787170410156,266.78717041015625,28.52237319946289,10.853550910949707,1,-1,-1,-1
741,3,438.093505859375,256.1388244628906,19.175342559814453,7.668485164642334,1,-1,-1,-1
761,1,69.82344818115234,264.4137268066406,31.425893783569336,13.523239135742188,1,-1,-1,-1
761,3,446.25531005859375,244.25718688964844,17.744319915771484,7.233060836791992,1,-1,-1,-1
781,3,410.0726318359375,241.97787475585938,17.59933090209961,7.202269077301025,1,-1,-1,-1
801,3,392.8873291015625,269.36810302734375,17.01644515991211,6.852272987365723,1,-1,-1,-1
801,1,-0.43406426906585693,275.238525390625,18.87972068786621,8.499123573303223,1,-1,-1,-1
821,3,384.3914489746094,289.76092529296875,22.48011589050293,7.966700077056885,1,-1,-1,-1
821,1,101.33879852294922,276.458251953125,28.338462829589844,10.359869003295898,1,-1,-1,-1
841,1,216.094970703125,279.8067932128906,25.37607192993164,9.303412437438965,1,-1,-1,-1
841,3,388.4376525878906,288.06439208984375,17.927566528320312,6.719912052154541,1,-1,-1,-1
861,3,380.79095458984375,287.3917541503906,22.723251342773438,7.4073991775512695,1,-1,-1,-1
861,1,336.83819580078125,281.2602233886719,25.7382869720459,8.44007396697998,1,-1,-1,-1
881,3,381.4738464355469,288.72412109375,21.44692611694336,7.973634719848633,1,-1,-1,-1
881,13,497.0005798339844,282.00701904296875,30.04460906982422,10.44433307647705,1,-1,-1,-1
901,3,342.41961669921875,290.872802734375,20.047260284423828,7.54868745803833,1,-1,-1,-1
901,33,593.872802734375,283.8661804199219,14.726903915405273,5.546647548675537,1,-1,-1,-1
921,38,584.3008422851562,283.3380126953125,22.98450469970703,9.00903606414795,1,-1,-1,-1
921,3,258.8951416015625,293.7948913574219,18.70575523376465,7.268357753753662,1,-1,-1,-1
941,38,510.3330993652344,285.1348571777344,26.82568359375,11.07717514038086,1,-1,-1,-1
941,3,188.51998901367188,294.731689453125,19.784542083740234,7.043827533721924,1,-1,-1,-1
961,38,376.1033935546875,287.2305603027344,20.96320915222168,7.251384735107422,1,-1,-1,-1
961,3,174.6835479736328,294.8985900878906,21.374462127685547,7.247252941131592,1,-1,-1,-1
981,3,181.69525146484375,295.1292419433594,20.163137435913086,7.380202770233154,1,-1,-1,-1
981,38,248.07586669921875,294.5123596191406,19.868967056274414,6.926514625549316,1,-1,-1,-1
1001,3,215.39810180664062,298.5002136230469,23.065881729125977,8.561455726623535,1,-1,-1,-1
1021,38,322.97125244140625,294.1941833496094,17.805522918701172,7.264902591705322,1,-1,-1,-1
1021,3,249.33334350585938,298.966552734375,23.17618179321289,8.232856750488281,1,-1,-1,-1
1041,38,402.1534729003906,292.10833740234375,17.467121124267578,8.045087814331055,1,-1,-1,-1
1041,3,263.51361083984375,294.32476806640625,22.558589935302734,7.864376068115234,1,-1,-1,-1
1061,38,432.30364990234375,284.23919677734375,26.043743133544922,9.249613761901855,1,-1,-1,-1
1061,3,264.8844909667969,191.7513427734375,16.197067260742188,4.170454025268555,1,-1,-1,-1
1081,3,263.972412109375,140.73289489746094,17.4716796875,5.318195343017578,1,-1,-1,-1
1081,38,467.54376220703125,261.3961486816406,22.845029830932617,7.777221202850342,1,-1,-1,-1
1101,3,261.4845886230469,177.50827026367188,17.21839714050293,5.233520984649658,1,-1,-1,-1
1121,3,259.5245666503906,242.0008544921875,16.347728729248047,6.758967399597168,1,-1,-1,-1
1121,38,496.8966979980469,236.70497131347656,22.70787239074707,8.735283851623535,1,-1,-1,-1
1141,3,260.2546081542969,274.278564453125,21.931169509887695,7.780383586883545,1,-1,-1,-1
1141,38,454.94586181640625,236.81954956054688,29.53457260131836,8.332012176513672,1,-1,-1,-1
1161,38,452.45086669921875,224.90728759765625,24.333789825439453,8.419402122497559,1,-1,-1,-1
1161,3,259.7016906738281,274.0652770996094,26.17009162902832,8.798717498779297,1,-1,-1,-1
1181,38,472.5792236328125,187.11660766601562,32.807167053222656,9.81933879852295,1,-1,-1,-1
1181,3,266.64794921875,269.4260559082031,22.764755249023438,8.69507122039795,1,-1,-1,-1
1201,38,471.338134765625,152.21287536621094,38.18073654174805,15.83230209350586,1,-1,-1,-1
1201,3,279.0692138671875,251.26608276367188,27.958688735961914,9.137138366699219,1,-1,-1,-1
1221,38,415.28790283203125,141.42881774902344,42.3817253112793,18.890140533447266,1,-1,-1,-1
1221,3,300.0168151855469,211.4652557373047,35.24247741699219,20.21176528930664,1,-1,-1,-1
1241,38,468.8223876953125,141.31588745117188,42.41611862182617,19.03011131286621,1,-1,-1,-1
1241,3,305.9262390136719,214.73538208007812,33.3830680847168,13.911011695861816,1,-1,-1,-1
1261,38,596.5497436523438,144.40040588378906,43.052452087402344,16.924596786499023,1,-1,-1,-1
1261,3,269.24810791015625,247.43170166015625,27.242639541625977,10.780661582946777,1,-1,-1,-1
1281,38,618.2007446289062,155.03976440429688,21.412508010864258,9.205839157104492,1,-1,-1,-1
1281,3,244.48019409179688,277.66387939453125,24.348037719726562,9.133813858032227,1,-1,-1,-1
1301,38,584.3089599609375,155.8475341796875,34.26276397705078,12.09170150756836,1,-1,-1,-1
1301,3,240.86782836914062,285.1129150390625,21.23883819580078,8.115439414978027,1,-1,-1,-1
1321,3,240.44244384765625,285.2771911621094,19.377243041992188,7.384459495544434,1,-1,-1,-1
1321,38,547.0065307617188,160.0581512451172,35.46775817871094,9.439043998718262,1,-1,-1,-1
1341,38,562.7125854492188,116.38587951660156,53.29640197753906,21.491235733032227,1,-1,-1,-1
1341,3,239.5413055419922,274.3138427734375,18.30278778076172,7.376135349273682,1,-1,-1,-1
1361,38,588.7787475585938,145.2105712890625,49.5035514831543,15.85726547241211,1,-1,-1,-1
1361,3,238.55149841308594,232.0766143798828,20.436704635620117,9.105960845947266,1,-1,-1,-1
1381,38,595.4227905273438,227.79452514648438,41.904396057128906,11.467751502990723,1,-1,-1,-1
1381,3,248.8882293701172,183.62490844726562,21.251415252685547,11.852484703063965,1,-1,-1,-1
1401,3,255.1859130859375,168.66822814941406,21.303848266601562,7.388337135314941,1,-1,-1,-1
1401,38,591.1979370117188,280.0964660644531,46.910484313964844,13.78097915649414,1,-1,-1,-1
1421,3,253.6988983154297,172.356201171875,19.85376739501953,6.027231216430664,1,-1,-1,-1
1421,38,588.5730590820312,292.8843688964844,51.052860260009766,14.783500671386719,1,-1,-1,-1
1441,3,253.41546630859375,172.36082458496094,19.964296340942383,5.470641613006592,1,-1,-1,-1
1441,38,581.9691162109375,293.119384765625,57.49284744262695,17.287704467773438,1,-1,-1,-1
1461,38,543.8152465820312,293.93548583984375,60.57544708251953,13.380208969116211,1,-1,-1,-1
1461,3,252.89279174804688,169.95384216308594,19.4752197265625,5.7656331062316895,1,-1,-1,-1
1481,3,253.35687255859375,168.42581176757812,20.30529022216797,7.780725002288818,1,-1,-1,-1
1481,38,491.94696044921875,294.5278015136719,48.68757629394531,13.816254615783691,1,-1,-1,-1
1501,38,389.94866943359375,297.81121826171875,47.25028610229492,11.98186206817627,1,-1,-1,-1
1501,3,287.9035339355469,169.29345703125,20.935352325439453,9.564491271972656,1,-1,-1,-1
1521,3,359.1950988769531,172.01370239257812,19.996143341064453,5.519410610198975,1,-1,-1,-1
1521,38,252.67752075195312,300.8730773925781,50.97824478149414,12.002787590026855,1,-1,-1,-1
1541,3,441.978515625,150.3833770751953,25.125043869018555,5.426513195037842,1,-1,-1,-1
1541,38,148.72280883789062,302.2059631347656,42.583065032958984,12.40853500366211,1,-1,-1,-1
1561,3,532.483642578125,97.3059310913086,32.808326721191406,14.907976150512695,1,-1,-1,-1
1581,38,138.85354614257812,258.3958740234375,46.06883239746094,14.415520668029785,1,-1,-1,-1
1581,3,522.9867553710938,104.93563079833984,31.30245018005371,17.242694854736328,1,-1,-1,-1
1601,3,464.7267150878906,159.05487060546875,22.483116149902344,7.9259209632873535,1,-1,-1,-1
1601,38,181.0499267578125,286.5328369140625,32.06342315673828,9.288322448730469,1,-1,-1,-1
1621,3,423.6141357421875,191.29464721679688,17.915016174316406,5.23293399810791,1,-1,-1,-1
1621,38,191.5802001953125,292.0400695800781,27.882427215576172,9.942577362060547,1,-1,-1,-1
1641,3,413.36041259765625,195.6896514892578,16.329334259033203,5.087148189544678,1,-1,-1,-1
1641,38,178.034912109375,294.1534729003906,28.746097564697266,9.400168418884277,1,-1,-1,-1
1661,3,399.1342468261719,200.28445434570312,17.980504989624023,9.381900787353516,1,-1,-1,-1
1661,38,156.3385772705078,269.2365417480469,27.902023315429688,8.321234703063965,1,-1,-1,-1
1681,3,374.60662841796875,220.47183227539062,17.722854614257812,7.848771095275879,1,-1,-1,-1
1681,38,148.99945068359375,247.41961669921875,30.651037216186523,11.013456344604492,1,-1,-1,-1
1701,3,363.8624267578125,224.99169921875,16.41010856628418,7.711568355560303,1,-1,-1,-1
1701,38,164.02366638183594,267.4947814941406,24.151601791381836,8.982796669006348,1,-1,-1,-1
1721,3,360.8465576171875,263.4701232910156,20.902158737182617,8.576960563659668,1,-1,-1,-1
1721,38,182.1452178955078,285.5483703613281,22.29436683654785,9.207208633422852,1,-1,-1,-1
1741,3,370.544921875,283.24188232421875,24.72967529296875,9.077924728393555,1,-1,-1,-1
1741,38,175.40484619140625,282.5069885253906,21.561073303222656,7.613114833831787,1,-1,-1,-1
1761,38,174.76808166503906,235.3241729736328,22.422578811645508,8.145788192749023,1,-1,-1,-1
1761,3,422.083251953125,260.164306640625,18.99030303955078,7.371626377105713,1,-1,-1,-1
1781,38,177.1994171142578,228.3170928955078,22.85388946533203,8.59084701538086,1,-1,-1,-1
1781,3,464.64788818359375,226.4881591796875,30.136022567749023,11.812504768371582,1,-1,-1,-1
1801,38,185.582275390625,226.98257446289062,25.277626037597656,9.23066234588623,1,-1,-1,-1
1801,3,481.7455749511719,222.99510192871094,27.943334579467773,9.59514045715332,1,-1,-1,-1
1821,38,178.1358184814453,212.0318145751953,22.967071533203125,9.45331859588623,1,-1,-1,-1
1821,3,555.75,163.75225830078125,45.02324676513672,23.156169891357422,1,-1,-1,-1
1841,3,583.4705200195312,147.32154846191406,48.78913497924805,12.522359848022461,1,-1,-1,-1
1841,38,173.61825561523438,223.0279541015625,19.269725799560547,6.896054744720459,1,-1,-1,-1
1861,38,159.32138061523438,242.2403564453125,23.29604721069336,8.899760246276855,1,-1,-1,-1
1861,3,561.8052978515625,90.19116973876953,48.38056564331055,24.294118881225586,1,-1,-1,-1
1881,38,128.58309936523438,243.27511596679688,27.48708724975586,10.411956787109375,1,-1,-1,-1
1881,3,524.621826171875,34.82941818237305,41.126068115234375,20.951814651489258,1,-1,-1,-1
1901,3,389.4761657714844,37.04414749145508,36.9321403503418,20.75067901611328,1,-1,-1,-1
1901,38,105.84636688232422,284.6923828125,28.60999298095703,9.632320404052734,1,-1,-1,-1
1921,38,86.8055648803711,294.2043762207031,29.30199432373047,9.525195121765137,1,-1,-1,-1
1921,3,160.77487182617188,32.74529266357422,42.04418182373047,28.157188415527344,1,-1,-1,-1
1941,38,85.1650161743164,294.13360595703125,33.2939338684082,9.834071159362793,1,-1,-1,-1
1941,3,64.70506286621094,34.15811538696289,44.07468795776367,27.832408905029297,1,-1,-1,-1
1961,38,115.7064437866211,295.9621887207031,32.72267150878906,11.459247589111328,1,-1,-1,-1
1961,3,118.73188018798828,49.359073638916016,41.15753936767578,24.185054779052734,1,-1,-1,-1
1981,38,213.39813232421875,294.9280090332031,27.408437728881836,9.678935050964355,1,-1,-1,-1
1981,3,278.37603759765625,75.08979034423828,36.186092376708984,18.218017578125,1,-1,-1,-1
2001,38,377.5899658203125,291.87481689453125,27.26210594177246,10.958603858947754,1,-1,-1,-1
2001,3,455.9114074707031,89.38924407958984,34.645145416259766,16.723670959472656,1,-1,-1,-1
2021,38,472.9284973144531,291.32476806640625,29.36582374572754,11.905030250549316,1,-1,-1,-1
2021,3,492.2060852050781,93.41993713378906,35.89556884765625,12.854981422424316,1,-1,-1,-1
2041,38,466.25982666015625,293.2640075683594,27.06801414489746,9.048623085021973,1,-1,-1,-1
2041,3,422.6409606933594,86.01504516601562,37.71223449707031,12.948431968688965,1,-1,-1,-1
2061,38,458.60467529296875,296.88818359375,27.235553741455078,11.186091423034668,1,-1,-1,-1
2061,3,323.0498046875,77.91907501220703,41.634490966796875,17.208721160888672,1,-1,-1,-1
2081,3,279.0981750488281,78.28224182128906,31.520273208618164,15.125048637390137,1,-1,-1,-1
2081,38,436.5580749511719,311.491943359375,21.14048194885254,7.789699554443359,1,-1,-1,-1
2101,3,238.14471435546875,78.46142578125,35.80952072143555,17.324132919311523,1,-1,-1,-1
2101,38,412.20343017578125,319.7646484375,25.551931381225586,8.767265319824219,1,-1,-1,-1
2121,3,233.4535369873047,82.26792907714844,36.68775939941406,14.907153129577637,1,-1,-1,-1
2121,38,406.26104736328125,320.5341796875,22.418109893798828,8.033186912536621,1,-1,-1,-1
2122,3,230.06878662109375,81.2010269165039,36.212677001953125,16.18140411376953,1,-1,-1,-1
2122,38,407.9610900878906,320.55029296875,20.765478134155273,7.888249397277832,1,-1,-1,-1
