1,0,394.46270751953125,54.10514831542969,9.728074073791504,4.856141567230225,1,-1,-1,-1
1,1,73.94796752929688,9.151590347290039,7.306493759155273,4.688424110412598,1,-1,-1,-1
1,2,308.7445373535156,154.1057586669922,9.0830078125,4.259819030761719,1,-1,-1,-1
21,2,307.8335876464844,157.65878295898438,10.727895736694336,4.170509338378906,1,-1,-1,-1
21,0,398.4090576171875,54.26730728149414,11.148967742919922,4.853508472442627,1,-1,-1,-1
41,0,389.3374328613281,53.52165603637695,10.369906425476074,5.442163467407227,1,-1,-1,-1
41,2,314.36944580078125,160.68409729003906,9.76650619506836,3.859100341796875,1,-1,-1,-1
61,0,381.38739013671875,53.25138854980469,10.013166427612305,4.821357250213623,1,-1,-1,-1
61,2,323.1365661621094,165.10015869140625,9.638320922851562,2.903019905090332,1,-1,-1,-1
61,4,156.9366912841797,11.95042896270752,7.868092060089111,4.662752628326416,1,-1,-1,-1
81,4,161.56417846679688,46.56017303466797,7.651381969451904,3.581331729888916,1,-1,-1,-1
81,2,332.22332763671875,168.1290283203125,8.69265365600586,3.415487289428711,1,-1,-1,-1
81,0,370.8106689453125,52.16242980957031,9.343399047851562,4.902462959289551,1,-1,-1,-1
101,0,366.1779479980469,51.30080795288086,10.812444686889648,4.58859395980835,1,-1,-1,-1
101,4,157.96731567382812,95.7125244140625,7.35075569152832,3.3359663486480713,1,-1,-1,-1
101,2,340.9442138671875,171.3050537109375,8.888941764831543,3.4462482929229736,1,-1,-1,-1
121,2,349.6463317871094,171.5907440185547,9.022985458374023,3.0097248554229736,1,-1,-1,-1
121,4,155.85519409179688,145.60223388671875,6.912578582763672,3.6820671558380127,1,-1,-1,-1
121,0,364.1711730957031,49.996788024902344,11.050835609436035,5.072745323181152,1,-1,-1,-1
141,2,356.3711853027344,168.27940368652344,9.590045928955078,3.8210253715515137,1,-1,-1,-1
141,0,368.8598327636719,48.95247268676758,10.06090259552002,4.864936828613281,1,-1,-1,-1
141,4,161.91871643066406,155.75888061523438,7.287196636199951,3.720465898513794,1,-1,-1,-1
161,2,366.4288635253906,167.00717163085938,7.701158046722412,2.885298728942871,1,-1,-1,-1
161,0,382.83770751953125,48.60662078857422,11.52039623260498,5.017575740814209,1,-1,-1,-1
161,4,192.92848205566406,155.4476318359375,7.139796733856201,3.786677598953247,1,-1,-1,-1
181,4,244.6087646484375,128.49000549316406,8.526866912841797,3.380481243133545,1,-1,-1,-1
181,2,374.3827819824219,164.29702758789062,8.192917823791504,3.268115520477295,1,-1,-1,-1
181,0,408.4541320800781,48.19522476196289,9.751188278198242,6.198159217834473,1,-1,-1,-1
201,0,404.750244140625,47.91412353515625,10.18016242980957,4.081592082977295,1,-1,-1,-1
201,2,384.0340881347656,162.27691650390625,8.10366439819336,3.7557694911956787,1,-1,-1,-1
201,4,275.64727783203125,68.1340103149414,7.249190807342529,4.892468452453613,1,-1,-1,-1
221,0,406.04107666015625,50.81059646606445,11.027271270751953,4.435831069946289,1,-1,-1,-1
221,2,388.6819763183594,160.88571166992188,9.57239055633545,3.2456023693084717,1,-1,-1,-1
221,4,282.08123779296875,11.84871768951416,7.3121442794799805,4.2388505935668945,1,-1,-1,-1
241,0,407.44122314453125,59.48326873779297,10.452170372009277,5.270209312438965,1,-1,-1,-1
241,2,394.5115661621094,158.88111877441406,8.672021865844727,3.1210079193115234,1,-1,-1,-1
261,0,373.3941345214844,57.93634796142578,11.426911354064941,4.417155742645264,1,-1,-1,-1
261,2,401.3188171386719,155.30613708496094,9.467004776000977,3.590859889984131,1,-1,-1,-1
281,0,347.10223388671875,54.42501449584961,10.738659858703613,5.025546550750732,1,-1,-1,-1
281,2,408.8455810546875,151.6621551513672,8.648040771484375,3.2515859603881836,1,-1,-1,-1
301,2,417.14727783203125,145.94554138183594,9.874405860900879,3.7013649940490723,1,-1,-1,-1
301,21,348.2046203613281,54.196533203125,10.627394676208496,4.301222801208496,1,-1,-1,-1
301,0,281.08837890625,27.01155662536621,7.064621925354004,4.0551652908325195,1,-1,-1,-1
321,2,417.3475341796875,144.77980041503906,9.43673038482666,3.3746178150177,1,-1,-1,-1
321,25,351.197509765625,53.7690544128418,9.041129112243652,4.963004112243652,1,-1,-1,-1
321,0,279.8087158203125,70.67436981201172,6.688187122344971,3.282360553741455,1,-1,-1,-1
341,25,351.3341064453125,54.95707702636719,10.156375885009766,3.7886061668395996,1,-1,-1,-1
341,2,404.7113037109375,147.99281311035156,9.524616241455078,3.05350923538208,1,-1,-1,-1
341,0,277.60040283203125,121.53437805175781,8.173368453979492,4.238646984100342,1,-1,-1,-1
361,25,350.19061279296875,54.14190673828125,9.956876754760742,4.703312873840332,1,-1,-1,-1
361,0,271.3302917480469,164.2971954345703,6.60004997253418,4.634331226348877,1,-1,-1,-1
361,2,377.81591796875,143.75868225097656,11.076410293579102,3.051591157913208,1,-1,-1,-1
381,0,230.48118591308594,171.07138061523438,7.5813093185424805,3.7028603553771973,1,-1,-1,-1
381,2,349.3220520019531,141.4789276123047,10.077827453613281,4.451838970184326,1,-1,-1,-1
381,25,349.9821472167969,54.0583610534668,9.722771644592285,4.515886306762695,1,-1,-1,-1
401,0,164.78956604003906,169.82989501953125,7.335727214813232,4.030406475067139,1,-1,-1,-1
401,25,339.2967224121094,56.534324645996094,8.611435890197754,4.567601680755615,1,-1,-1,-1
401,2,311.86376953125,140.45620727539062,9.871805191040039,4.059015274047852,1,-1,-1,-1
421,0,81.71931457519531,167.42498779296875,8.132071495056152,3.3613288402557373,1,-1,-1,-1
421,2,271.3912353515625,136.49256896972656,10.40849494934082,4.569690704345703,1,-1,-1,-1
421,25,301.95306396484375,55.19425582885742,10.560596466064453,5.036520481109619,1,-1,-1,-1
441,2,251.7201385498047,136.08274841308594,11.475152969360352,4.066466331481934,1,-1,-1,-1
441,25,323.51348876953125,58.821285247802734,10.08816146850586,4.369396209716797,1,-1,-1,-1
441,0,21.6444034576416,176.0570068359375,7.470751762390137,5.061592102050781,1,-1,-1,-1
461,2,254.72776794433594,138.7862548828125,11.572656631469727,4.050012111663818,1,-1,-1,-1
461,25,380.1301574707031,62.154014587402344,9.695642471313477,5.316564083099365,1,-1,-1,-1
461,0,9.724695205688477,177.8002471923828,8.886103630065918,3.1741750240325928,1,-1,-1,-1
481,0,13.910517692565918,144.49375915527344,8.014852523803711,3.445976734161377,1,-1,-1,-1
481,25,380.51507568359375,60.991180419921875,9.189964294433594,5.506082057952881,1,-1,-1,-1
481,2,256.7952880859375,151.61473083496094,11.508570671081543,3.7908339500427246,1,-1,-1,-1
501,0,24.03824234008789,135.22715759277344,7.745250701904297,4.0386223793029785,1,-1,-1,-1
501,25,320.8199462890625,57.93675994873047,10.439362525939941,4.5070343017578125,1,-1,-1,-1
501,2,255.7869110107422,159.36891174316406,10.458712577819824,3.9338812828063965,1,-1,-1,-1
521,25,274.8576354980469,52.117393493652344,9.886261940002441,6.941169261932373,1,-1,-1,-1
521,2,255.9942626953125,164.82276916503906,10.676878929138184,4.129444122314453,1,-1,-1,-1
521,0,61.82063674926758,135.49307250976562,8.116363525390625,4.196555137634277,1,-1,-1,-1
541,2,256.4473876953125,164.17674255371094,10.828189849853516,3.542772054672241,1,-1,-1,-1
541,25,294.48101806640625,52.850101470947266,10.441384315490723,5.530148983001709,1,-1,-1,-1
541,0,122.36109924316406,135.44187927246094,7.498246192932129,3.7275006771087646,1,-1,-1,-1
561,2,256.3988037109375,160.3245849609375,10.741096496582031,4.2086663246154785,1,-1,-1,-1
561,25,302.3108215332031,54.01579666137695,11.597837448120117,4.461239337921143,1,-1,-1,-1
561,0,200.58154296875,135.390869140625,6.1352925300598145,3.448558807373047,1,-1,-1,-1
581,25,305.30145263671875,53.42139434814453,11.196718215942383,4.870453357696533,1,-1,-1,-1
581,0,256.83477783203125,133.7283935546875,6.920516014099121,6.091907024383545,1,-1,-1,-1
581,2,256.31646728515625,155.74630737304688,11.246160507202148,4.136625289916992,1,-1,-1,-1
601,25,306.0732421875,52.6052360534668,11.190739631652832,5.166692733764648,1,-1,-1,-1
601,2,258.1038513183594,150.9876251220703,11.90727424621582,4.518127918243408,1,-1,-1,-1
601,0,279.91107177734375,135.20567321777344,6.294979572296143,3.361652374267578,1,-1,-1,-1
621,2,261.3450012207031,146.49337768554688,12.460250854492188,4.271033763885498,1,-1,-1,-1
621,25,304.5699768066406,51.649356842041016,11.542604446411133,5.39243221282959,1,-1,-1,-1
621,0,308.2947082519531,135.5101318359375,7.319268703460693,3.388962745666504,1,-1,-1,-1
641,25,289.01837158203125,49.613807678222656,10.422124862670898,6.187844753265381,1,-1,-1,-1
641,2,267.490966796875,141.98887634277344,13.185443878173828,5.286031246185303,1,-1,-1,-1
641,0,358.5840148925781,136.37710571289062,7.577269554138184,3.4090216159820557,1,-1,-1,-1
661,2,273.6005859375,140.4518585205078,13.11948013305664,4.3516058921813965,1,-1,-1,-1
661,25,218.4005126953125,44.34125900268555,11.627584457397461,6.123112201690674,1,-1,-1,-1
661,0,418.56195068359375,137.9647216796875,7.364354610443115,3.3756959438323975,1,-1,-1,-1
681,2,279.9250183105469,137.20082092285156,14.382124900817871,4.72655725479126,1,-1,-1,-1
681,0,473.53790283203125,169.4904327392578,9.125627517700195,3.7491652965545654,1,-1,-1,-1
681,25,188.470947265625,40.018829345703125,9.555397987365723,6.63540506362915,1,-1,-1,-1
701,2,285.274658203125,132.40890502929688,13.759016036987305,4.586941719055176,1,-1,-1,-1
701,0,493.33575439453125,193.6017608642578,8.20504379272461,3.3734800815582275,1,-1,-1,-1
701,25,236.8094024658203,40.9941291809082,11.25075912475586,4.933457374572754,1,-1,-1,-1
721,25,281.0715026855469,40.812034606933594,10.430621147155762,5.298760414123535,1,-1,-1,-1
721,0,495.59442138671875,172.4191436767578,8.780170440673828,4.020098686218262,1,-1,-1,-1
721,2,290.30255126953125,126.16978454589844,13.681241989135742,5.589406967163086,1,-1,-1,-1
741,25,284.6490783691406,40.28056335449219,10.869803428649902,5.74896240234375,1,-1,-1,-1
741,0,497.05499267578125,153.06358337402344,9.83670425415039,3.6448795795440674,1,-1,-1,-1
741,2,292.625244140625,125.50252532958984,13.99079418182373,4.944514274597168,1,-1,-1,-1
761,25,276.2621765136719,39.89169692993164,11.166020393371582,4.488331317901611,1,-1,-1,-1
761,0,497.5472412109375,151.6366424560547,10.469819068908691,4.035506725311279,1,-1,-1,-1
761,2,292.69219970703125,130.7148895263672,14.020078659057617,4.254418849945068,1,-1,-1,-1
781,25,276.7546691894531,38.378448486328125,11.032068252563477,5.431637763977051,1,-1,-1,-1
781,0,497.0231628417969,151.580078125,10.760719299316406,3.777284860610962,1,-1,-1,-1
781,2,292.8386535644531,135.15829467773438,13.445489883422852,4.687799453735352,1,-1,-1,-1
801,25,276.81927490234375,38.559268951416016,11.856856346130371,5.222228527069092,1,-1,-1,-1
801,0,494.2317199707031,151.5950927734375,9.378145217895508,3.688408613204956,1,-1,-1,-1
801,2,292.5480041503906,143.26812744140625,13.958984375,4.566137790679932,1,-1,-1,-1
821,0,487.92938232421875,151.3453369140625,8.872772216796875,3.618232488632202,1,-1,-1,-1
821,2,291.75128173828125,153.65798950195312,14.995010375976562,4.33054256439209,1,-1,-1,-1
821,25,268.83380126953125,37.954776763916016,11.587700843811035,6.385349273681641,1,-1,-1,-1
841,0,473.4740905761719,150.8007049560547,6.695983409881592,3.29392409324646,1,-1,-1,-1
841,25,207.845703125,35.0566291809082,10.11507511138916,5.1357526779174805,1,-1,-1,-1
841,2,292.8751220703125,160.585205078125,14.420446395874023,4.558743953704834,1,-1,-1,-1
861,0,450.6319885253906,150.57432556152344,7.947168827056885,3.356933116912842,1,-1,-1,-1
861,2,297.246337890625,163.93484497070312,14.489392280578613,5.135724067687988,1,-1,-1,-1
861,25,176.94808959960938,31.265777587890625,10.638664245605469,6.654717922210693,1,-1,-1,-1
881,0,425.4136657714844,149.46795654296875,9.086684226989746,3.719517707824707,1,-1,-1,-1
881,2,306.43634033203125,168.4490509033203,13.872575759887695,4.528766632080078,1,-1,-1,-1
881,25,227.93624877929688,32.01829528808594,10.366302490234375,6.074178218841553,1,-1,-1,-1
901,2,317.56903076171875,172.44537353515625,13.689464569091797,4.373844146728516,1,-1,-1,-1
901,0,402.630615234375,149.74276733398438,7.36543083190918,2.954270839691162,1,-1,-1,-1
901,25,248.73538208007812,32.44147872924805,11.973493576049805,6.094534873962402,1,-1,-1,-1
921,25,204.8749542236328,30.50604820251465,10.458349227905273,5.839694976806641,1,-1,-1,-1
921,0,381.8377380371094,149.0475616455078,7.229372024536133,3.94911527633667,1,-1,-1,-1
921,2,327.76348876953125,174.0426025390625,15.742868423461914,4.41538143157959,1,-1,-1,-1
941,0,374.7172546386719,149.4761199951172,7.052618026733398,3.656419515609741,1,-1,-1,-1
941,25,184.0982666015625,29.55203628540039,13.002607345581055,5.785090923309326,1,-1,-1,-1
941,2,338.384765625,175.97532653808594,16.54297637939453,4.2974019050598145,1,-1,-1,-1
961,2,348.63720703125,175.3623046875,15.109392166137695,4.604222774505615,1,-1,-1,-1
961,25,194.6630096435547,29.237682342529297,11.977916717529297,5.458155155181885,1,-1,-1,-1
961,0,375.7965393066406,149.6381072998047,7.624309539794922,3.152766704559326,1,-1,-1,-1
981,2,357.72784423828125,176.60678100585938,13.987911224365234,4.327642440795898,1,-1,-1,-1
981,0,375.71240234375,150.26528930664062,7.109994411468506,3.4978599548339844,1,-1,-1,-1
981,25,193.00050354003906,29.54256820678711,13.539608001708984,5.209132671356201,1,-1,-1,-1
1001,2,364.2955322265625,178.6048583984375,14.28959846496582,4.045516014099121,1,-1,-1,-1
1001,0,371.85943603515625,150.42239379882812,6.8358964920043945,3.68062686920166,1,-1,-1,-1
1001,25,193.20040893554688,29.66606903076172,12.29104232788086,5.139664649963379,1,-1,-1,-1
1021,2,369.21240234375,180.724609375,14.865592956542969,4.355578422546387,1,-1,-1,-1
1021,0,360.5523681640625,150.71327209472656,6.762604713439941,3.235185384750366,1,-1,-1,-1
1021,25,192.20726013183594,29.781631469726562,13.331737518310547,5.276711463928223,1,-1,-1,-1
1041,2,374.98992919921875,181.38816833496094,14.78156852722168,4.386180400848389,1,-1,-1,-1
1041,0,344.0986328125,150.57162475585938,7.576148509979248,3.247083902359009,1,-1,-1,-1
1041,25,193.7342987060547,29.699800491333008,12.03676700592041,5.225471019744873,1,-1,-1,-1
1061,2,381.040283203125,177.96173095703125,14.892931938171387,4.74863862991333,1,-1,-1,-1
1061,0,324.2396545410156,159.00123596191406,6.698119163513184,3.1961820125579834,1,-1,-1,-1
1061,25,205.1593780517578,29.89949607849121,12.021819114685059,5.033177375793457,1,-1,-1,-1
1081,2,389.55401611328125,173.70933532714844,16.950929641723633,4.025859832763672,1,-1,-1,-1
1081,25,230.01431274414062,26.880199432373047,13.150242805480957,5.419251918792725,1,-1,-1,-1
1081,0,302.0692138671875,173.8403778076172,7.822815895080566,3.1308062076568604,1,-1,-1,-1
1101,2,396.46197509765625,168.93836975097656,13.82568359375,4.02560567855835,1,-1,-1,-1
1101,0,277.25347900390625,187.27410888671875,7.56023645401001,3.135261058807373,1,-1,-1,-1
1121,2,401.04058837890625,163.56060791015625,15.538268089294434,4.40816068649292,1,-1,-1,-1
1121,0,253.02627563476562,200.62429809570312,8.382957458496094,3.2432949542999268,1,-1,-1,-1
1141,0,228.96620178222656,212.81350708007812,7.16159725189209,3.387362480163574,1,-1,-1,-1
1141,2,401.1543273925781,161.85813903808594,12.984848976135254,4.784176349639893,1,-1,-1,-1
1161,2,397.5544738769531,162.50656127929688,15.346702575683594,5.607072353363037,1,-1,-1,-1
1161,0,204.49691772460938,225.9040985107422,7.285100936889648,2.9255688190460205,1,-1,-1,-1
1181,2,392.543212890625,166.41473388671875,13.681346893310547,4.544217586517334,1,-1,-1,-1
1181,26,229.21035766601562,16.065073013305664,12.316254615783691,6.7802581787109375,1,-1,-1,-1
1181,0,177.76229858398438,239.76283264160156,8.176031112670898,2.7011847496032715,1,-1,-1,-1
1201,2,386.8578796386719,171.07081604003906,14.313325881958008,4.827923774719238,1,-1,-1,-1
1201,26,194.79647827148438,12.105074882507324,11.580171585083008,7.40939998626709,1,-1,-1,-1
1201,0,154.00341796875,235.75282287597656,8.580573081970215,2.9810807704925537,1,-1,-1,-1
1221,2,382.5589599609375,176.67974853515625,12.23294448852539,3.90407133102417,1,-1,-1,-1
1221,26,225.03125,10.585139274597168,14.589290618896484,7.180610656738281,1,-1,-1,-1
1221,0,133.72764587402344,221.7923583984375,7.533239364624023,3.1983642578125,1,-1,-1,-1
1241,2,378.5075378417969,181.87168884277344,11.926916122436523,3.8384315967559814,1,-1,-1,-1
1241,26,236.09423828125,9.650485038757324,12.24691390991211,6.255805492401123,1,-1,-1,-1
1241,0,115.52653503417969,204.44078063964844,7.702703952789307,2.8228282928466797,1,-1,-1,-1
1261,2,373.9862365722656,185.15289306640625,12.738080978393555,4.126337051391602,1,-1,-1,-1
1261,26,261.00341796875,9.272045135498047,12.504531860351562,7.204808235168457,1,-1,-1,-1
1261,0,99.75038146972656,182.94866943359375,8.14754867553711,2.919267416000366,1,-1,-1,-1
1281,0,85.56105041503906,163.96710205078125,8.370607376098633,3.900728225708008,1,-1,-1,-1
1281,2,369.21697998046875,184.36865234375,11.065509796142578,3.983501434326172,1,-1,-1,-1
1281,26,266.1664123535156,8.370514869689941,11.51223373413086,6.146650791168213,1,-1,-1,-1
1301,0,79.80986785888672,156.41978454589844,7.94938850402832,3.6249799728393555,1,-1,-1,-1
1301,2,362.4048156738281,182.98153686523438,10.484719276428223,3.6212313175201416,1,-1,-1,-1
1301,26,249.35205078125,5.938251972198486,13.423770904541016,5.798694610595703,1,-1,-1,-1
1321,0,80.78712463378906,152.70431518554688,8.84101676940918,4.323332786560059,1,-1,-1,-1
1321,2,352.04595947265625,179.67459106445312,11.55180549621582,4.128434181213379,1,-1,-1,-1
1321,26,244.22621154785156,3.533590316772461,13.068770408630371,5.580150604248047,1,-1,-1,-1
1341,0,99.41055297851562,149.41436767578125,7.753599166870117,3.2678253650665283,1,-1,-1,-1
1341,26,234.08993530273438,1.1192593574523926,13.944396018981934,7.056851863861084,1,-1,-1,-1
1341,2,336.6400451660156,173.53271484375,11.25001049041748,3.9668285846710205,1,-1,-1,-1
1361,0,133.96900939941406,135.24444580078125,8.379546165466309,4.253992080688477,1,-1,-1,-1
1361,2,316.56512451171875,169.07293701171875,10.211236953735352,3.8943898677825928,1,-1,-1,-1
1361,26,237.067138671875,0.6897180080413818,13.438014030456543,7.023077487945557,1,-1,-1,-1
1381,0,177.2965850830078,120.9869613647461,7.536835670471191,4.311163425445557,1,-1,-1,-1
1381,2,291.7994384765625,164.59060668945312,11.01235294342041,4.445620536804199,1,-1,-1,-1
1381,26,239.88504028320312,2.0801568031311035,12.919936180114746,5.810592174530029,1,-1,-1,-1
1401,0,224.31158447265625,107.82548522949219,6.804050922393799,3.5473015308380127,1,-1,-1,-1
1401,2,265.9586486816406,161.248046875,11.532291412353516,4.543742656707764,1,-1,-1,-1
1401,26,241.83197021484375,3.1805660724639893,12.146716117858887,5.6668009757995605,1,-1,-1,-1
1421,0,273.730712890625,89.42325592041016,7.325713157653809,3.8132529258728027,1,-1,-1,-1
1421,26,240.52711486816406,1.8257156610488892,12.968057632446289,6.135106563568115,1,-1,-1,-1
1421,2,240.84100341796875,160.7048797607422,10.578103065490723,4.154112339019775,1,-1,-1,-1
1441,0,323.6939697265625,84.7039566040039,7.112901210784912,4.459008693695068,1,-1,-1,-1
1441,26,249.04031372070312,1.4457539319992065,12.929314613342285,6.653104782104492,1,-1,-1,-1
1441,2,222.2071990966797,160.02456665039062,10.152206420898438,3.6811063289642334,1,-1,-1,-1
1461,0,371.3197326660156,102.66226196289062,6.949690818786621,3.383986234664917,1,-1,-1,-1
1461,26,223.1934356689453,0.05752734839916229,10.988483428955078,6.112711429595947,1,-1,-1,-1
1461,2,220.58444213867188,156.5947265625,10.026806831359863,4.302557945251465,1,-1,-1,-1
1481,26,172.61099243164062,-0.11330538988113403,8.373147964477539,3.4796736240386963,1,-1,-1,-1
1481,0,415.6385498046875,126.17357635498047,6.599330425262451,3.47526478767395,1,-1,-1,-1
1481,2,222.2879638671875,153.05340576171875,11.106746673583984,5.105679035186768,1,-1,-1,-1
1501,0,455.8316345214844,147.97059631347656,7.878159999847412,2.88134765625,1,-1,-1,-1
1501,26,205.6163330078125,-0.29844579100608826,12.257328033447266,3.1804749965667725,1,-1,-1,-1
1501,2,223.66819763183594,149.12489318847656,9.356108665466309,3.608767509460449,1,-1,-1,-1
1521,2,222.86134338378906,144.0797882080078,11.222061157226562,4.107665538787842,1,-1,-1,-1
1521,26,250.25221252441406,-0.4196096360683441,12.393722534179688,4.700068950653076,1,-1,-1,-1
1521,0,494.340087890625,163.33786010742188,7.592190742492676,3.9178597927093506,1,-1,-1,-1
1541,2,222.11190795898438,140.87423706054688,11.821837425231934,4.389315128326416,1,-1,-1,-1
1541,26,237.130859375,-0.18771691620349884,13.95363998413086,2.399723529815674,1,-1,-1,-1
1541,0,527.92236328125,171.7946014404297,7.847714900970459,3.0223617553710938,1,-1,-1,-1
1561,2,223.66989135742188,135.26856994628906,9.536233901977539,3.984543800354004,1,-1,-1,-1
1561,0,549.8572998046875,173.9069366455078,7.9571967124938965,3.867032527923584,1,-1,-1,-1
1561,26,232.95762634277344,-0.10373267531394958,6.529291152954102,2.4801955223083496,1,-1,-1,-1
1581,2,223.17657470703125,126.34054565429688,10.546545028686523,4.745241165161133,1,-1,-1,-1
1581,26,284.00115966796875,-0.051420293748378754,8.444780349731445,3.123384475708008,1,-1,-1,-1
1581,0,552.7752075195312,176.39483642578125,7.337148189544678,3.2465779781341553,1,-1,-1,-1
1601,26,296.91571044921875,-0.11814501881599426,9.214333534240723,2.6052560806274414,1,-1,-1,-1
1601,2,223.68777465820312,119.96835327148438,10.60831069946289,4.004261016845703,1,-1,-1,-1
1601,0,543.511474609375,189.677490234375,5.839072227478027,2.663699150085449,1,-1,-1,-1
1621,2,224.12538146972656,114.03636169433594,11.188326835632324,4.607394695281982,1,-1,-1,-1
1621,0,528.2540283203125,190.8739471435547,5.6163434982299805,2.436673164367676,1,-1,-1,-1
1641,0,511.918212890625,190.8394317626953,7.807771682739258,2.49523663520813,1,-1,-1,-1
1641,2,224.74098205566406,107.4554214477539,10.033001899719238,4.46528959274292,1,-1,-1,-1
1661,0,509.0237121582031,190.23916625976562,5.9310126304626465,3.0700390338897705,1,-1,-1,-1
1661,2,224.9764404296875,100.72795867919922,9.778732299804688,4.023136615753174,1,-1,-1,-1
1681,0,508.427490234375,187.86376953125,7.386572360992432,2.606752395629883,1,-1,-1,-1
1681,2,226.2045440673828,95.95987701416016,9.647656440734863,4.311648845672607,1,-1,-1,-1
1701,2,227.51821899414062,91.83811950683594,11.150070190429688,4.336889743804932,1,-1,-1,-1
1701,0,511.99542236328125,184.09141540527344,6.662858009338379,2.8324999809265137,1,-1,-1,-1
1701,28,288.2342834472656,12.689950942993164,14.404884338378906,6.379456520080566,1,-1,-1,-1
1721,2,228.44972229003906,88.0781021118164,11.091465950012207,4.374295711517334,1,-1,-1,-1
1721,28,289.10589599609375,73.02177429199219,13.422555923461914,5.465878009796143,1,-1,-1,-1
1721,0,518.7977905273438,178.80943298339844,6.556291580200195,2.27433705329895,1,-1,-1,-1
1741,2,229.67486572265625,87.3107681274414,11.118122100830078,4.32275390625,1,-1,-1,-1
1741,28,285.16998291015625,108.83391571044922,13.967352867126465,4.791788578033447,1,-1,-1,-1
1741,0,527.393310546875,172.0092010498047,7.169709205627441,2.445355176925659,1,-1,-1,-1
1761,28,281.3447265625,138.90940856933594,13.520227432250977,7.281932830810547,1,-1,-1,-1
1761,2,230.5054931640625,87.49060821533203,10.153759956359863,4.071400165557861,1,-1,-1,-1
1761,0,538.2727661132812,163.07911682128906,9.357773780822754,3.6372230052948,1,-1,-1,-1
1781,28,222.72409057617188,138.27731323242188,12.10580062866211,5.696272850036621,1,-1,-1,-1
1781,2,230.03347778320312,88.63655853271484,11.829536437988281,4.475100994110107,1,-1,-1,-1
1781,0,547.3694458007812,154.61734008789062,9.468584060668945,4.2424397468566895,1,-1,-1,-1
1801,2,228.93582153320312,88.70445251464844,12.243921279907227,4.457908630371094,1,-1,-1,-1
1801,28,156.53990173339844,135.4458770751953,13.141222953796387,5.8354339599609375,1,-1,-1,-1
1801,0,539.694091796875,146.4875030517578,9.819018363952637,4.580763816833496,1,-1,-1,-1
1821,2,229.35757446289062,88.03833770751953,10.628511428833008,4.7123122215271,1,-1,-1,-1
1821,28,148.59371948242188,148.75399780273438,14.06899356842041,4.508214473724365,1,-1,-1,-1
1821,0,514.025390625,139.7869873046875,8.411174774169922,4.078835487365723,1,-1,-1,-1
1841,0,467.6644287109375,133.9511260986328,11.705475807189941,4.346283912658691,1,-1,-1,-1
1841,2,228.52394104003906,88.18753814697266,10.725086212158203,4.254278659820557,1,-1,-1,-1
1841,28,151.04684448242188,147.9542694091797,14.04339599609375,4.916222095489502,1,-1,-1,-1
1861,2,227.45468139648438,88.64077758789062,10.262760162353516,4.3310933113098145,1,-1,-1,-1
1861,0,414.0881652832031,127.40435028076172,9.676451683044434,4.545358180999756,1,-1,-1,-1
1861,28,160.98806762695312,146.1199951171875,14.225299835205078,6.875898361206055,1,-1,-1,-1
1881,2,224.02635192871094,87.12305450439453,11.157454490661621,4.4634857177734375,1,-1,-1,-1
1881,0,359.0908508300781,118.7629165649414,9.409295082092285,7.734792232513428,1,-1,-1,-1
1881,28,229.07028198242188,146.44674682617188,11.978930473327637,6.677463054656982,1,-1,-1,-1
1901,2,219.58062744140625,80.96505737304688,13.031156539916992,5.280202865600586,1,-1,-1,-1
1901,28,241.59776306152344,144.5560302734375,13.331650733947754,7.7237653732299805,1,-1,-1,-1
1901,0,347.0872497558594,110.12555694580078,10.037155151367188,5.01772403717041,1,-1,-1,-1
1921,0,348.1666564941406,95.00608825683594,10.869492530822754,4.662199974060059,1,-1,-1,-1
1921,2,214.14031982421875,71.28382110595703,13.404695510864258,5.486769199371338,1,-1,-1,-1
1921,28,179.79104614257812,139.45399475097656,14.604020118713379,7.840444087982178,1,-1,-1,-1
1941,0,349.2921142578125,102.40876007080078,10.02637767791748,4.324129104614258,1,-1,-1,-1
1941,2,208.60760498046875,59.59809875488281,14.487990379333496,5.370981216430664,1,-1,-1,-1
1941,28,183.85806274414062,138.9152374267578,14.16898250579834,7.064512729644775,1,-1,-1,-1
1961,28,220.60302734375,140.21771240234375,14.137937545776367,5.571530342102051,1,-1,-1,-1
1961,2,209.6378936767578,48.21949768066406,15.249755859375,6.484827041625977,1,-1,-1,-1
1961,0,348.6614685058594,107.31813049316406,11.008576393127441,4.532121658325195,1,-1,-1,-1
1981,28,211.7597198486328,140.12606811523438,14.052072525024414,4.9800190925598145,1,-1,-1,-1
1981,2,216.3827362060547,37.466033935546875,15.207353591918945,7.203876495361328,1,-1,-1,-1
1981,0,348.92718505859375,112.01327514648438,10.273204803466797,3.9993090629577637,1,-1,-1,-1
2001,28,194.72496032714844,139.61679077148438,13.64321517944336,5.162866592407227,1,-1,-1,-1
2001,2,225.84417724609375,30.25667953491211,17.01870346069336,6.687282085418701,1,-1,-1,-1
2001,0,349.24462890625,118.19625854492188,10.137815475463867,4.585477828979492,1,-1,-1,-1
2021,0,349.1349792480469,123.76187896728516,9.354888916015625,4.87067985534668,1,-1,-1,-1
2021,28,158.60922241210938,137.61154174804688,16.407360076904297,6.53488302230835,1,-1,-1,-1
2021,2,226.14784240722656,20.372751235961914,5.07934045791626,3.3460137844085693,1,-1,-1,-1
2021,33,234.55599975585938,35.6904296875,20.05274200439453,8.006454467773438,1,-1,-1,-1
2041,0,349.21624755859375,129.92237854003906,10.364479064941406,3.950608968734741,1,-1,-1,-1
2041,28,153.88516235351562,137.93016052246094,14.36176872253418,6.046367168426514,1,-1,-1,-1
2041,2,236.97076416015625,65.76338958740234,18.83873748779297,6.901472568511963,1,-1,-1,-1
2061,2,245.15853881835938,102.54422760009766,17.570035934448242,6.9669036865234375,1,-1,-1,-1
2061,28,132.67391967773438,138.05105590820312,17.44255256652832,5.324594974517822,1,-1,-1,-1
2061,0,348.61151123046875,134.8545684814453,9.581068992614746,3.840498208999634,1,-1,-1,-1
2081,0,348.6361999511719,138.5905303955078,9.155719757080078,3.8150417804718018,1,-1,-1,-1
2081,38,242.67031860351562,24.644472122192383,6.524242401123047,4.943481922149658,1,-1,-1,-1
2081,28,104.42233276367188,119.20760345458984,17.371030807495117,4.62213134765625,1,-1,-1,-1
2081,40,254.9158477783203,130.11741638183594,18.769880294799805,5.360612392425537,1,-1,-1,-1
2101,0,347.5538330078125,141.85899353027344,9.408787727355957,3.8263018131256104,1,-1,-1,-1
2101,38,272.7154235839844,149.2655487060547,17.111783981323242,5.881524562835693,1,-1,-1,-1
2101,28,106.7036361694336,71.60445404052734,19.176097869873047,5.915919780731201,1,-1,-1,-1
2121,0,346.182373046875,144.1262664794922,9.662864685058594,4.7340521812438965,1,-1,-1,-1
2121,38,294.156982421875,161.03338623046875,17.425851821899414,5.651658535003662,1,-1,-1,-1
2121,28,114.02701568603516,48.41150665283203,14.063079833984375,7.135684490203857,1,-1,-1,-1
2128,0,341.88226318359375,144.51547241210938,9.373678207397461,4.923064708709717,1,-1,-1,-1
2128,38,302.0571594238281,161.80313110351562,18.063356399536133,5.074617385864258,1,-1,-1,-1
2128,28,119.697509765625,48.08345031738281,14.943727493286133,9.083466529846191,1,-1,-1,-1
