1,0,281.11370849609375,96.8315200805664,8.703164100646973,4.2721405029296875,1,-1,-1,-1
1,1,256.1812744140625,177.4588623046875,38.68549728393555,8.63343620300293,1,-1,-1,-1
1,2,334.4414978027344,174.47567749023438,9.401117324829102,3.2864480018615723,1,-1,-1,-1
21,0,281.2597351074219,99.6178207397461,8.080039978027344,3.4122190475463867,1,-1,-1,-1
21,1,255.806884765625,151.31161499023438,34.964481353759766,8.710294723510742,1,-1,-1,-1
21,4,492.61090087890625,191.24053955078125,10.2329683303833,4.777192115783691,1,-1,-1,-1
21,2,334.1160888671875,174.62217712402344,9.182114601135254,3.3925535678863525,1,-1,-1,-1
41,0,280.2677001953125,101.33039093017578,7.767735004425049,3.866335868835449,1,-1,-1,-1
41,1,253.76657104492188,150.38174438476562,33.362850189208984,10.285944938659668,1,-1,-1,-1
41,4,492.6443786621094,191.0829315185547,10.422526359558105,4.72406005859375,1,-1,-1,-1
41,2,333.385009765625,168.91629028320312,8.56577205657959,3.3381295204162598,1,-1,-1,-1
61,0,275.236083984375,100.4302978515625,8.910116195678711,4.139439582824707,1,-1,-1,-1
61,4,492.76751708984375,191.1182861328125,10.07282829284668,4.670130729675293,1,-1,-1,-1
61,1,216.9329833984375,150.26519775390625,33.66577911376953,11.095894813537598,1,-1,-1,-1
61,2,332.34771728515625,120.47023010253906,10.01087760925293,4.578566551208496,1,-1,-1,-1
81,0,274.0381164550781,99.95752716064453,7.564744472503662,3.8887014389038086,1,-1,-1,-1
81,2,335.9359130859375,83.4832534790039,10.760704040527344,3.816591739654541,1,-1,-1,-1
81,1,173.84814453125,150.01553344726562,35.671173095703125,10.987340927124023,1,-1,-1,-1
101,0,275.9839172363281,98.70050811767578,9.407332420349121,3.6772549152374268,1,-1,-1,-1
101,2,337.62164306640625,66.21028900146484,12.215157508850098,4.692004680633545,1,-1,-1,-1
101,1,181.63104248046875,148.77096557617188,30.011688232421875,12.974011421203613,1,-1,-1,-1
121,0,276.3595886230469,96.90149688720703,9.167074203491211,3.8293375968933105,1,-1,-1,-1
121,2,333.5422058105469,93.65937805175781,14.41015625,6.953345775604248,1,-1,-1,-1
121,1,241.55128479003906,150.64041137695312,30.34465789794922,9.621768951416016,1,-1,-1,-1
141,2,336.9466552734375,96.4356460571289,15.934392929077148,7.304262638092041,1,-1,-1,-1
141,0,276.5132141113281,95.79148864746094,8.323603630065918,3.585601568222046,1,-1,-1,-1
141,1,294.4372253417969,149.04397583007812,29.2087459564209,11.756500244140625,1,-1,-1,-1
161,2,346.301025390625,87.51737213134766,14.415635108947754,7.753157615661621,1,-1,-1,-1
161,0,282.8146057128906,93.6769027709961,8.250718116760254,3.3650128841400146,1,-1,-1,-1
161,1,294.1915283203125,149.9300079345703,29.147789001464844,10.018912315368652,1,-1,-1,-1
181,0,277.30267333984375,91.3458480834961,9.533760070800781,5.377933502197266,1,-1,-1,-1
181,1,266.10491943359375,149.12393188476562,29.226531982421875,11.15722370147705,1,-1,-1,-1
181,2,348.6379699707031,113.69499206542969,10.61996841430664,5.057877063751221,1,-1,-1,-1
201,0,276.0683898925781,95.42049407958984,7.653148174285889,3.645810604095459,1,-1,-1,-1
201,2,339.1221618652344,132.96356201171875,9.442246437072754,4.447105407714844,1,-1,-1,-1
201,1,212.75758361816406,150.92752075195312,28.258752822875977,9.344941139221191,1,-1,-1,-1
221,0,265.5315246582031,99.87763214111328,8.667266845703125,4.148099899291992,1,-1,-1,-1
221,49,156.99575805664062,150.39373779296875,38.228214263916016,10.041406631469727,1,-1,-1,-1
221,1,492.74835205078125,191.3560028076172,9.908305168151855,4.454653739929199,1,-1,-1,-1
221,50,303.8299865722656,143.6562042236328,9.681642532348633,4.505010604858398,1,-1,-1,-1
241,0,253.14727783203125,104.24938201904297,7.333593368530273,3.833467721939087,1,-1,-1,-1
241,53,154.76148986816406,148.0454864501953,35.52867126464844,14.706276893615723,1,-1,-1,-1
241,78,281.69671630859375,148.0975799560547,8.656185150146484,3.935722589492798,1,-1,-1,-1
241,1,492.7724914550781,191.27549743652344,10.022425651550293,4.689159393310547,1,-1,-1,-1
261,0,256.0224914550781,108.74490356445312,7.051548004150391,4.565140247344971,1,-1,-1,-1
261,99,291.3370361328125,150.9967498779297,7.81320858001709,3.1472225189208984,1,-1,-1,-1
261,1,492.7604675292969,191.1068115234375,10.276989936828613,4.696816444396973,1,-1,-1,-1
261,53,222.679443359375,148.67959594726562,29.601226806640625,13.05211353302002,1,-1,-1,-1
281,53,241.49871826171875,139.971435546875,36.219970703125,9.390985488891602,1,-1,-1,-1
281,0,277.9010925292969,118.68083953857422,6.448035717010498,3.743826389312744,1,-1,-1,-1
281,118,303.1083984375,151.38145446777344,8.349967002868652,3.9510018825531006,1,-1,-1,-1
281,1,492.6695251464844,191.09756469726562,10.299725532531738,4.814544200897217,1,-1,-1,-1
301,53,243.92164611816406,107.41773986816406,31.440162658691406,10.672327995300293,1,-1,-1,-1
301,0,298.48297119140625,125.21408081054688,6.621218681335449,3.82861328125,1,-1,-1,-1
301,138,282.0079345703125,151.3863067626953,9.318114280700684,3.831815242767334,1,-1,-1,-1
301,1,492.7295227050781,191.22996520996094,10.09377384185791,4.586005210876465,1,-1,-1,-1
321,158,267.4857482910156,150.87384033203125,8.268888473510742,3.518010377883911,1,-1,-1,-1
321,53,242.1310577392578,97.37472534179688,32.22986602783203,11.90548324584961,1,-1,-1,-1
321,1,492.782958984375,191.32327270507812,9.95606803894043,4.450621128082275,1,-1,-1,-1
321,0,305.57305908203125,130.33302307128906,7.015528678894043,3.7916674613952637,1,-1,-1,-1
341,177,282.2236328125,150.82968139648438,7.348690986633301,3.266423225402832,1,-1,-1,-1
341,1,492.9381103515625,191.2169952392578,9.869749069213867,4.532499313354492,1,-1,-1,-1
341,53,240.87835693359375,151.91549682617188,32.16914749145508,8.672782897949219,1,-1,-1,-1
341,0,303.3653259277344,140.44032287597656,5.903931617736816,3.834388494491577,1,-1,-1,-1
361,180,295.2713623046875,173.68536376953125,8.092771530151367,4.050899982452393,1,-1,-1,-1
361,1,492.7986145019531,191.2703399658203,10.112659454345703,4.446971416473389,1,-1,-1,-1
361,53,244.41439819335938,143.39064025878906,30.47015380859375,9.58687973022461,1,-1,-1,-1
361,0,290.48956298828125,146.58221435546875,5.69619083404541,3.3546299934387207,1,-1,-1,-1
381,0,292.86187744140625,147.21783447265625,5.5301971435546875,2.990560531616211,1,-1,-1,-1
381,53,246.24488830566406,89.54106903076172,28.07970428466797,12.594888687133789,1,-1,-1,-1
381,180,298.7578125,173.2071990966797,8.731307029724121,3.8531525135040283,1,-1,-1,-1
381,1,492.69378662109375,191.1825408935547,10.259313583374023,4.470461368560791,1,-1,-1,-1
401,53,245.05189514160156,85.20567321777344,30.529996871948242,14.914749145507812,1,-1,-1,-1
401,180,320.74798583984375,167.21018981933594,7.98931360244751,3.72102427482605,1,-1,-1,-1
401,1,492.6983337402344,191.13526916503906,10.401314735412598,4.6443915367126465,1,-1,-1,-1
401,0,296.8804016113281,145.178955078125,5.94714879989624,4.320811748504639,1,-1,-1,-1
421,0,287.17083740234375,144.30026245117188,5.140007019042969,3.482210397720337,1,-1,-1,-1
421,180,361.1288146972656,163.27732849121094,9.464096069335938,4.020665645599365,1,-1,-1,-1
421,53,288.5378723144531,84.84143829345703,31.071903228759766,15.203235626220703,1,-1,-1,-1
421,1,492.8465270996094,191.15924072265625,10.126303672790527,4.469099521636963,1,-1,-1,-1
441,0,260.2967834472656,138.8609619140625,4.481739521026611,2.7415592670440674,1,-1,-1,-1
441,180,365.6112060546875,161.5550537109375,9.855352401733398,4.459989070892334,1,-1,-1,-1
441,53,381.4449462890625,83.36377716064453,33.011993408203125,17.681655883789062,1,-1,-1,-1
441,1,492.8426818847656,191.1062774658203,10.243907928466797,4.4998650550842285,1,-1,-1,-1
461,0,230.54620361328125,125.48716735839844,5.025350570678711,3.726297378540039,1,-1,-1,-1
461,180,334.7821044921875,159.87997436523438,8.692432403564453,4.0316290855407715,1,-1,-1,-1
461,53,409.9480895996094,86.181884765625,29.95208740234375,13.024308204650879,1,-1,-1,-1
461,1,492.7300720214844,191.05360412597656,10.434016227722168,4.717075824737549,1,-1,-1,-1
481,180,281.18634033203125,159.28005981445312,9.90870189666748,3.859553575515747,1,-1,-1,-1
481,53,398.609375,86.57689666748047,33.82749938964844,12.734663009643555,1,-1,-1,-1
481,1,492.6614685058594,191.14395141601562,10.602025032043457,4.6602253913879395,1,-1,-1,-1
481,0,214.4425048828125,116.88169860839844,7.476694583892822,3.743281841278076,1,-1,-1,-1
501,53,351.34600830078125,86.15457916259766,30.139293670654297,13.962759017944336,1,-1,-1,-1
501,180,261.98626708984375,158.1913299560547,8.901067733764648,3.937062978744507,1,-1,-1,-1
501,1,492.925537109375,191.04637145996094,10.541160583496094,4.539519786834717,1,-1,-1,-1
501,0,197.3534393310547,114.98274993896484,7.708337306976318,3.6154651641845703,1,-1,-1,-1
521,53,274.2554626464844,87.65943908691406,29.021007537841797,12.428779602050781,1,-1,-1,-1
521,180,283.351318359375,158.0782012939453,8.304141998291016,4.2510762214660645,1,-1,-1,-1
521,1,492.8747863769531,191.2314453125,10.423871040344238,4.28646183013916,1,-1,-1,-1
521,0,169.7061309814453,107.97484588623047,6.595160961151123,3.9215073585510254,1,-1,-1,-1
541,180,321.3821105957031,159.33792114257812,8.882591247558594,3.5995986461639404,1,-1,-1,-1
541,0,146.80393981933594,93.9305648803711,8.945430755615234,5.502171516418457,1,-1,-1,-1
541,1,492.8367614746094,191.1671905517578,10.335783004760742,4.471480369567871,1,-1,-1,-1
541,53,172.94131469726562,87.8212661743164,34.92474365234375,14.605170249938965,1,-1,-1,-1
561,180,321.324462890625,158.45860290527344,10.15980339050293,4.184515953063965,1,-1,-1,-1
561,53,130.52549743652344,89.2564468383789,38.17958450317383,12.194417953491211,1,-1,-1,-1
561,1,492.774658203125,191.29385375976562,10.350543022155762,4.418147563934326,1,-1,-1,-1
581,0,495.3463134765625,198.34864807128906,12.00680160522461,4.47463321685791,1,-1,-1,-1
581,180,287.9848937988281,157.12278747558594,9.420513153076172,3.895376443862915,1,-1,-1,-1
581,197,161.49656677246094,104.7818374633789,7.3592848777771,3.6807103157043457,1,-1,-1,-1
581,1,492.880859375,191.2431182861328,10.165520668029785,4.433932304382324,1,-1,-1,-1
581,53,148.29637145996094,87.87517547607422,37.58115005493164,12.779756546020508,1,-1,-1,-1
601,180,271.9024353027344,155.50454711914062,8.876623153686523,3.7986667156219482,1,-1,-1,-1
601,1,492.84991455078125,191.27243041992188,10.157133102416992,4.290663242340088,1,-1,-1,-1
601,0,193.98416137695312,120.45912170410156,6.203217029571533,3.683720111846924,1,-1,-1,-1
601,53,175.79322814941406,59.357444763183594,32.872894287109375,12.770791053771973,1,-1,-1,-1
621,0,239.276123046875,136.91348266601562,7.504892349243164,3.2024645805358887,1,-1,-1,-1
621,53,180.42196655273438,80.72364807128906,31.065696716308594,13.108567237854004,1,-1,-1,-1
621,1,492.77001953125,191.25924682617188,9.949532508850098,4.2987446784973145,1,-1,-1,-1
621,180,270.83721923828125,121.9509048461914,9.658635139465332,4.45393180847168,1,-1,-1,-1
641,0,265.9604187011719,145.57879638671875,5.8861775398254395,3.6713881492614746,1,-1,-1,-1
641,180,286.98870849609375,111.79119110107422,8.207269668579102,3.947286605834961,1,-1,-1,-1
641,1,492.78289794921875,191.3112030029297,10.192671775817871,4.319576263427734,1,-1,-1,-1
641,53,172.53970336914062,126.29381561279297,38.682594299316406,9.331277847290039,1,-1,-1,-1
661,0,283.9442138671875,146.6270294189453,6.452847003936768,3.337329864501953,1,-1,-1,-1
661,1,492.7288818359375,191.36497497558594,10.07945442199707,4.28488302230835,1,-1,-1,-1
661,180,326.5630798339844,124.71702575683594,8.892356872558594,5.1156182289123535,1,-1,-1,-1
661,53,176.67916870117188,99.91336059570312,30.246158599853516,11.890707015991211,1,-1,-1,-1
681,180,345.52337646484375,144.62274169921875,8.99361515045166,3.60302734375,1,-1,-1,-1
681,1,492.7912902832031,191.25369262695312,10.162769317626953,4.50095272064209,1,-1,-1,-1
681,53,172.35675048828125,101.17357635498047,36.312557220458984,12.66224193572998,1,-1,-1,-1
681,0,301.6903381347656,146.0098876953125,7.2919392585754395,3.4371931552886963,1,-1,-1,-1
701,180,325.6231384277344,145.01116943359375,9.221899032592773,3.792689085006714,1,-1,-1,-1
701,1,492.7627868652344,191.368896484375,10.043092727661133,4.299315452575684,1,-1,-1,-1
701,53,186.1611785888672,108.59107971191406,29.859588623046875,13.126566886901855,1,-1,-1,-1
701,0,300.6363220214844,144.700439453125,5.699871063232422,3.839315414428711,1,-1,-1,-1
721,0,275.6168212890625,144.5372314453125,12.336614608764648,4.820883274078369,1,-1,-1,-1
721,180,495.35382080078125,198.61708068847656,12.106401443481445,4.3449859619140625,1,-1,-1,-1
721,1,492.677490234375,191.2808380126953,10.327276229858398,4.28571081161499,1,-1,-1,-1
721,53,198.33694458007812,124.5785140991211,30.85845184326172,9.880615234375,1,-1,-1,-1
741,53,218.9955291748047,141.4767608642578,23.37659454345703,6.825164318084717,1,-1,-1,-1
741,0,265.5858154296875,149.3473663330078,6.202384948730469,3.4083855152130127,1,-1,-1,-1
741,180,239.57846069335938,120.61650085449219,7.636112689971924,2.9863955974578857,1,-1,-1,-1
741,1,492.8185729980469,191.2046661376953,10.348440170288086,4.337778568267822,1,-1,-1,-1
761,53,225.61474609375,143.35292053222656,23.932912826538086,6.2912116050720215,1,-1,-1,-1
761,180,248.13504028320312,89.4937973022461,7.779288291931152,4.446765899658203,1,-1,-1,-1
761,1,492.8135681152344,191.14292907714844,10.240999221801758,4.5251874923706055,1,-1,-1,-1
761,0,253.82321166992188,154.18606567382812,5.938420295715332,3.8627607822418213,1,-1,-1,-1
781,180,282.2159423828125,89.02651977539062,9.465742111206055,4.856922626495361,1,-1,-1,-1
781,53,223.14161682128906,118.59628295898438,27.249319076538086,7.271158695220947,1,-1,-1,-1
781,1,492.661865234375,191.2611846923828,10.348892211914062,4.275468826293945,1,-1,-1,-1
781,0,242.61512756347656,152.52735900878906,7.564591884613037,3.554243564605713,1,-1,-1,-1
801,180,336.34857177734375,91.43017578125,9.736542701721191,4.310671806335449,1,-1,-1,-1
801,53,226.15692138671875,95.83805084228516,23.102130889892578,8.930135726928711,1,-1,-1,-1
801,1,492.75201416015625,191.25637817382812,10.256237983703613,4.412718296051025,1,-1,-1,-1
801,0,235.15444946289062,149.01283264160156,4.9924798011779785,2.960606813430786,1,-1,-1,-1
821,0,219.46820068359375,139.2735137939453,5.111240863800049,3.2638962268829346,1,-1,-1,-1
821,180,354.3404541015625,92.03437042236328,9.821475982666016,3.967082977294922,1,-1,-1,-1
821,53,224.5767822265625,77.18749237060547,24.94990348815918,8.710159301757812,1,-1,-1,-1
821,1,492.8099060058594,191.22894287109375,10.143463134765625,4.371232986450195,1,-1,-1,-1
841,180,341.64642333984375,93.40724182128906,8.558114051818848,4.944141864776611,1,-1,-1,-1
841,53,227.634765625,61.24560546875,22.887481689453125,9.467854499816895,1,-1,-1,-1
841,1,492.5831298828125,191.20790100097656,10.352219581604004,4.461829662322998,1,-1,-1,-1
841,0,198.88442993164062,123.64376068115234,6.755945682525635,4.031058311462402,1,-1,-1,-1
861,180,314.8172607421875,94.37918853759766,8.218144416809082,3.783284902572632,1,-1,-1,-1
861,53,226.4765625,53.6137809753418,23.20425796508789,8.872841835021973,1,-1,-1,-1
861,1,492.7652282714844,191.18670654296875,10.279613494873047,4.415849685668945,1,-1,-1,-1
861,0,192.87835693359375,119.85894012451172,5.749117851257324,3.7712512016296387,1,-1,-1,-1
881,53,224.73751831054688,76.87840270996094,23.156339645385742,9.203328132629395,1,-1,-1,-1
881,180,294.66851806640625,94.81279754638672,12.23691177368164,7.487054347991943,1,-1,-1,-1
881,1,492.76251220703125,191.17462158203125,10.313321113586426,4.530195713043213,1,-1,-1,-1
881,0,193.76400756835938,119.49298095703125,6.196135520935059,3.8272407054901123,1,-1,-1,-1
901,53,220.33526611328125,121.35975646972656,25.079744338989258,8.463150978088379,1,-1,-1,-1
901,180,292.51416015625,87.7874755859375,10.618967056274414,5.640607833862305,1,-1,-1,-1
901,1,492.8842468261719,191.20294189453125,10.277193069458008,4.429321765899658,1,-1,-1,-1
901,0,182.55308532714844,117.76683807373047,6.404058456420898,3.8292489051818848,1,-1,-1,-1
921,53,221.7390594482422,139.91293334960938,23.912044525146484,7.048940658569336,1,-1,-1,-1
921,180,321.9470520019531,59.306419372558594,12.527607917785645,7.193868160247803,1,-1,-1,-1
921,1,492.894775390625,191.2347412109375,10.33872127532959,4.436305046081543,1,-1,-1,-1
921,0,166.30618286132812,112.9500732421875,5.580654144287109,3.6612510681152344,1,-1,-1,-1
941,53,215.7847900390625,139.78077697753906,25.038639068603516,7.375326633453369,1,-1,-1,-1
941,180,348.7102966308594,70.963134765625,10.864749908447266,6.825592517852783,1,-1,-1,-1
941,0,145.48483276367188,101.38349151611328,6.352694034576416,3.9364354610443115,1,-1,-1,-1
941,1,492.72607421875,191.25149536132812,10.462377548217773,4.340781211853027,1,-1,-1,-1
961,0,117.52330017089844,80.0127944946289,9.45858097076416,5.378717422485352,1,-1,-1,-1
961,180,348.4759826660156,95.44789123535156,10.738262176513672,5.164597511291504,1,-1,-1,-1
961,53,184.07229614257812,141.01773071289062,24.689254760742188,6.7949724197387695,1,-1,-1,-1
961,1,492.8500671386719,191.18190002441406,10.444343566894531,4.436762809753418,1,-1,-1,-1
981,53,149.84263610839844,140.22499084472656,21.90060806274414,8.579290390014648,1,-1,-1,-1
981,1,492.89141845703125,191.134521484375,10.297937393188477,4.371057510375977,1,-1,-1,-1
981,180,323.41729736328125,119.43644714355469,7.53114128112793,3.773411750793457,1,-1,-1,-1
981,0,110.55162048339844,77.89436340332031,8.669893264770508,4.012238502502441,1,-1,-1,-1
1001,0,127.59720611572266,87.95574188232422,6.006148338317871,3.1004247665405273,1,-1,-1,-1
1001,180,293.01043701171875,142.8895721435547,7.192594528198242,3.384938955307007,1,-1,-1,-1
1001,53,156.47109985351562,138.96627807617188,27.650253295898438,10.752799034118652,1,-1,-1,-1
1001,1,492.90179443359375,191.1367645263672,10.284157752990723,4.540590286254883,1,-1,-1,-1
1021,53,228.99398803710938,139.59971618652344,24.43833351135254,10.59476089477539,1,-1,-1,-1
1021,180,273.84722900390625,173.14942932128906,8.71802043914795,3.937319278717041,1,-1,-1,-1
1021,0,145.2468719482422,95.63089752197266,6.255631446838379,3.267272472381592,1,-1,-1,-1
1021,1,492.9187316894531,191.15577697753906,10.283071517944336,4.340108871459961,1,-1,-1,-1
1041,53,330.8376770019531,137.50433349609375,21.109819412231445,12.661016464233398,1,-1,-1,-1
1041,0,157.0323944091797,99.19249725341797,6.511807441711426,3.544304609298706,1,-1,-1,-1
1041,180,266.0697021484375,192.6831512451172,6.573611259460449,3.709821939468384,1,-1,-1,-1
1041,1,492.8822326660156,191.20860290527344,10.182761192321777,4.302456855773926,1,-1,-1,-1
1061,53,370.677978515625,138.6776580810547,22.051088333129883,7.62844705581665,1,-1,-1,-1
1061,1,492.51837158203125,191.2121124267578,10.699299812316895,4.407167911529541,1,-1,-1,-1
1061,0,185.86428833007812,101.05066680908203,6.0421013832092285,3.4831490516662598,1,-1,-1,-1
1061,180,267.8030700683594,199.32379150390625,3.965636730194092,2.96172833442688,1,-1,-1,-1
1081,1,494.93255615234375,198.3480682373047,12.427334785461426,4.558409690856934,1,-1,-1,-1
1081,0,231.8828582763672,102.01619720458984,6.671569347381592,4.10447359085083,1,-1,-1,-1
1081,53,381.64019775390625,138.64199829101562,25.294198989868164,7.157510280609131,1,-1,-1,-1
1081,210,492.65740966796875,191.19595336914062,10.531010627746582,4.281674385070801,1,-1,-1,-1
1081,180,269.7339172363281,200.7089080810547,5.202049732208252,3.0570743083953857,1,-1,-1,-1
1101,0,295.71234130859375,101.96934509277344,5.4187116622924805,3.933842658996582,1,-1,-1,-1
1101,53,377.54632568359375,138.2545623779297,22.62284278869629,7.847047805786133,1,-1,-1,-1
1101,1,492.76080322265625,191.1009063720703,10.377639770507812,4.380074977874756,1,-1,-1,-1
1101,180,270.7520446777344,201.33282470703125,5.681027412414551,3.191418409347534,1,-1,-1,-1
1121,0,335.42938232421875,101.60074615478516,7.407612323760986,4.197427749633789,1,-1,-1,-1
1121,53,346.77117919921875,138.36375427246094,21.94118309020996,8.172795295715332,1,-1,-1,-1
1141,0,358.185791015625,101.65480041503906,6.004146575927734,3.902865171432495,1,-1,-1,-1
1141,180,270.663818359375,187.94627380371094,5.171237945556641,3.178851842880249,1,-1,-1,-1
1141,212,492.6949768066406,191.2580108642578,10.478224754333496,4.325351238250732,1,-1,-1,-1
1141,53,292.2119445800781,139.4279327392578,22.27889633178711,7.502295017242432,1,-1,-1,-1
1161,228,218.39210510253906,137.79058837890625,25.11096954345703,10.837125778198242,1,-1,-1,-1
1161,180,268.7891845703125,176.27127075195312,5.926565647125244,3.2038238048553467,1,-1,-1,-1
1161,0,381.90484619140625,101.3488998413086,6.6006879806518555,3.893637180328369,1,-1,-1,-1
1161,53,492.85107421875,191.1829833984375,10.496626853942871,4.296058177947998,1,-1,-1,-1
1181,180,267.6199951171875,177.8726806640625,5.6964216232299805,3.3500261306762695,1,-1,-1,-1
1181,0,404.3173828125,99.52029418945312,7.3258161544799805,3.6208879947662354,1,-1,-1,-1
1181,248,191.61880493164062,139.35716247558594,22.50150489807129,8.101737022399902,1,-1,-1,-1
1181,53,492.83477783203125,191.21498107910156,10.411566734313965,4.212996482849121,1,-1,-1,-1
1201,268,208.48223876953125,140.1751708984375,25.163677215576172,6.612818241119385,1,-1,-1,-1
1201,180,266.40093994140625,174.03018188476562,5.121984004974365,3.5513501167297363,1,-1,-1,-1
1201,0,407.009765625,92.38801574707031,7.007208824157715,3.6861443519592285,1,-1,-1,-1
1201,53,492.8786926269531,191.2329864501953,10.51477336883545,4.364955425262451,1,-1,-1,-1
1221,287,232.9608154296875,132.3983917236328,22.589237213134766,7.385352611541748,1,-1,-1,-1
1221,180,261.83148193359375,170.62965393066406,6.727014064788818,3.253413200378418,1,-1,-1,-1
1221,0,404.8543701171875,74.70772552490234,7.4844255447387695,3.106991767883301,1,-1,-1,-1
1221,53,492.72991943359375,191.37828063964844,10.267721176147461,4.235647678375244,1,-1,-1,-1
1241,180,264.1387634277344,174.21156311035156,8.155987739562988,3.844067096710205,1,-1,-1,-1
1241,0,404.27008056640625,50.12830352783203,9.88031005859375,5.6403374671936035,1,-1,-1,-1
1241,307,231.43743896484375,109.53944396972656,23.850006103515625,8.27491569519043,1,-1,-1,-1
1241,53,492.75799560546875,190.9879608154297,10.506418228149414,4.632534503936768,1,-1,-1,-1
1261,0,398.7472229003906,47.42559814453125,10.038918495178223,4.558162212371826,1,-1,-1,-1
1261,180,300.7552490234375,160.16627502441406,11.214262008666992,5.272668838500977,1,-1,-1,-1
1261,53,492.7843017578125,191.36767578125,10.178509712219238,4.4094462394714355,1,-1,-1,-1
1261,327,227.68338012695312,141.62619018554688,24.955608367919922,7.300601482391357,1,-1,-1,-1
1281,180,333.4085388183594,154.2097930908203,9.790304183959961,4.891554355621338,1,-1,-1,-1
1281,0,386.5774230957031,51.458641052246094,6.499936103820801,3.6486823558807373,1,-1,-1,-1
1281,53,229.38418579101562,166.89817810058594,24.740007400512695,6.629274845123291,1,-1,-1,-1
1301,180,336.596435546875,152.6702423095703,8.871575355529785,3.4406039714813232,1,-1,-1,-1
1301,0,341.737060546875,55.35996627807617,7.752404689788818,3.4897677898406982,1,-1,-1,-1
1301,53,228.15335083007812,152.14297485351562,25.0759220123291,7.618059158325195,1,-1,-1,-1
1321,0,289.426513671875,57.78993606567383,9.827494621276855,5.173123836517334,1,-1,-1,-1
1321,180,314.3565673828125,152.28384399414062,9.798710823059082,4.404721736907959,1,-1,-1,-1
1321,53,229.90557861328125,154.47276306152344,25.78927230834961,8.021495819091797,1,-1,-1,-1
1341,180,265.6243896484375,151.81057739257812,8.918981552124023,4.032629013061523,1,-1,-1,-1
1341,0,265.749755859375,69.7684326171875,9.528594970703125,5.42085075378418,1,-1,-1,-1
1341,53,240.18812561035156,162.11666870117188,22.25373077392578,6.958867073059082,1,-1,-1,-1
1361,180,244.24591064453125,152.6324462890625,8.985040664672852,3.806694269180298,1,-1,-1,-1
1361,0,262.39654541015625,90.86058044433594,7.747603416442871,3.9014551639556885,1,-1,-1,-1
1361,53,248.40965270996094,166.1793975830078,19.210315704345703,5.039933204650879,1,-1,-1,-1
1381,0,272.4634094238281,113.00000762939453,5.015757083892822,2.6967079639434814,1,-1,-1,-1
1381,180,269.8929138183594,128.70932006835938,7.590029716491699,2.986492872238159,1,-1,-1,-1
1381,53,245.813720703125,150.17974853515625,21.768035888671875,6.192187309265137,1,-1,-1,-1
1401,53,246.71409606933594,125.71988677978516,22.2663516998291,6.933389663696289,1,-1,-1,-1
1401,180,302.17181396484375,87.61685943603516,9.412659645080566,3.78356671333313,1,-1,-1,-1
1401,0,290.59912109375,124.9215316772461,5.215577125549316,3.730287790298462,1,-1,-1,-1
1421,53,248.63661193847656,95.68072509765625,22.11960792541504,6.756365776062012,1,-1,-1,-1
1421,180,308.6003723144531,88.99998474121094,10.359535217285156,4.949623107910156,1,-1,-1,-1
1421,0,294.6221923828125,128.4949493408203,5.808926105499268,3.4159860610961914,1,-1,-1,-1
1441,364,248.41336059570312,88.87271118164062,22.099821090698242,6.9523468017578125,1,-1,-1,-1
1441,180,495.2221374511719,198.37875366210938,12.051615715026855,4.36064338684082,1,-1,-1,-1
1441,53,492.80291748046875,191.15406799316406,10.131608009338379,4.664673805236816,1,-1,-1,-1
1441,0,307.7004699707031,141.1441192626953,8.346981048583984,4.041710376739502,1,-1,-1,-1
1461,53,250.36105346679688,140.93978881835938,18.171178817749023,6.247828483581543,1,-1,-1,-1
1461,180,295.2888488769531,183.45706176757812,8.590291023254395,3.9521257877349854,1,-1,-1,-1
1461,0,265.3602600097656,126.05741882324219,6.241884708404541,3.434476375579834,1,-1,-1,-1
1481,0,240.3952178955078,122.8872299194336,7.012624740600586,3.4362094402313232,1,-1,-1,-1
1481,180,290.1056213378906,186.80560302734375,9.14309310913086,4.286952972412109,1,-1,-1,-1
1481,53,249.06967163085938,184.40133666992188,21.28321075439453,5.757513999938965,1,-1,-1,-1
1481,374,492.9189758300781,191.14846801757812,10.415122985839844,4.52679443359375,1,-1,-1,-1
1501,0,225.90631103515625,116.53359985351562,5.867208957672119,3.04559063911438,1,-1,-1,-1
1501,53,247.23008728027344,184.96929931640625,18.937694549560547,6.35167932510376,1,-1,-1,-1
1501,374,493.09307861328125,191.06932067871094,10.350184440612793,4.610872745513916,1,-1,-1,-1
1501,180,269.4580383300781,191.89675903320312,6.575081825256348,3.351321220397949,1,-1,-1,-1
1521,0,209.16757202148438,102.76701354980469,5.464430332183838,3.1169638633728027,1,-1,-1,-1
1521,53,245.58641052246094,171.73004150390625,21.268465042114258,6.106480121612549,1,-1,-1,-1
1521,180,244.09414672851562,195.9930877685547,6.360978126525879,2.838649272918701,1,-1,-1,-1
1521,374,492.8680419921875,191.17205810546875,10.217073440551758,4.416571140289307,1,-1,-1,-1
1541,0,194.58184814453125,89.1956787109375,8.089498519897461,4.537930011749268,1,-1,-1,-1
1541,180,253.17710876464844,193.10939025878906,7.265398025512695,2.73514986038208,1,-1,-1,-1
1541,374,492.78948974609375,191.2569580078125,10.164926528930664,4.528146266937256,1,-1,-1,-1
1541,53,242.19703674316406,171.85923767089844,18.114795684814453,6.841169357299805,1,-1,-1,-1
1561,0,185.16848754882812,80.9988784790039,6.317080497741699,3.7577903270721436,1,-1,-1,-1
1561,180,296.0301208496094,161.83251953125,7.086604118347168,3.6672492027282715,1,-1,-1,-1
1561,53,197.79908752441406,171.91024780273438,21.77516746520996,6.467214107513428,1,-1,-1,-1
1561,374,492.70819091796875,191.2662811279297,10.245867729187012,4.233664512634277,1,-1,-1,-1
1581,180,323.213623046875,152.80868530273438,8.030121803283691,4.356627464294434,1,-1,-1,-1
1581,53,129.05300903320312,172.2028350830078,22.843910217285156,5.728093147277832,1,-1,-1,-1
1581,0,168.66311645507812,61.448978424072266,7.786751747131348,5.599292278289795,1,-1,-1,-1
1601,0,160.98193359375,57.331966400146484,8.97006607055664,4.224381446838379,1,-1,-1,-1
1601,180,315.6896667480469,152.12185668945312,6.966591835021973,3.56644344329834,1,-1,-1,-1
1601,53,74.01081085205078,169.5155487060547,23.06337547302246,10.260981559753418,1,-1,-1,-1
1601,381,492.822998046875,191.20809936523438,9.933616638183594,4.356464862823486,1,-1,-1,-1
1621,180,290.1795654296875,151.30657958984375,8.101374626159668,3.883845329284668,1,-1,-1,-1
1621,53,88.31320190429688,170.384033203125,22.24142837524414,9.264482498168945,1,-1,-1,-1
1621,0,175.10888671875,59.213470458984375,8.347331047058105,3.12146258354187,1,-1,-1,-1
1641,53,153.11282348632812,170.9214324951172,23.75765037536621,8.703044891357422,1,-1,-1,-1
1641,180,291.5980224609375,151.02938842773438,8.356719970703125,4.0321784019470215,1,-1,-1,-1
1641,0,182.73414611816406,60.55704879760742,8.020516395568848,3.524336576461792,1,-1,-1,-1
1661,180,314.3385314941406,145.16268920898438,8.533021926879883,3.7997355461120605,1,-1,-1,-1
1661,53,270.5255126953125,171.39793395996094,19.173038482666016,6.666605472564697,1,-1,-1,-1
1661,0,180.1982421875,57.05335998535156,6.703784942626953,4.126704692840576,1,-1,-1,-1
1681,0,163.60122680664062,39.93772888183594,6.007814407348633,3.721801996231079,1,-1,-1,-1
1681,53,362.35870361328125,171.26068115234375,19.048866271972656,7.144792556762695,1,-1,-1,-1
1681,180,336.747802734375,131.97789001464844,8.773185729980469,4.096436023712158,1,-1,-1,-1
1701,413,380.89862060546875,170.31777954101562,19.99464225769043,7.326178550720215,1,-1,-1,-1
1701,53,492.76727294921875,191.102783203125,10.435029983520508,4.673373222351074,1,-1,-1,-1
1701,180,332.98333740234375,107.9441909790039,9.582615852355957,4.5037760734558105,1,-1,-1,-1
1701,0,140.4949951171875,14.734150886535645,10.542884826660156,7.07867431640625,1,-1,-1,-1
1721,53,359.2657165527344,170.11984252929688,20.444103240966797,7.014745235443115,1,-1,-1,-1
1721,180,290.1589660644531,76.32799530029297,12.63412094116211,6.419795036315918,1,-1,-1,-1
1721,0,130.4116973876953,34.70949172973633,9.720470428466797,3.6067237854003906,1,-1,-1,-1
1741,180,272.0708312988281,55.07028579711914,13.381011962890625,7.283173561096191,1,-1,-1,-1
1741,53,300.1579284667969,170.1195526123047,18.060108184814453,6.547577857971191,1,-1,-1,-1
1741,0,133.36561584472656,43.17313766479492,9.447988510131836,5.537627220153809,1,-1,-1,-1
1761,180,289.09173583984375,56.886573791503906,13.37775993347168,8.992892265319824,1,-1,-1,-1
1761,53,233.7442626953125,168.24136352539062,23.416337966918945,9.766849517822266,1,-1,-1,-1
1761,0,161.74957275390625,58.255859375,14.005073547363281,5.799652099609375,1,-1,-1,-1
1781,180,312.6748962402344,76.31655883789062,11.128769874572754,3.9574222564697266,1,-1,-1,-1
1781,0,188.21566772460938,78.80424499511719,7.997293472290039,3.173511028289795,1,-1,-1,-1
1781,53,216.82763671875,161.64608764648438,22.280752182006836,5.974053859710693,1,-1,-1,-1
1801,53,223.41436767578125,142.08558654785156,18.366344451904297,6.856363773345947,1,-1,-1,-1
1801,180,315.9311828613281,79.87482452392578,11.203508377075195,4.75817346572876,1,-1,-1,-1
1801,0,195.58123779296875,94.81993103027344,6.625497817993164,3.4869589805603027,1,-1,-1,-1
1821,53,222.0867919921875,120.3057861328125,21.13828468322754,6.724370956420898,1,-1,-1,-1
1821,0,215.60614013671875,105.93740844726562,5.354190349578857,2.952296018600464,1,-1,-1,-1
1821,180,313.15045166015625,88.3429183959961,10.837369918823242,6.345541954040527,1,-1,-1,-1
1841,180,495.39678955078125,198.6388397216797,11.961817741394043,4.412907600402832,1,-1,-1,-1
1841,438,222.3302001953125,100.1522216796875,21.675769805908203,7.947595119476318,1,-1,-1,-1
1841,53,492.92071533203125,191.26136779785156,10.182422637939453,4.468029975891113,1,-1,-1,-1
1841,0,310.02813720703125,130.30087280273438,10.498985290527344,5.477870464324951,1,-1,-1,-1
1861,465,232.3475799560547,106.84043884277344,5.620396137237549,3.1564080715179443,1,-1,-1,-1
1861,0,307.6228332519531,178.09860229492188,8.847794532775879,3.8675034046173096,1,-1,-1,-1
1861,53,222.89276123046875,82.64945220947266,21.21807289123535,7.811980247497559,1,-1,-1,-1
1861,180,492.8271179199219,191.0621337890625,10.375247955322266,4.508660793304443,1,-1,-1,-1
1881,0,495.14105224609375,198.59173583984375,12.090941429138184,4.448516845703125,1,-1,-1,-1
1881,53,225.32960510253906,102.08251190185547,19.06070899963379,7.741057872772217,1,-1,-1,-1
1881,180,304.77301025390625,165.50283813476562,7.329719066619873,4.010063171386719,1,-1,-1,-1
1901,180,229.635498046875,104.10053253173828,6.822323322296143,3.2353322505950928,1,-1,-1,-1
1901,53,492.8204650878906,191.17271423339844,10.239307403564453,4.343688488006592,1,-1,-1,-1
1901,492,222.75311279296875,149.0166778564453,19.915666580200195,6.4886956214904785,1,-1,-1,-1
1901,0,303.2070617675781,119.41787719726562,7.453573226928711,3.2449951171875,1,-1,-1,-1
1921,0,285.93341064453125,101.5602035522461,8.459783554077148,3.732837677001953,1,-1,-1,-1
1921,519,221.30117797851562,100.39092254638672,7.015472412109375,3.6239845752716064,1,-1,-1,-1
1921,53,492.8210144042969,191.2188262939453,10.141056060791016,4.491652965545654,1,-1,-1,-1
1921,520,218.6663818359375,172.0509033203125,23.38421058654785,5.748533248901367,1,-1,-1,-1
1941,0,251.529541015625,91.28665924072266,8.319202423095703,3.4178128242492676,1,-1,-1,-1
1941,555,211.55982971191406,91.99182891845703,8.243454933166504,5.305054664611816,1,-1,-1,-1
1941,180,218.50039672851562,208.561767578125,19.502166748046875,4.7767133712768555,1,-1,-1,-1
1941,53,492.73602294921875,191.2222137451172,10.321826934814453,4.395470142364502,1,-1,-1,-1
1961,0,224.70407104492188,80.52014923095703,9.265982627868652,4.796272277832031,1,-1,-1,-1
1961,579,203.66836547851562,96.61775207519531,7.981710910797119,3.434460401535034,1,-1,-1,-1
1961,180,217.41363525390625,206.1896514892578,19.74628257751465,5.838133811950684,1,-1,-1,-1
1961,53,492.6766662597656,191.23309326171875,10.413094520568848,4.366405010223389,1,-1,-1,-1
1981,596,206.17007446289062,99.5262222290039,6.293852806091309,3.125197649002075,1,-1,-1,-1
1981,180,217.27215576171875,187.27865600585938,20.592140197753906,6.0731730461120605,1,-1,-1,-1
1981,0,221.08106994628906,104.54447937011719,9.529019355773926,5.529931545257568,1,-1,-1,-1
1981,53,492.78887939453125,191.19381713867188,10.201292991638184,4.34823751449585,1,-1,-1,-1
2001,0,266.0848693847656,100.15560150146484,10.128124237060547,5.10898494720459,1,-1,-1,-1
2001,53,492.865478515625,191.1210174560547,10.430610656738281,4.621500492095947,1,-1,-1,-1
2001,180,220.0475311279297,173.3498992919922,19.875354766845703,6.287133693695068,1,-1,-1,-1
2021,605,227.80404663085938,107.53678894042969,7.405295372009277,3.3125674724578857,1,-1,-1,-1
2021,53,492.74151611328125,191.1997833251953,10.18097972869873,4.479225158691406,1,-1,-1,-1
2021,180,219.19113159179688,171.95965576171875,20.19476890563965,6.001231670379639,1,-1,-1,-1
2021,0,343.96563720703125,114.07392883300781,12.143386840820312,7.057228088378906,1,-1,-1,-1
2041,605,224.52902221679688,122.8021469116211,7.020022869110107,3.8509297370910645,1,-1,-1,-1
2041,0,379.1947021484375,133.4492645263672,11.017266273498535,4.459972858428955,1,-1,-1,-1
2041,180,218.96385192871094,208.35218811035156,18.851613998413086,5.439373016357422,1,-1,-1,-1
2041,53,492.70062255859375,191.12197875976562,10.361279487609863,4.5225701332092285,1,-1,-1,-1
2061,605,222.80255126953125,129.4104766845703,7.964120864868164,4.280165672302246,1,-1,-1,-1
2061,0,355.890869140625,131.44644165039062,12.020895004272461,5.408834457397461,1,-1,-1,-1
2061,180,215.75454711914062,201.53944396972656,22.71240234375,5.365020751953125,1,-1,-1,-1
2061,53,492.8514404296875,191.35919189453125,10.102906227111816,4.332311630249023,1,-1,-1,-1
2081,605,233.6456298828125,132.83560180664062,5.058043003082275,3.162755012512207,1,-1,-1,-1
2081,180,216.07949829101562,180.95608520507812,25.556669235229492,5.920810222625732,1,-1,-1,-1
2081,53,492.80474853515625,191.1272430419922,10.296043395996094,4.389803409576416,1,-1,-1,-1
2081,0,296.48046875,131.1167449951172,11.552849769592285,4.617110252380371,1,-1,-1,-1
2101,605,242.95057678222656,135.67141723632812,5.830914497375488,3.309818744659424,1,-1,-1,-1
2101,53,492.894287109375,191.15228271484375,10.253230094909668,4.422020435333252,1,-1,-1,-1
2101,0,253.23306274414062,133.95201110839844,11.84178352355957,4.735776424407959,1,-1,-1,-1
2101,180,220.25779724121094,170.47015380859375,20.305118560791016,6.125425815582275,1,-1,-1,-1
2121,605,268.96685791015625,142.77783203125,6.000876426696777,3.1170008182525635,1,-1,-1,-1
2121,625,495.37005615234375,198.57472229003906,11.976335525512695,4.455138206481934,1,-1,-1,-1
2121,53,492.9281921386719,191.2018280029297,10.151544570922852,4.398987293243408,1,-1,-1,-1
2121,0,260.96051025390625,132.7916259765625,11.084567070007324,5.036443710327148,1,-1,-1,-1
2121,180,229.36119079589844,169.05738830566406,20.713823318481445,9.347654342651367,1,-1,-1,-1
2124,605,271.97259521484375,143.41043090820312,5.420548915863037,3.003225088119507,1,-1,-1,-1
2124,180,233.95697021484375,169.9346923828125,20.824310302734375,8.382002830505371,1,-1,-1,-1
2124,625,495.37799072265625,198.56964111328125,11.980768203735352,4.445208549499512,1,-1,-1,-1
2124,53,492.9219055175781,191.2407989501953,10.221604347229004,4.434408664703369,1,-1,-1,-1
2124,0,263.694580078125,132.57081604003906,12.039005279541016,5.0737833976745605,1,-1,-1,-1
