1,0,325.3425598144531,224.52357482910156,19.093395233154297,5.4240031242370605,1,-1,-1,-1
1,1,420.4736633300781,134.400390625,11.98859691619873,4.710516452789307,1,-1,-1,-1
1,2,506.5958251953125,110.37020874023438,16.528575897216797,6.9867072105407715,1,-1,-1,-1
21,0,325.21954345703125,228.8301544189453,17.482067108154297,5.303476810455322,1,-1,-1,-1
21,2,505.72686767578125,113.94652557373047,10.310288429260254,4.743488788604736,1,-1,-1,-1
21,1,416.1279296875,138.31663513183594,12.34450912475586,4.689086437225342,1,-1,-1,-1
41,0,325.7510681152344,231.1630096435547,16.992090225219727,4.5817646980285645,1,-1,-1,-1
41,2,502.70721435546875,116.26441955566406,11.474411010742188,5.135011196136475,1,-1,-1,-1
41,1,411.9980163574219,139.76333618164062,12.079565048217773,5.3843994140625,1,-1,-1,-1
61,0,333.302490234375,229.5072021484375,18.09969711303711,4.863420486450195,1,-1,-1,-1
61,2,503.31329345703125,119.5622329711914,12.57759952545166,4.958009719848633,1,-1,-1,-1
61,1,400.91363525390625,141.78997802734375,12.868491172790527,5.625436305999756,1,-1,-1,-1
81,0,350.0572509765625,225.4431610107422,17.7386417388916,5.703505516052246,1,-1,-1,-1
81,2,514.3934326171875,122.12960052490234,12.352264404296875,4.883278846740723,1,-1,-1,-1
81,1,389.2774658203125,144.29986572265625,12.738504409790039,4.686315536499023,1,-1,-1,-1
101,0,353.1811218261719,222.28895568847656,16.5368595123291,5.5853657722473145,1,-1,-1,-1
101,2,537.4254150390625,121.69625091552734,13.296455383300781,4.80672025680542,1,-1,-1,-1
101,1,378.29522705078125,145.7215576171875,12.465239524841309,5.396492004394531,1,-1,-1,-1
121,0,352.3251953125,219.95887756347656,18.085081100463867,4.7905192375183105,1,-1,-1,-1
121,1,367.3284606933594,148.48507690429688,12.575979232788086,4.089170455932617,1,-1,-1,-1
121,2,568.36474609375,120.45291900634766,13.432191848754883,4.967013359069824,1,-1,-1,-1
141,2,586.6075439453125,120.09789276123047,11.564149856567383,4.616356372833252,1,-1,-1,-1
141,0,350.29522705078125,218.2333221435547,16.809736251831055,5.251339435577393,1,-1,-1,-1
141,1,358.15301513671875,149.3867950439453,12.253331184387207,5.0917205810546875,1,-1,-1,-1
161,2,588.3438720703125,118.50582122802734,10.758781433105469,4.62998104095459,1,-1,-1,-1
161,0,346.1395568847656,217.19351196289062,16.980060577392578,4.945651531219482,1,-1,-1,-1
161,1,347.19219970703125,149.3775177001953,11.702510833740234,5.345226287841797,1,-1,-1,-1
181,2,585.22412109375,118.24665069580078,12.326946258544922,4.528896331787109,1,-1,-1,-1
181,0,345.18695068359375,217.1194610595703,17.984146118164062,4.922626972198486,1,-1,-1,-1
181,1,331.0255126953125,154.3195037841797,12.775774002075195,5.155058860778809,1,-1,-1,-1
201,2,579.501220703125,116.87348175048828,13.147441864013672,5.184415340423584,1,-1,-1,-1
201,0,349.9415283203125,216.67384338378906,18.27726173400879,4.676420211791992,1,-1,-1,-1
221,2,573.3777465820312,117.01036071777344,12.739822387695312,5.082766532897949,1,-1,-1,-1
221,0,359.813720703125,214.95277404785156,17.991924285888672,5.439163684844971,1,-1,-1,-1
221,1,298.94146728515625,168.40647888183594,13.535014152526855,4.4234113693237305,1,-1,-1,-1
241,0,374.7003173828125,214.57131958007812,17.005495071411133,5.284178733825684,1,-1,-1,-1
241,1,300.1052551269531,180.97488403320312,12.444351196289062,4.433249473571777,1,-1,-1,-1
241,2,567.0358276367188,117.34192657470703,12.927817344665527,4.779577255249023,1,-1,-1,-1
261,0,389.3100280761719,213.85739135742188,17.211776733398438,5.220716953277588,1,-1,-1,-1
261,1,299.86004638671875,201.21670532226562,12.569503784179688,4.220929145812988,1,-1,-1,-1
261,2,560.772216796875,117.27743530273438,13.129263877868652,5.5451979637146,1,-1,-1,-1
281,0,397.45794677734375,209.1126708984375,17.64691925048828,5.334785461425781,1,-1,-1,-1
281,1,299.7926330566406,216.9452362060547,12.727465629577637,3.851680040359497,1,-1,-1,-1
281,2,555.6328735351562,117.74803924560547,14.173563003540039,5.242185592651367,1,-1,-1,-1
301,0,396.6166687011719,198.81777954101562,17.17972183227539,5.660984992980957,1,-1,-1,-1
301,1,300.3930358886719,233.73020935058594,12.751317024230957,4.041859149932861,1,-1,-1,-1
301,2,550.6029663085938,118.21273040771484,13.845739364624023,4.636144638061523,1,-1,-1,-1
321,0,394.639892578125,200.3339080810547,18.180335998535156,5.339709758758545,1,-1,-1,-1
321,2,546.2899780273438,118.52621459960938,12.111799240112305,4.961823463439941,1,-1,-1,-1
321,1,303.4419860839844,251.06179809570312,12.436044692993164,4.17319917678833,1,-1,-1,-1
341,0,392.66510009765625,190.99066162109375,17.446413040161133,4.950870990753174,1,-1,-1,-1
341,2,541.5310668945312,118.92230987548828,12.870351791381836,4.741906642913818,1,-1,-1,-1
361,0,393.6373291015625,184.1846923828125,16.75373077392578,5.538815498352051,1,-1,-1,-1
361,2,538.70703125,118.88642883300781,11.770669937133789,4.875729560852051,1,-1,-1,-1
361,1,306.23614501953125,284.4596862792969,10.742849349975586,4.260828495025635,1,-1,-1,-1
381,2,536.8071899414062,118.97095489501953,13.942647933959961,4.966744422912598,1,-1,-1,-1
381,0,406.0230712890625,184.00640869140625,20.190217971801758,4.750629901885986,1,-1,-1,-1
401,2,534.1565551757812,119.30518341064453,14.100967407226562,5.413309574127197,1,-1,-1,-1
401,0,431.95562744140625,179.80532836914062,16.788707733154297,5.550693035125732,1,-1,-1,-1
421,2,531.6918334960938,120.0570297241211,11.440404891967773,4.808029651641846,1,-1,-1,-1
421,0,461.012451171875,176.3647003173828,18.127622604370117,4.923832893371582,1,-1,-1,-1
441,2,529.5525512695312,120.9941177368164,10.095038414001465,5.037036418914795,1,-1,-1,-1
441,1,416.43768310546875,271.32684326171875,12.555482864379883,4.158126354217529,1,-1,-1,-1
441,0,490.3428649902344,174.16714477539062,16.970897674560547,5.648462772369385,1,-1,-1,-1
461,2,526.1608276367188,121.41382598876953,9.592231750488281,4.769740581512451,1,-1,-1,-1
461,0,517.6474609375,175.25453186035156,17.74959945678711,5.856022834777832,1,-1,-1,-1
461,1,446.81011962890625,267.4171142578125,12.576229095458984,4.891136169433594,1,-1,-1,-1
481,2,516.746826171875,124.2139892578125,8.639787673950195,4.07226037979126,1,-1,-1,-1
481,0,541.399658203125,190.86245727539062,16.187744140625,4.884192943572998,1,-1,-1,-1
501,1,489.0937805175781,261.3321228027344,14.217226028442383,4.886350631713867,1,-1,-1,-1
501,2,512.2442626953125,122.87689971923828,11.370792388916016,4.695450782775879,1,-1,-1,-1
501,0,552.0897827148438,198.16847229003906,19.349597930908203,5.4239983558654785,1,-1,-1,-1
521,1,506.6971130371094,258.81805419921875,12.056084632873535,4.56075382232666,1,-1,-1,-1
521,2,505.6642150878906,122.73519134521484,12.166938781738281,5.167712688446045,1,-1,-1,-1
521,0,554.3816528320312,202.10292053222656,17.704898834228516,6.097438335418701,1,-1,-1,-1
541,9,524.7350463867188,255.98280334472656,13.746480941772461,4.369958400726318,1,-1,-1,-1
541,1,497.9171142578125,217.2547607421875,11.456704139709473,4.898236274719238,1,-1,-1,-1
541,2,498.6448974609375,123.46794891357422,12.696849822998047,4.881871223449707,1,-1,-1,-1
541,0,556.3621215820312,210.15562438964844,18.44365692138672,5.864500045776367,1,-1,-1,-1
561,2,492.4022216796875,123.59800720214844,11.420689582824707,5.286726951599121,1,-1,-1,-1
561,1,549.8206176757812,215.16783142089844,13.4156494140625,4.936918258666992,1,-1,-1,-1
581,2,485.0257873535156,123.85868072509766,12.232064247131348,5.904527187347412,1,-1,-1,-1
581,0,536.2823486328125,219.34494018554688,15.817488670349121,5.748003959655762,1,-1,-1,-1
581,1,563.470703125,252.0629119873047,12.283225059509277,4.631321907043457,1,-1,-1,-1
601,2,478.27545166015625,124.89018249511719,11.576160430908203,5.0388264656066895,1,-1,-1,-1
601,1,583.760986328125,249.79837036132812,14.589288711547852,5.342399597167969,1,-1,-1,-1
621,2,472.1997375488281,125.09003448486328,12.549452781677246,5.383737087249756,1,-1,-1,-1
621,1,524.3507080078125,222.31834411621094,14.976173400878906,4.713694095611572,1,-1,-1,-1
641,2,465.3625793457031,125.65364074707031,13.581928253173828,5.288522720336914,1,-1,-1,-1
641,0,510.5029296875,223.8313751220703,20.019824981689453,5.541204929351807,1,-1,-1,-1
661,2,458.1180114746094,126.81449127197266,13.094409942626953,5.542888641357422,1,-1,-1,-1
661,0,501.89996337890625,226.15447998046875,18.954195022583008,5.246672630310059,1,-1,-1,-1
681,2,450.27423095703125,127.60112762451172,12.376230239868164,5.45022439956665,1,-1,-1,-1
681,0,489.0285949707031,229.67593383789062,18.995532989501953,5.381549835205078,1,-1,-1,-1
701,2,440.418212890625,128.539794921875,13.774072647094727,5.377233505249023,1,-1,-1,-1
701,0,478.25311279296875,232.95921325683594,17.111572265625,5.10712194442749,1,-1,-1,-1
721,2,428.94439697265625,129.38800048828125,13.351154327392578,5.519352912902832,1,-1,-1,-1
721,0,465.5326843261719,235.66207885742188,18.685771942138672,5.217817306518555,1,-1,-1,-1
741,2,416.2170715332031,130.58204650878906,11.808358192443848,5.269761562347412,1,-1,-1,-1
741,0,455.11871337890625,239.22300720214844,18.554046630859375,5.080499649047852,1,-1,-1,-1
761,2,402.30877685546875,131.70420837402344,11.662769317626953,5.156382083892822,1,-1,-1,-1
761,0,442.7594299316406,239.42816162109375,19.200672149658203,5.148087978363037,1,-1,-1,-1
781,21,610.5028686523438,183.4320831298828,15.316105842590332,5.246569633483887,1,-1,-1,-1
781,2,388.0258483886719,132.79527282714844,11.806794166564941,5.350709915161133,1,-1,-1,-1
781,0,433.1102294921875,237.51058959960938,17.647296905517578,4.924602031707764,1,-1,-1,-1
801,21,592.4252319335938,183.2276611328125,11.24435806274414,4.45361328125,1,-1,-1,-1
801,2,374.29095458984375,133.833251953125,11.909473419189453,5.1165080070495605,1,-1,-1,-1
801,0,423.5908203125,236.51319885253906,16.632081985473633,4.791909694671631,1,-1,-1,-1
821,2,359.87188720703125,134.7516632080078,11.287025451660156,5.958166122436523,1,-1,-1,-1
821,0,412.8013916015625,235.57180786132812,16.551311492919922,4.702498912811279,1,-1,-1,-1
821,21,567.9786376953125,182.05398559570312,14.220495223999023,4.185439109802246,1,-1,-1,-1
841,2,346.2037353515625,136.7260284423828,12.088008880615234,5.011558532714844,1,-1,-1,-1
841,21,547.4985961914062,185.31448364257812,12.245421409606934,4.111270427703857,1,-1,-1,-1
841,0,405.3565979003906,234.2836456298828,16.719425201416016,4.177725315093994,1,-1,-1,-1
861,21,520.3290405273438,182.29212951660156,13.118473052978516,5.021219253540039,1,-1,-1,-1
861,0,403.401611328125,232.09364318847656,17.692312240600586,4.486854553222656,1,-1,-1,-1
881,2,322.357177734375,139.20950317382812,11.562393188476562,5.502634048461914,1,-1,-1,-1
881,21,492.90557861328125,182.60467529296875,11.694904327392578,4.747153282165527,1,-1,-1,-1
881,0,402.5016784667969,231.85997009277344,18.20694923400879,4.787008762359619,1,-1,-1,-1
901,2,310.90301513671875,140.88763427734375,12.38637924194336,4.969216346740723,1,-1,-1,-1
901,21,460.901123046875,185.14718627929688,12.528615951538086,4.444460868835449,1,-1,-1,-1
901,0,401.9445495605469,233.0858154296875,18.175161361694336,5.116872787475586,1,-1,-1,-1
921,21,430.16522216796875,188.32144165039062,12.418725967407227,4.239140510559082,1,-1,-1,-1
921,0,400.9538269042969,234.47581481933594,16.887205123901367,5.017238140106201,1,-1,-1,-1
921,2,300.8488464355469,141.7303924560547,12.630959510803223,5.317867755889893,1,-1,-1,-1
941,21,402.003662109375,191.99560546875,12.319482803344727,4.306950569152832,1,-1,-1,-1
941,0,398.57098388671875,234.7941436767578,19.15095329284668,5.262912750244141,1,-1,-1,-1
941,2,291.0608215332031,142.97573852539062,13.265467643737793,5.000401020050049,1,-1,-1,-1
961,2,282.9461975097656,143.8998565673828,11.782512664794922,5.1847662925720215,1,-1,-1,-1
961,0,391.91748046875,236.79766845703125,15.325620651245117,4.828246593475342,1,-1,-1,-1
961,21,375.4428405761719,194.70994567871094,13.228196144104004,4.458460807800293,1,-1,-1,-1
981,2,275.5567626953125,145.04730224609375,10.800058364868164,4.82216739654541,1,-1,-1,-1
981,0,362.3477783203125,239.85804748535156,16.22513198852539,4.90887975692749,1,-1,-1,-1
981,21,353.33642578125,198.1748046875,11.440634727478027,3.8152670860290527,1,-1,-1,-1
1001,2,271.580810546875,146.90353393554688,11.614812850952148,5.01575231552124,1,-1,-1,-1
1001,0,328.8273620605469,242.21694946289062,17.26703453063965,4.0966644287109375,1,-1,-1,-1
1001,21,331.19915771484375,200.77894592285156,12.20878791809082,3.7773947715759277,1,-1,-1,-1
1021,0,324.9974060058594,240.16111755371094,16.712989807128906,4.844446182250977,1,-1,-1,-1
1021,2,272.4803466796875,150.99505615234375,11.752643585205078,4.830557346343994,1,-1,-1,-1
1041,0,323.2769470214844,238.87770080566406,17.93557357788086,6.9739179611206055,1,-1,-1,-1
1041,2,273.5179748535156,152.05043029785156,13.368385314941406,5.018177032470703,1,-1,-1,-1
1061,2,287.0052490234375,151.28103637695312,12.313438415527344,4.752288818359375,1,-1,-1,-1
1061,0,302.330078125,240.92874145507812,17.19314193725586,5.416633605957031,1,-1,-1,-1
1061,21,273.62353515625,209.04995727539062,11.990338325500488,3.867523670196533,1,-1,-1,-1
1081,2,310.1955261230469,149.64117431640625,11.034746170043945,4.591681480407715,1,-1,-1,-1
1081,0,266.06402587890625,243.86279296875,17.891197204589844,4.468953609466553,1,-1,-1,-1
1081,21,256.4585266113281,212.94439697265625,8.587030410766602,3.523869037628174,1,-1,-1,-1
1101,2,333.5497741699219,147.46176147460938,10.312432289123535,5.243343353271484,1,-1,-1,-1
1101,0,251.21156311035156,243.2328643798828,16.405834197998047,4.368692874908447,1,-1,-1,-1
1101,21,244.68182373046875,215.1609344482422,11.37716293334961,3.300652265548706,1,-1,-1,-1
1121,2,339.8841552734375,141.794921875,11.232165336608887,5.56709098815918,1,-1,-1,-1
1121,0,248.0806121826172,240.67405700683594,18.267333984375,5.312943458557129,1,-1,-1,-1
1121,21,245.1002655029297,229.3039093017578,12.139302253723145,4.349653244018555,1,-1,-1,-1
1141,0,230.72265625,238.26148986816406,17.427677154541016,4.503078460693359,1,-1,-1,-1
1141,21,247.54867553710938,246.07229614257812,12.342439651489258,4.428277015686035,1,-1,-1,-1
1141,2,337.55438232421875,127.7633056640625,12.478265762329102,5.1580986976623535,1,-1,-1,-1
1161,21,249.2069091796875,262.06488037109375,13.931234359741211,4.7644734382629395,1,-1,-1,-1
1161,0,211.62515258789062,235.2161102294922,18.012718200683594,4.514808654785156,1,-1,-1,-1
1161,2,339.15625,125.8652572631836,11.505931854248047,5.094150066375732,1,-1,-1,-1
1181,0,211.6140594482422,230.48703002929688,18.411849975585938,4.326565742492676,1,-1,-1,-1
1181,21,252.30699157714844,277.2125549316406,12.93110466003418,4.43047571182251,1,-1,-1,-1
1181,2,347.5050354003906,124.74555969238281,11.233779907226562,5.177957534790039,1,-1,-1,-1
1201,2,356.1122131347656,123.74047088623047,11.160616874694824,5.115509510040283,1,-1,-1,-1
1201,0,222.48739624023438,225.1494598388672,18.2672061920166,4.949320316314697,1,-1,-1,-1
1221,2,364.3035888671875,122.94496154785156,12.887873649597168,4.644618988037109,1,-1,-1,-1
1221,0,227.38421630859375,237.33131408691406,17.305009841918945,4.347149848937988,1,-1,-1,-1
1221,21,249.53656005859375,299.3582763671875,12.2686767578125,4.237115383148193,1,-1,-1,-1
1241,2,376.5616455078125,120.83196258544922,11.275795936584473,5.776618003845215,1,-1,-1,-1
1241,0,230.8786163330078,239.55905151367188,18.130781173706055,4.751537799835205,1,-1,-1,-1
1241,21,262.5697021484375,297.8111572265625,11.89637565612793,4.070556163787842,1,-1,-1,-1
1261,0,244.6768035888672,241.68919372558594,16.546539306640625,4.709388256072998,1,-1,-1,-1
1261,2,382.3819580078125,120.33138275146484,12.572303771972656,5.734101295471191,1,-1,-1,-1
1261,21,289.5027160644531,293.2003479003906,10.202332496643066,3.640584707260132,1,-1,-1,-1
1281,0,262.37591552734375,245.93560791015625,17.266925811767578,5.1576151847839355,1,-1,-1,-1
1281,2,386.1600341796875,120.16389465332031,13.046989440917969,5.321206092834473,1,-1,-1,-1
1301,0,271.2310485839844,250.21197509765625,18.871414184570312,4.743113994598389,1,-1,-1,-1
1301,21,349.2989807128906,281.06243896484375,13.32420539855957,4.433813571929932,1,-1,-1,-1
1301,2,400.04705810546875,118.57044982910156,12.915731430053711,5.6894145011901855,1,-1,-1,-1
1321,0,281.09356689453125,252.67193603515625,15.819424629211426,4.778345108032227,1,-1,-1,-1
1321,2,415.02508544921875,116.65151977539062,11.760833740234375,6.55684232711792,1,-1,-1,-1
1341,21,419.999755859375,271.3178405761719,8.800724983215332,3.493835687637329,1,-1,-1,-1
1341,0,287.6865234375,255.26966857910156,10.63845443725586,4.7383198738098145,1,-1,-1,-1
1341,2,421.60626220703125,116.38387298583984,13.556584358215332,5.569216251373291,1,-1,-1,-1
1361,21,290.6188659667969,253.53668212890625,20.089462280273438,7.278323650360107,1,-1,-1,-1
1361,2,427.010986328125,115.74223327636719,13.18785572052002,5.30098819732666,1,-1,-1,-1
1361,0,442.16119384765625,270.03045654296875,10.511573791503906,3.981703996658325,1,-1,-1,-1
1381,0,303.17279052734375,250.86245727539062,10.502372741699219,4.332701683044434,1,-1,-1,-1
1381,2,435.5211181640625,113.83076477050781,12.830353736877441,6.144669055938721,1,-1,-1,-1
1381,21,442.0563049316406,266.4832458496094,13.711620330810547,4.244479179382324,1,-1,-1,-1
1401,21,300.6773376464844,246.89761352539062,13.839317321777344,5.052619457244873,1,-1,-1,-1
1401,2,437.67608642578125,114.22721099853516,11.888158798217773,5.44343376159668,1,-1,-1,-1
1401,0,440.5474853515625,251.990234375,13.332581520080566,4.074460983276367,1,-1,-1,-1
1421,21,299.13885498046875,244.28021240234375,17.184865951538086,4.783813953399658,1,-1,-1,-1
1421,2,437.75225830078125,115.89443969726562,10.894700050354004,5.010295867919922,1,-1,-1,-1
1421,0,438.16510009765625,236.69236755371094,12.64188003540039,4.6678667068481445,1,-1,-1,-1
1441,21,299.00762939453125,243.0675048828125,17.291358947753906,4.820307731628418,1,-1,-1,-1
1441,2,436.28460693359375,118.52425384521484,11.732216835021973,5.069400310516357,1,-1,-1,-1
1441,0,435.9835510253906,222.9932098388672,12.93936538696289,4.349611759185791,1,-1,-1,-1
1461,21,299.15228271484375,242.5453643798828,17.86870574951172,5.378744602203369,1,-1,-1,-1
1461,2,436.317138671875,122.07081604003906,13.746670722961426,5.051994800567627,1,-1,-1,-1
1461,0,433.1761474609375,209.13226318359375,12.811729431152344,4.229682445526123,1,-1,-1,-1
1481,0,434.1363830566406,197.08982849121094,12.177886962890625,4.597058296203613,1,-1,-1,-1
1481,21,298.9036865234375,242.28773498535156,17.672679901123047,5.31760311126709,1,-1,-1,-1
1481,2,439.7536926269531,121.96036529541016,12.763195037841797,4.862720012664795,1,-1,-1,-1
1501,0,434.52362060546875,190.57762145996094,11.998939514160156,4.320843696594238,1,-1,-1,-1
1501,2,455.4143981933594,120.85356140136719,13.23662281036377,5.274113655090332,1,-1,-1,-1
1501,21,301.7005310058594,241.65072631835938,18.60639190673828,5.204398155212402,1,-1,-1,-1
1521,0,441.51470947265625,191.80227661132812,13.368762969970703,3.8465144634246826,1,-1,-1,-1
1521,2,466.2596435546875,119.90110778808594,11.958130836486816,5.956586837768555,1,-1,-1,-1
1521,21,311.4852600097656,241.4341278076172,17.131006240844727,4.718590259552002,1,-1,-1,-1
1541,2,469.6568298339844,120.4726333618164,13.65771484375,5.539408206939697,1,-1,-1,-1
1541,0,464.4142150878906,191.78599548339844,12.884260177612305,4.351903438568115,1,-1,-1,-1
1541,21,317.2491455078125,241.58680725097656,16.895736694335938,5.123809337615967,1,-1,-1,-1
1561,2,474.1387939453125,127.48204803466797,14.292182922363281,5.457589149475098,1,-1,-1,-1
1561,0,484.56201171875,189.76443481445312,12.263326644897461,5.032183647155762,1,-1,-1,-1
1561,21,316.70855712890625,240.4735565185547,18.49448013305664,5.309585094451904,1,-1,-1,-1
1581,34,487.5759582519531,190.3334503173828,12.712989807128906,4.0149407386779785,1,-1,-1,-1
1581,0,476.72021484375,141.52622985839844,13.413619995117188,5.438632011413574,1,-1,-1,-1
1581,21,316.10601806640625,240.5137939453125,17.361927032470703,4.5144853591918945,1,-1,-1,-1
1601,0,487.0648498535156,192.05511474609375,12.892980575561523,4.405632495880127,1,-1,-1,-1
1601,2,475.7986755371094,147.67474365234375,13.195154190063477,5.17264986038208,1,-1,-1,-1
1601,21,321.2144470214844,240.31594848632812,19.32874298095703,4.847461223602295,1,-1,-1,-1
1621,0,477.43365478515625,195.5704803466797,12.751349449157715,5.5302605628967285,1,-1,-1,-1
1621,21,331.3675231933594,241.28189086914062,16.987699508666992,4.171852111816406,1,-1,-1,-1
1621,2,475.7520751953125,147.51824951171875,13.022502899169922,5.395196914672852,1,-1,-1,-1
1641,0,448.9610290527344,201.5771942138672,13.692120552062988,4.633395195007324,1,-1,-1,-1
1641,21,341.56597900390625,242.38893127441406,15.681192398071289,4.559019088745117,1,-1,-1,-1
1641,2,478.07958984375,147.86106872558594,11.55224895477295,5.0733795166015625,1,-1,-1,-1
1661,0,427.5166015625,205.20687866210938,12.350641250610352,4.034636974334717,1,-1,-1,-1
1661,21,341.8267517089844,244.96395874023438,15.90009880065918,4.7223711013793945,1,-1,-1,-1
1661,2,484.26226806640625,146.8925323486328,12.872475624084473,5.215785026550293,1,-1,-1,-1
1681,21,342.627685546875,239.22120666503906,20.278270721435547,5.295566558837891,1,-1,-1,-1
1681,2,488.2722473144531,144.95388793945312,12.170011520385742,4.764872074127197,1,-1,-1,-1
1681,0,420.98828125,186.65956115722656,12.206205368041992,4.5792694091796875,1,-1,-1,-1
1701,21,345.961669921875,234.4824676513672,18.1694278717041,4.377618789672852,1,-1,-1,-1
1701,2,486.8213195800781,137.70379638671875,13.419900894165039,5.148099899291992,1,-1,-1,-1
1721,0,396.9061584472656,192.2716064453125,12.83416748046875,3.94852614402771,1,-1,-1,-1
1721,21,363.58502197265625,227.49488830566406,18.350610733032227,6.438437461853027,1,-1,-1,-1
1721,2,484.46099853515625,124.84844970703125,12.575469017028809,5.209871768951416,1,-1,-1,-1
1741,0,391.733642578125,193.59506225585938,12.568099975585938,4.609312534332275,1,-1,-1,-1
1741,21,367.3054504394531,223.32034301757812,19.21206283569336,5.42285680770874,1,-1,-1,-1
1741,2,483.2659606933594,109.66618347167969,10.781296730041504,5.334113597869873,1,-1,-1,-1
1761,0,389.0797424316406,197.0045623779297,12.04241943359375,4.218093395233154,1,-1,-1,-1
1761,21,369.0603332519531,218.7083740234375,19.368276596069336,5.205310344696045,1,-1,-1,-1
1761,2,481.983154296875,105.6314926147461,13.456666946411133,5.208667278289795,1,-1,-1,-1
1781,0,381.2331848144531,200.6234130859375,11.613759994506836,4.544320583343506,1,-1,-1,-1
1781,21,371.712158203125,214.84706115722656,16.483352661132812,5.284931659698486,1,-1,-1,-1
1781,2,481.09100341796875,105.55885314941406,12.644918441772461,5.15070915222168,1,-1,-1,-1
1801,21,369.1299743652344,213.2183074951172,18.88434410095215,5.586015701293945,1,-1,-1,-1
1801,0,358.11920166015625,205.53829956054688,11.79761028289795,4.412949085235596,1,-1,-1,-1
1801,2,478.39776611328125,105.57196044921875,13.289122581481934,5.021755218505859,1,-1,-1,-1
1821,21,365.7590026855469,213.71656799316406,18.583757400512695,5.777881145477295,1,-1,-1,-1
1821,0,326.04888916015625,209.1178741455078,12.550164222717285,3.842722177505493,1,-1,-1,-1
1821,2,474.25634765625,105.37137603759766,12.23591423034668,5.453560829162598,1,-1,-1,-1
1841,21,363.5629577636719,213.72390747070312,17.837060928344727,5.35919713973999,1,-1,-1,-1
1841,0,312.0395812988281,209.6532745361328,12.086383819580078,3.999443292617798,1,-1,-1,-1
1841,2,473.39642333984375,105.70736694335938,12.715578079223633,5.124024391174316,1,-1,-1,-1
1861,21,368.43365478515625,213.5664520263672,20.427078247070312,5.610204696655273,1,-1,-1,-1
1861,0,311.7291259765625,213.3895721435547,12.539811134338379,4.000352382659912,1,-1,-1,-1
1861,2,473.408447265625,105.05081176757812,12.45659351348877,5.095146656036377,1,-1,-1,-1
1881,2,474.6702575683594,112.85977172851562,13.57669734954834,5.594381332397461,1,-1,-1,-1
1881,21,369.68206787109375,214.274658203125,18.764638900756836,5.557571887969971,1,-1,-1,-1
1881,0,315.0978698730469,225.95809936523438,11.888093948364258,4.2170820236206055,1,-1,-1,-1
1901,2,476.0791320800781,120.94579315185547,13.2936429977417,5.834043502807617,1,-1,-1,-1
1901,21,370.59686279296875,216.64443969726562,17.90900993347168,5.184624671936035,1,-1,-1,-1
1901,0,315.8025817871094,241.4276123046875,11.672039031982422,4.079645156860352,1,-1,-1,-1
1921,2,473.5166015625,121.08328247070312,12.15371036529541,5.4341206550598145,1,-1,-1,-1
1921,21,374.136474609375,216.7587890625,18.25504493713379,5.16680908203125,1,-1,-1,-1
1921,0,316.14031982421875,256.96929931640625,14.307462692260742,4.623734951019287,1,-1,-1,-1
1941,2,468.6520080566406,121.09431457519531,14.253978729248047,5.838377952575684,1,-1,-1,-1
1941,21,377.67626953125,215.8912811279297,19.002384185791016,5.093254566192627,1,-1,-1,-1
1961,2,463.4558410644531,121.4468765258789,12.757753372192383,6.094566345214844,1,-1,-1,-1
1961,21,378.7698974609375,216.48617553710938,18.082340240478516,4.778963565826416,1,-1,-1,-1
1981,2,459.54949951171875,122.80762481689453,11.695999145507812,5.143299579620361,1,-1,-1,-1
1981,21,376.6149597167969,217.67007446289062,22.102176666259766,5.132822513580322,1,-1,-1,-1
2001,2,458.59466552734375,119.42742919921875,13.480775833129883,4.839427471160889,1,-1,-1,-1
2001,21,377.7406311035156,219.60174560546875,17.88427734375,4.84566068649292,1,-1,-1,-1
2001,37,269.5416564941406,280.32073974609375,12.31696891784668,4.352760314941406,1,-1,-1,-1
2021,2,459.57354736328125,116.54576873779297,12.891278266906738,5.611274242401123,1,-1,-1,-1
2021,21,376.9067687988281,219.46900939941406,18.237255096435547,4.845916271209717,1,-1,-1,-1
2041,2,457.7859191894531,116.41616821289062,13.444914817810059,5.918142795562744,1,-1,-1,-1
2041,21,376.29150390625,217.768310546875,18.445829391479492,5.535477161407471,1,-1,-1,-1
2041,37,249.94033813476562,267.0081787109375,15.143573760986328,5.951993942260742,1,-1,-1,-1
2061,2,450.70965576171875,116.91758728027344,11.49985122680664,5.941290855407715,1,-1,-1,-1
2061,21,376.50994873046875,217.11700439453125,18.827808380126953,4.837606906890869,1,-1,-1,-1
2061,37,248.60450744628906,251.21524047851562,14.120281219482422,4.258971691131592,1,-1,-1,-1
2081,37,249.4368133544922,234.46810913085938,12.842087745666504,3.578505754470825,1,-1,-1,-1
2081,21,384.9671630859375,214.17526245117188,18.109821319580078,6.226778984069824,1,-1,-1,-1
2081,2,438.59881591796875,118.25872802734375,14.037943840026855,5.68499755859375,1,-1,-1,-1
2101,37,247.88946533203125,218.3518829345703,14.499351501464844,3.9823853969573975,1,-1,-1,-1
2101,21,388.16986083984375,212.99195861816406,19.94947052001953,5.829012870788574,1,-1,-1,-1
2101,2,424.86993408203125,120.16785430908203,12.94973373413086,5.095259189605713,1,-1,-1,-1
2121,37,247.76795959472656,213.28175354003906,13.946512222290039,4.041805744171143,1,-1,-1,-1
2121,2,415.8833312988281,121.00460052490234,13.594793319702148,5.371821403503418,1,-1,-1,-1
2121,21,390.6317138671875,211.9283905029297,19.374671936035156,5.766603946685791,1,-1,-1,-1
2141,37,249.6422119140625,211.2760009765625,12.734475135803223,4.114236831665039,1,-1,-1,-1
2141,2,416.78216552734375,127.6677017211914,12.822089195251465,5.3418073654174805,1,-1,-1,-1
2141,21,392.63714599609375,209.61497497558594,19.208477020263672,6.011697292327881,1,-1,-1,-1
2146,37,249.69613647460938,211.1449737548828,11.688765525817871,3.911273956298828,1,-1,-1,-1
2146,2,416.96978759765625,129.46954345703125,12.810934066772461,5.396542549133301,1,-1,-1,-1
2146,21,392.2649841308594,209.4645233154297,19.515769958496094,5.541249752044678,1,-1,-1,-1
