1,0,436.870849609375,186.4556427001953,15.984516143798828,6.045674800872803,1,-1,-1,-1
1,1,242.05294799804688,216.10714721679688,12.257011413574219,4.10484504699707,1,-1,-1,-1
21,1,259.2579345703125,211.4027862548828,12.441619873046875,5.254533290863037,1,-1,-1,-1
21,0,409.47540283203125,186.64869689941406,24.02381706237793,7.5822434425354,1,-1,-1,-1
41,0,385.8255310058594,187.90467834472656,21.07619285583496,8.231435775756836,1,-1,-1,-1
41,1,263.61053466796875,220.43153381347656,13.258013725280762,4.732067584991455,1,-1,-1,-1
61,0,361.87164306640625,189.97398376464844,23.9439754486084,7.595433712005615,1,-1,-1,-1
61,1,268.3440856933594,253.63648986816406,12.839661598205566,4.5416998863220215,1,-1,-1,-1
81,0,341.3192443847656,190.8382110595703,21.505718231201172,7.891490936279297,1,-1,-1,-1
81,1,271.62359619140625,280.0795593261719,12.164973258972168,4.144193172454834,1,-1,-1,-1
101,2,307.556396484375,303.5549621582031,19.50950050354004,5.939095973968506,1,-1,-1,-1
101,0,323.2441711425781,191.90940856933594,24.441967010498047,7.798085689544678,1,-1,-1,-1
101,1,280.43682861328125,278.90142822265625,13.484654426574707,3.8732855319976807,1,-1,-1,-1
121,2,323.3861999511719,297.6293640136719,21.855649948120117,6.098993301391602,1,-1,-1,-1
121,0,301.73028564453125,191.84754943847656,23.146934509277344,9.532506942749023,1,-1,-1,-1
141,1,360.4088134765625,264.5627746582031,12.820687294006348,4.694544792175293,1,-1,-1,-1
141,2,344.80413818359375,286.5705261230469,22.742204666137695,5.9948811531066895,1,-1,-1,-1
141,0,274.43682861328125,193.0938720703125,24.019832611083984,9.560685157775879,1,-1,-1,-1
161,1,399.42205810546875,258.245361328125,13.121757507324219,3.9261505603790283,1,-1,-1,-1
161,2,362.42596435546875,288.4395751953125,22.644912719726562,5.3777570724487305,1,-1,-1,-1
161,0,247.42620849609375,194.72256469726562,21.239627838134766,9.042909622192383,1,-1,-1,-1
181,2,383.90533447265625,289.143798828125,19.049951553344727,6.523431301116943,1,-1,-1,-1
181,3,209.24063110351562,28.323638916015625,6.554692268371582,3.2612740993499756,1,-1,-1,-1
181,0,214.2042694091797,204.87454223632812,22.845556259155273,8.902209281921387,1,-1,-1,-1
181,1,444.6581726074219,250.6951904296875,14.290508270263672,4.6953535079956055,1,-1,-1,-1
201,0,210.08050537109375,250.24696350097656,24.5017032623291,8.452446937561035,1,-1,-1,-1
201,1,479.39447021484375,244.08177185058594,12.70331859588623,4.707491874694824,1,-1,-1,-1
221,0,213.2469940185547,281.4143371582031,23.24176788330078,7.201402187347412,1,-1,-1,-1
221,2,412.9736633300781,278.7477111816406,16.7585391998291,4.849507808685303,1,-1,-1,-1
221,1,510.4520263671875,237.3365478515625,11.660207748413086,5.162257671356201,1,-1,-1,-1
241,9,217.3070526123047,301.7272033691406,23.04404067993164,6.978649139404297,1,-1,-1,-1
241,0,413.68603515625,274.2419738769531,20.288646697998047,5.060169696807861,1,-1,-1,-1
241,1,525.5861206054688,229.559814453125,11.901544570922852,5.710331916809082,1,-1,-1,-1
261,0,223.99244689941406,302.37420654296875,23.32444953918457,6.611570358276367,1,-1,-1,-1
261,13,423.82574462890625,275.6557312011719,16.814958572387695,4.786966323852539,1,-1,-1,-1
261,1,520.8126220703125,206.93826293945312,11.420207977294922,3.6418652534484863,1,-1,-1,-1
281,2,446.0492248535156,283.73779296875,10.636194229125977,4.923772811889648,1,-1,-1,-1
281,1,511.47576904296875,180.00091552734375,13.427103042602539,4.8904571533203125,1,-1,-1,-1
281,0,277.5924072265625,297.0024719238281,19.563629150390625,5.521029472351074,1,-1,-1,-1
301,0,301.9219055175781,281.6568298339844,23.94719123840332,8.056459426879883,1,-1,-1,-1
301,1,500.2267150878906,179.64453125,10.926724433898926,4.0892839431762695,1,-1,-1,-1
321,2,459.9573974609375,273.45697021484375,19.415956497192383,5.896711349487305,1,-1,-1,-1
321,1,472.28765869140625,182.45196533203125,13.135555267333984,4.140405178070068,1,-1,-1,-1
321,0,298.54840087890625,253.7080078125,25.79106903076172,8.181818008422852,1,-1,-1,-1
341,2,471.812255859375,271.0135498046875,15.937694549560547,6.455444812774658,1,-1,-1,-1
341,1,455.91253662109375,184.711181640625,10.508566856384277,4.172313690185547,1,-1,-1,-1
341,0,291.8157653808594,217.4251251220703,25.291362762451172,8.321025848388672,1,-1,-1,-1
361,2,482.65460205078125,269.53717041015625,16.219173431396484,5.809643268585205,1,-1,-1,-1
361,1,453.82977294921875,203.75302124023438,13.954910278320312,4.862905502319336,1,-1,-1,-1
361,0,283.5717468261719,170.00787353515625,22.6888370513916,9.50263786315918,1,-1,-1,-1
381,2,500.22528076171875,266.70947265625,16.28428077697754,6.08581018447876,1,-1,-1,-1
381,1,451.95220947265625,212.75595092773438,11.772951126098633,4.3093438148498535,1,-1,-1,-1
381,0,285.7119140625,162.24972534179688,24.13544464111328,9.307077407836914,1,-1,-1,-1
401,0,315.57568359375,161.26095581054688,23.179210662841797,9.918349266052246,1,-1,-1,-1
401,1,429.24884033203125,218.03775024414062,12.879862785339355,5.087961673736572,1,-1,-1,-1
421,0,380.79071044921875,162.68849182128906,23.03362274169922,8.118752479553223,1,-1,-1,-1
421,1,394.41766357421875,235.05355834960938,12.154281616210938,4.592698097229004,1,-1,-1,-1
421,2,555.2980346679688,256.02105712890625,20.857749938964844,6.497913360595703,1,-1,-1,-1
441,1,348.5072021484375,241.91419982910156,11.50615119934082,4.036966323852539,1,-1,-1,-1
441,0,440.7060546875,162.43394470214844,21.846607208251953,7.559161186218262,1,-1,-1,-1
461,0,476.2730712890625,162.0170440673828,20.130035400390625,8.294026374816895,1,-1,-1,-1
461,2,602.2596435546875,249.9558563232422,23.65151596069336,7.631102085113525,1,-1,-1,-1
461,1,310.11529541015625,247.16854858398438,13.112157821655273,4.717278003692627,1,-1,-1,-1
481,1,277.767822265625,252.27703857421875,13.113389015197754,4.0442609786987305,1,-1,-1,-1
481,0,482.72491455078125,161.05960083007812,22.05354881286621,8.231961250305176,1,-1,-1,-1
501,1,247.4400634765625,256.9111328125,12.895115852355957,4.484330654144287,1,-1,-1,-1
501,0,487.87689208984375,160.53781127929688,22.801076889038086,7.70882511138916,1,-1,-1,-1
501,2,580.7754516601562,249.5946502685547,20.769023895263672,7.050757884979248,1,-1,-1,-1
521,1,219.92718505859375,261.79437255859375,13.22634506225586,5.0933146476745605,1,-1,-1,-1
521,0,517.5287475585938,160.6161651611328,15.05524730682373,6.252932548522949,1,-1,-1,-1
541,2,529.7265014648438,245.6412353515625,18.84884262084961,6.71613073348999,1,-1,-1,-1
541,1,187.91078186035156,267.32940673828125,11.89893627166748,4.473093509674072,1,-1,-1,-1
541,0,556.1835327148438,159.2574005126953,15.46252155303955,5.4954609870910645,1,-1,-1,-1
561,0,589.6173706054688,163.8355712890625,13.836194038391113,5.355827808380127,1,-1,-1,-1
561,2,520.4404907226562,243.87118530273438,8.620633125305176,4.262505531311035,1,-1,-1,-1
561,1,152.43829345703125,271.7485046386719,15.334200859069824,4.53245735168457,1,-1,-1,-1
581,0,604.3517456054688,183.1233367919922,17.060802459716797,5.918300151824951,1,-1,-1,-1
581,2,489.76849365234375,250.73646545410156,15.816923141479492,6.144171237945557,1,-1,-1,-1
581,1,133.4271697998047,271.6110534667969,13.218827247619629,4.014825344085693,1,-1,-1,-1
601,2,479.8570556640625,263.2920837402344,17.990001678466797,6.560581207275391,1,-1,-1,-1
601,1,130.48648071289062,232.3790740966797,13.405696868896484,4.243288993835449,1,-1,-1,-1
621,1,130.6593475341797,210.56185913085938,9.145039558410645,4.919558048248291,1,-1,-1,-1
621,2,462.6968078613281,267.7549133300781,12.49660873413086,5.153656482696533,1,-1,-1,-1
641,1,135.32579040527344,202.04759216308594,11.459074974060059,5.12398099899292,1,-1,-1,-1
641,2,446.53521728515625,270.6791687011719,16.573280334472656,5.678467273712158,1,-1,-1,-1
661,1,149.660888671875,199.61830139160156,13.64860725402832,4.807242393493652,1,-1,-1,-1
661,2,421.1114501953125,273.8540344238281,17.392623901367188,4.968260288238525,1,-1,-1,-1
681,2,378.7467956542969,275.2618103027344,22.567893981933594,6.3086137771606445,1,-1,-1,-1
681,1,175.8668212890625,200.0347442626953,12.632473945617676,4.747375965118408,1,-1,-1,-1
701,17,549.1331176757812,286.1553039550781,11.93082332611084,5.416770935058594,1,-1,-1,-1
701,1,196.523681640625,199.34194946289062,13.518043518066406,4.33756160736084,1,-1,-1,-1
701,2,343.50482177734375,278.5850524902344,21.612051010131836,6.621158123016357,1,-1,-1,-1
721,1,220.25930786132812,196.30967712402344,12.921831130981445,4.803980350494385,1,-1,-1,-1
721,2,302.0826721191406,285.3091125488281,21.070825576782227,6.498528480529785,1,-1,-1,-1
741,17,410.41302490234375,241.68606567382812,22.112831115722656,7.383710861206055,1,-1,-1,-1
741,1,236.8592987060547,193.7266845703125,12.090865135192871,4.671802997589111,1,-1,-1,-1
741,2,269.44964599609375,293.5076599121094,17.65587043762207,5.141551971435547,1,-1,-1,-1
761,2,224.45501708984375,300.18994140625,22.481719970703125,7.063664436340332,1,-1,-1,-1
761,17,337.62109375,241.16351318359375,27.815601348876953,8.848082542419434,1,-1,-1,-1
761,1,249.20156860351562,191.35411071777344,12.854872703552246,4.279391288757324,1,-1,-1,-1
781,1,277.82049560546875,186.6341552734375,13.585241317749023,4.610937595367432,1,-1,-1,-1
781,17,266.91156005859375,244.69680786132812,27.237743377685547,8.688255310058594,1,-1,-1,-1
781,2,177.62283325195312,303.6446228027344,23.433074951171875,6.6484150886535645,1,-1,-1,-1
801,17,190.04681396484375,229.77487182617188,28.58328628540039,9.651223182678223,1,-1,-1,-1
801,1,309.36248779296875,181.30352783203125,12.204264640808105,4.929041385650635,1,-1,-1,-1
801,2,131.83229064941406,307.329833984375,23.39004898071289,6.241128444671631,1,-1,-1,-1
821,17,160.61163330078125,191.35848999023438,25.851755142211914,9.070158958435059,1,-1,-1,-1
821,1,336.5645751953125,177.1282958984375,12.535819053649902,4.771955966949463,1,-1,-1,-1
841,1,360.5970764160156,174.5015411376953,11.51402473449707,5.249486923217773,1,-1,-1,-1
841,17,160.5016326904297,149.97581481933594,27.48682975769043,10.873309135437012,1,-1,-1,-1
861,1,387.8251647949219,175.68057250976562,11.945534706115723,5.310423374176025,1,-1,-1,-1
861,17,159.50604248046875,120.22288513183594,28.45440101623535,10.953866958618164,1,-1,-1,-1
881,1,408.851806640625,177.6082305908203,12.67809772491455,4.4508137702941895,1,-1,-1,-1
881,17,183.8064727783203,111.43458557128906,27.065858840942383,15.121182441711426,1,-1,-1,-1
901,17,263.63580322265625,116.61117553710938,24.20630645751953,10.421235084533691,1,-1,-1,-1
901,1,431.58416748046875,177.2255401611328,11.074438095092773,4.156835079193115,1,-1,-1,-1
921,17,360.85137939453125,120.5716552734375,23.838274002075195,9.43107795715332,1,-1,-1,-1
921,1,456.4495849609375,173.855712890625,13.847929000854492,6.011751174926758,1,-1,-1,-1
941,17,409.8891906738281,121.79283142089844,20.74980926513672,10.486848831176758,1,-1,-1,-1
941,1,462.0846862792969,187.48146057128906,12.93655776977539,4.136981964111328,1,-1,-1,-1
961,1,464.5974426269531,201.03732299804688,12.989709854125977,5.085206508636475,1,-1,-1,-1
961,17,420.8502502441406,123.22468566894531,18.981922149658203,7.736630916595459,1,-1,-1,-1
981,20,32.81950378417969,318.689208984375,25.5777530670166,7.12926721572876,1,-1,-1,-1
981,1,466.5115051269531,211.80633544921875,10.316152572631836,3.8015518188476562,1,-1,-1,-1
981,17,432.95172119140625,122.7419204711914,20.564851760864258,7.5887861251831055,1,-1,-1,-1
1001,17,452.75018310546875,123.50755310058594,14.62701416015625,7.204642295837402,1,-1,-1,-1
1001,1,482.6400451660156,213.28402709960938,11.331321716308594,4.1393537521362305,1,-1,-1,-1
1001,20,87.43069458007812,321.29730224609375,23.764841079711914,5.980618000030518,1,-1,-1,-1
1021,17,469.5721740722656,123.01254272460938,15.951135635375977,7.244271755218506,1,-1,-1,-1
1021,1,516.5379638671875,207.8214569091797,12.8056640625,5.079111576080322,1,-1,-1,-1
1021,20,124.51799011230469,317.51239013671875,18.38365936279297,5.537286281585693,1,-1,-1,-1
1041,17,481.543701171875,122.55138397216797,19.5501651763916,7.17944860458374,1,-1,-1,-1
1041,1,517.3013916015625,207.5446319580078,13.824623107910156,4.577103614807129,1,-1,-1,-1
1041,20,139.9866180419922,316.11541748046875,22.502269744873047,6.806788444519043,1,-1,-1,-1
1061,1,498.9062805175781,209.54998779296875,12.63152027130127,4.482221603393555,1,-1,-1,-1
1061,17,488.52459716796875,122.71565246582031,17.962352752685547,6.734620571136475,1,-1,-1,-1
1081,20,192.82669067382812,314.27996826171875,23.473546981811523,7.234375476837158,1,-1,-1,-1
1081,17,493.2547302246094,122.88055419921875,17.65685272216797,7.720003604888916,1,-1,-1,-1
1081,1,480.4798889160156,211.79249572753906,9.348712921142578,4.318361759185791,1,-1,-1,-1
1101,17,494.51727294921875,133.4208984375,17.477066040039062,6.906374454498291,1,-1,-1,-1
1101,1,450.69061279296875,215.39625549316406,12.014408111572266,5.307005882263184,1,-1,-1,-1
1121,17,496.19525146484375,141.8203887939453,19.7556209564209,7.955499649047852,1,-1,-1,-1
1121,1,422.2587890625,218.50970458984375,14.015913963317871,5.087246417999268,1,-1,-1,-1
1141,1,390.5062561035156,222.18687438964844,12.541606903076172,5.075500965118408,1,-1,-1,-1
1141,17,498.25726318359375,152.78684997558594,23.59525489807129,7.903280258178711,1,-1,-1,-1
1141,20,274.0565185546875,312.0584411621094,17.607877731323242,5.234470844268799,1,-1,-1,-1
1161,1,358.1554870605469,226.74720764160156,13.168041229248047,4.748446464538574,1,-1,-1,-1
1161,20,301.2458190917969,329.677734375,12.96634578704834,5.360811233520508,1,-1,-1,-1
1161,17,501.525146484375,165.5312042236328,16.916439056396484,7.483621120452881,1,-1,-1,-1
1181,1,325.56207275390625,230.73623657226562,13.110969543457031,4.562180042266846,1,-1,-1,-1
1181,20,319.65521240234375,326.28277587890625,11.395567893981934,4.54457950592041,1,-1,-1,-1
1181,17,506.8826904296875,178.2982177734375,21.631866455078125,7.295385837554932,1,-1,-1,-1
1201,20,293.0032958984375,235.34649658203125,12.764928817749023,4.036108016967773,1,-1,-1,-1
1201,17,512.8941650390625,190.15411376953125,22.812175750732422,8.313203811645508,1,-1,-1,-1
1221,17,521.5953979492188,204.87066650390625,17.671945571899414,6.266871452331543,1,-1,-1,-1
1221,1,347.2762756347656,312.6848449707031,17.280094146728516,4.632626056671143,1,-1,-1,-1
1221,20,259.73468017578125,241.3429412841797,13.163777351379395,4.751696586608887,1,-1,-1,-1
1241,20,231.78956604003906,253.24563598632812,12.95907211303711,3.762350082397461,1,-1,-1,-1
1241,1,367.9246520996094,303.9300231933594,21.197223663330078,5.388439655303955,1,-1,-1,-1
1261,17,532.3460083007812,238.26644897460938,12.232155799865723,5.945945739746094,1,-1,-1,-1
1261,1,386.90350341796875,292.4156494140625,15.143878936767578,4.919673442840576,1,-1,-1,-1
1261,20,223.46591186523438,259.844482421875,13.395289421081543,4.343303680419922,1,-1,-1,-1
1281,17,533.5783081054688,254.32083129882812,18.923696517944336,7.113544940948486,1,-1,-1,-1
1281,20,218.45675659179688,263.8975830078125,13.17139720916748,4.276400566101074,1,-1,-1,-1
1301,20,213.32339477539062,261.4985656738281,13.502882957458496,4.74962854385376,1,-1,-1,-1
1301,17,426.3875732421875,326.1847229003906,19.06918716430664,7.222788333892822,1,-1,-1,-1
1321,20,191.90936279296875,257.355712890625,14.686278343200684,7.10995626449585,1,-1,-1,-1
1321,17,438.6142578125,324.48065185546875,17.917320251464844,6.455012798309326,1,-1,-1,-1
1341,20,134.14918518066406,261.3368225097656,14.251805305480957,5.310787200927734,1,-1,-1,-1
1341,17,450.5823974609375,321.8233337402344,17.64618492126465,5.787469387054443,1,-1,-1,-1
1361,20,107.20524597167969,260.4926452636719,17.557842254638672,4.93611478805542,1,-1,-1,-1
1361,17,453.6817932128906,320.26385498046875,24.4455623626709,6.345163822174072,1,-1,-1,-1
1381,17,529.2652587890625,270.15313720703125,11.470640182495117,5.344588279724121,1,-1,-1,-1
1381,20,103.30484008789062,251.37623596191406,17.13974952697754,4.839876651763916,1,-1,-1,-1
1401,20,100.66918182373047,229.4164581298828,18.969581604003906,4.993641376495361,1,-1,-1,-1
1401,17,476.75653076171875,317.16400146484375,15.753244400024414,5.759734630584717,1,-1,-1,-1
1421,20,104.57489776611328,213.2325439453125,16.984554290771484,5.201554298400879,1,-1,-1,-1
1441,17,470.9021301269531,277.7645568847656,15.41584587097168,6.3457818031311035,1,-1,-1,-1
1441,20,106.71021270751953,198.23638916015625,16.469614028930664,5.25241756439209,1,-1,-1,-1
1461,17,470.1349182128906,277.7934875488281,17.81235122680664,6.876579284667969,1,-1,-1,-1
1481,17,467.5164489746094,277.9319152832031,19.342098236083984,6.000016212463379,1,-1,-1,-1
1481,20,164.0778350830078,176.73828125,14.254720687866211,7.821760177612305,1,-1,-1,-1
1501,17,478.02056884765625,274.1129455566406,20.845413208007812,7.42242956161499,1,-1,-1,-1
1501,20,198.5938720703125,173.08865356445312,15.36996841430664,4.733537197113037,1,-1,-1,-1
1521,17,479.2571716308594,273.3330993652344,17.007747650146484,6.384729862213135,1,-1,-1,-1
1521,20,237.9647674560547,167.28717041015625,15.276811599731445,5.896058559417725,1,-1,-1,-1
1541,20,276.7431335449219,161.35760498046875,15.080862045288086,5.678683280944824,1,-1,-1,-1
1561,17,470.0219421386719,271.3423156738281,14.497053146362305,7.384847164154053,1,-1,-1,-1
1561,20,305.86749267578125,156.418701171875,14.854193687438965,7.109537124633789,1,-1,-1,-1
1581,17,456.30438232421875,272.4259033203125,18.171092987060547,6.102133274078369,1,-1,-1,-1
1581,20,321.0460205078125,154.39938354492188,15.229663848876953,6.006130695343018,1,-1,-1,-1
1601,20,332.6368408203125,152.7950897216797,15.566612243652344,5.787186622619629,1,-1,-1,-1
1601,17,432.2854309082031,274.5594787597656,21.520313262939453,6.9597296714782715,1,-1,-1,-1
1621,20,360.2955627441406,147.84271240234375,14.030298233032227,5.36886739730835,1,-1,-1,-1
1621,17,398.9813232421875,278.3414306640625,21.87576675415039,6.1048688888549805,1,-1,-1,-1
1641,17,367.0685119628906,281.2344970703125,27.58578872680664,6.861539840698242,1,-1,-1,-1
1641,20,387.779541015625,144.3711700439453,13.963460922241211,4.659265041351318,1,-1,-1,-1
1661,17,351.2381286621094,267.0568542480469,30.800676345825195,8.257706642150879,1,-1,-1,-1
1661,20,420.90777587890625,142.04383850097656,13.558984756469727,4.98795747756958,1,-1,-1,-1
1681,17,350.7991943359375,243.15977478027344,25.76892852783203,8.555960655212402,1,-1,-1,-1
1681,20,449.7010498046875,138.0606689453125,14.068032264709473,5.689321517944336,1,-1,-1,-1
1701,17,347.19970703125,217.467041015625,26.37965965270996,9.240856170654297,1,-1,-1,-1
1701,20,488.55242919921875,134.02450561523438,14.506387710571289,5.889949798583984,1,-1,-1,-1
1721,20,506.44403076171875,137.2045440673828,14.12718677520752,5.065129280090332,1,-1,-1,-1
1721,17,340.74481201171875,199.46182250976562,28.520639419555664,8.943671226501465,1,-1,-1,-1
1741,20,516.6692504882812,172.4228515625,13.168256759643555,4.544493675231934,1,-1,-1,-1
1741,17,327.1373291015625,181.5115203857422,24.17059898376465,11.130453109741211,1,-1,-1,-1
1761,25,417.742919921875,302.702392578125,21.560956954956055,5.611830234527588,1,-1,-1,-1
1761,20,519.3930053710938,200.17782592773438,14.075102806091309,4.948431015014648,1,-1,-1,-1
1761,17,306.234375,169.7042999267578,25.297595977783203,8.27402114868164,1,-1,-1,-1
1781,20,487.53228759765625,205.9459228515625,15.238687515258789,5.675357818603516,1,-1,-1,-1
1781,17,298.3201599121094,145.26693725585938,26.647512435913086,9.844871520996094,1,-1,-1,-1
1781,25,388.218505859375,306.15362548828125,25.580320358276367,7.037988185882568,1,-1,-1,-1
1801,25,364.76190185546875,310.4143981933594,28.251136779785156,6.756233215332031,1,-1,-1,-1
1801,20,442.0639343261719,219.47071838378906,16.027904510498047,5.523383617401123,1,-1,-1,-1
1801,17,297.65362548828125,127.08786010742188,25.044540405273438,10.608824729919434,1,-1,-1,-1
1821,25,341.58563232421875,315.6595458984375,11.618864059448242,3.4883227348327637,1,-1,-1,-1
1821,20,372.03564453125,229.14306640625,14.276510238647461,5.885404109954834,1,-1,-1,-1
1821,17,338.980712890625,111.92818450927734,24.0347900390625,9.636706352233887,1,-1,-1,-1
1841,20,312.77508544921875,239.1296844482422,16.938369750976562,4.695742607116699,1,-1,-1,-1
1841,17,400.81109619140625,97.14212036132812,20.210054397583008,11.096551895141602,1,-1,-1,-1
1861,17,202.45985412597656,95.04317474365234,23.319997787475586,8.42794132232666,1,-1,-1,-1
1861,20,62.45452117919922,239.67578125,15.879175186157227,5.764174461364746,1,-1,-1,-1
1881,20,263.879150390625,244.71897888183594,15.263612747192383,5.592960834503174,1,-1,-1,-1
1881,17,440.1620788574219,94.64595794677734,23.332853317260742,8.796431541442871,1,-1,-1,-1
1901,20,225.4444580078125,252.45843505859375,15.851694107055664,4.537624359130859,1,-1,-1,-1
1901,17,465.2564697265625,96.41215515136719,24.47907257080078,8.41754150390625,1,-1,-1,-1
1920,17,501.2487487792969,98.7218246459961,15.769645690917969,7.622621536254883,1,-1,-1,-1
1920,20,209.53155517578125,255.06777954101562,16.616609573364258,5.243808746337891,1,-1,-1,-1
