1,0,377.36297607421875,224.5720977783203,18.177412033081055,7.448206901550293,1,-1,-1,-1
1,1,410.6661682128906,137.75436401367188,13.829696655273438,4.601945400238037,1,-1,-1,-1
21,0,365.59881591796875,231.2127685546875,17.70094108581543,5.778141498565674,1,-1,-1,-1
21,1,412.321533203125,139.60667419433594,12.1702880859375,5.568122863769531,1,-1,-1,-1
41,0,358.2653503417969,244.49920654296875,18.436687469482422,4.613406181335449,1,-1,-1,-1
41,1,419.07574462890625,142.81784057617188,14.963619232177734,5.128496170043945,1,-1,-1,-1
61,0,358.1841735839844,253.29464721679688,19.4049129486084,5.50546932220459,1,-1,-1,-1
61,1,442.89599609375,142.45265197753906,15.046339988708496,6.76460075378418,1,-1,-1,-1
81,0,359.18035888671875,263.6196594238281,18.413331985473633,5.777881145477295,1,-1,-1,-1
81,1,457.345458984375,143.76651000976562,14.772493362426758,6.497857093811035,1,-1,-1,-1
101,1,459.5904541015625,147.98329162597656,15.43494987487793,5.9143218994140625,1,-1,-1,-1
101,0,349.2437438964844,267.1014404296875,14.796304702758789,6.219348907470703,1,-1,-1,-1
121,1,461.36004638671875,161.3000946044922,15.629643440246582,5.564626693725586,1,-1,-1,-1
121,0,320.5656433105469,270.0194091796875,16.853946685791016,6.170506954193115,1,-1,-1,-1
141,1,465.47747802734375,170.8296356201172,15.271980285644531,6.2955193519592285,1,-1,-1,-1
141,0,288.80615234375,281.25567626953125,16.599210739135742,4.351405143737793,1,-1,-1,-1
161,1,459.87091064453125,178.63934326171875,9.601800918579102,4.9669413566589355,1,-1,-1,-1
161,2,467.5436706542969,181.78982543945312,15.047937393188477,5.489212989807129,1,-1,-1,-1
161,0,261.87652587890625,295.7354431152344,15.26876449584961,5.353126525878906,1,-1,-1,-1
181,1,469.3795471191406,193.74659729003906,13.988484382629395,4.394838809967041,1,-1,-1,-1
201,1,474.5948791503906,206.12782287597656,11.881113052368164,4.815731048583984,1,-1,-1,-1
201,0,234.15472412109375,320.6182556152344,14.94687557220459,5.162318706512451,1,-1,-1,-1
221,1,474.053955078125,218.5585174560547,13.283266067504883,5.1226348876953125,1,-1,-1,-1
221,0,137.70167541503906,323.738037109375,35.731788635253906,8.752635955810547,1,-1,-1,-1
241,0,177.65682983398438,284.8114013671875,36.560302734375,10.198704719543457,1,-1,-1,-1
241,1,477.32177734375,231.04867553710938,14.689996719360352,4.853291034698486,1,-1,-1,-1
261,1,478.37725830078125,238.08956909179688,17.019115447998047,5.1706132888793945,1,-1,-1,-1
261,0,228.46524047851562,293.288330078125,38.539669036865234,10.461875915527344,1,-1,-1,-1
281,0,230.96246337890625,299.844482421875,16.838809967041016,5.990079402923584,1,-1,-1,-1
281,1,505.620849609375,234.12240600585938,12.04585075378418,5.269218921661377,1,-1,-1,-1
301,1,529.14599609375,228.43936157226562,13.649593353271484,5.860689163208008,1,-1,-1,-1
301,0,231.0099639892578,289.2283020019531,19.711254119873047,5.899790287017822,1,-1,-1,-1
321,1,532.0447998046875,227.38246154785156,14.498152732849121,5.694447040557861,1,-1,-1,-1
321,0,227.8716278076172,282.1619873046875,16.89542579650879,5.52144718170166,1,-1,-1,-1
341,1,527.1532592773438,243.01785278320312,19.117219924926758,6.983580589294434,1,-1,-1,-1
341,0,221.0816192626953,277.2406921386719,16.686420440673828,5.959364891052246,1,-1,-1,-1
361,1,535.2262573242188,256.48565673828125,14.188161849975586,5.4032511711120605,1,-1,-1,-1
361,0,214.8899688720703,273.1529541015625,17.92826271057129,5.402710437774658,1,-1,-1,-1
381,1,529.8532104492188,256.7971496582031,15.720891952514648,6.285434246063232,1,-1,-1,-1
381,0,216.08206176757812,271.1593017578125,19.27631187438965,5.541730880737305,1,-1,-1,-1
401,1,502.1897888183594,259.6120910644531,13.698760986328125,5.4631218910217285,1,-1,-1,-1
401,0,247.77276611328125,267.7080078125,18.550832748413086,5.379664897918701,1,-1,-1,-1
421,0,290.6952209472656,263.28173828125,18.2030029296875,5.6615824699401855,1,-1,-1,-1
441,0,322.4132080078125,259.09991455078125,16.85512351989746,7.015000343322754,1,-1,-1,-1
441,1,463.66656494140625,260.4480895996094,12.008027076721191,4.250039100646973,1,-1,-1,-1
461,0,334.75701904296875,254.66610717773438,16.642919540405273,5.6969146728515625,1,-1,-1,-1
461,1,457.4829406738281,248.5364990234375,15.161913871765137,4.817102432250977,1,-1,-1,-1
481,0,333.55120849609375,249.6761474609375,16.31548309326172,5.630876064300537,1,-1,-1,-1
481,1,454.15936279296875,230.87457275390625,15.244220733642578,4.685312271118164,1,-1,-1,-1
501,0,332.94085693359375,242.75851440429688,16.80645179748535,5.797132968902588,1,-1,-1,-1
501,1,450.3702392578125,210.69473266601562,13.708597183227539,4.789586067199707,1,-1,-1,-1
521,1,444.89056396484375,190.959716796875,16.364892959594727,5.089949607849121,1,-1,-1,-1
521,0,333.2554931640625,242.319580078125,15.680704116821289,5.805393218994141,1,-1,-1,-1
541,0,335.486328125,255.9525909423828,17.707611083984375,5.840220928192139,1,-1,-1,-1
541,1,441.6485900878906,171.90582275390625,12.637733459472656,5.078892230987549,1,-1,-1,-1
561,0,339.1694641113281,275.1451721191406,17.348783493041992,5.77044153213501,1,-1,-1,-1
561,1,434.91265869140625,163.879150390625,12.68277645111084,6.284395694732666,1,-1,-1,-1
581,0,343.7618408203125,294.8294372558594,14.892852783203125,4.593571662902832,1,-1,-1,-1
581,1,414.9052429199219,167.9491729736328,13.71010971069336,5.148058891296387,1,-1,-1,-1
601,1,393.8748779296875,169.67279052734375,15.66286563873291,5.733977317810059,1,-1,-1,-1
601,0,346.8226318359375,294.3600769042969,16.49016571044922,4.9683918952941895,1,-1,-1,-1
621,1,374.13922119140625,172.98199462890625,14.616528511047363,6.021833419799805,1,-1,-1,-1
621,0,355.79559326171875,293.0307312011719,15.170221328735352,4.75394868850708,1,-1,-1,-1
641,1,355.90362548828125,176.9967803955078,14.534080505371094,5.679743766784668,1,-1,-1,-1
641,0,363.21539306640625,291.86590576171875,15.79470157623291,5.033220291137695,1,-1,-1,-1
641,12,496.83380126953125,281.9738464355469,18.4585018157959,7.664687156677246,1,-1,-1,-1
661,0,373.2933349609375,291.1341857910156,14.472037315368652,4.901822090148926,1,-1,-1,-1
661,1,335.5260009765625,180.28274536132812,15.591320991516113,6.412729740142822,1,-1,-1,-1
681,0,378.79412841796875,289.21368408203125,16.576642990112305,5.673051834106445,1,-1,-1,-1
681,1,314.0770263671875,187.95452880859375,15.240553855895996,6.373342990875244,1,-1,-1,-1
701,0,376.97442626953125,285.8594055175781,20.45821189880371,5.425076007843018,1,-1,-1,-1
701,12,508.2796630859375,277.6116027832031,21.00090217590332,6.658924579620361,1,-1,-1,-1
701,1,292.5125427246094,196.61349487304688,15.465669631958008,4.954592704772949,1,-1,-1,-1
721,0,376.33331298828125,276.0839538574219,16.893953323364258,5.523679733276367,1,-1,-1,-1
721,1,270.6559753417969,203.37100219726562,14.617176055908203,5.482579231262207,1,-1,-1,-1
741,0,374.8424987792969,271.5104675292969,19.636157989501953,5.363513946533203,1,-1,-1,-1
741,12,411.9569091796875,291.5299072265625,23.629884719848633,7.941441535949707,1,-1,-1,-1
741,1,247.7977752685547,207.46377563476562,14.65936279296875,5.742586135864258,1,-1,-1,-1
761,0,384.3939208984375,271.0975341796875,15.614030838012695,4.773386001586914,1,-1,-1,-1
761,12,366.61004638671875,306.450927734375,20.431594848632812,6.001606464385986,1,-1,-1,-1
761,1,224.1776885986328,209.57635498046875,15.760927200317383,5.030056476593018,1,-1,-1,-1
781,1,203.05886840820312,211.75885009765625,15.590045928955078,5.532938003540039,1,-1,-1,-1
781,0,410.6167297363281,268.45880126953125,14.605647087097168,5.337924003601074,1,-1,-1,-1
781,12,371.86737060546875,307.0396423339844,19.923072814941406,5.313178062438965,1,-1,-1,-1
801,12,401.2353210449219,303.6616516113281,17.885272979736328,5.148056507110596,1,-1,-1,-1
801,1,181.27764892578125,214.2042236328125,16.1004581451416,5.220454692840576,1,-1,-1,-1
801,0,419.5075988769531,271.35198974609375,12.817956924438477,4.4169416427612305,1,-1,-1,-1
821,1,165.08070373535156,215.30299377441406,10.34141731262207,5.58816385269165,1,-1,-1,-1
821,12,434.4906921386719,300.5821533203125,12.74778938293457,4.972557067871094,1,-1,-1,-1
821,0,423.144287109375,283.13787841796875,12.417248725891113,4.840978622436523,1,-1,-1,-1
841,1,138.6533660888672,218.7318878173828,17.794517517089844,6.363636016845703,1,-1,-1,-1
861,0,421.27154541015625,293.3634948730469,11.42320442199707,4.861130714416504,1,-1,-1,-1
861,1,124.23025512695312,221.18209838867188,17.06975746154785,4.9895124435424805,1,-1,-1,-1
881,1,124.00544738769531,235.6184539794922,17.86096954345703,5.590774059295654,1,-1,-1,-1
901,1,128.79579162597656,252.70101928710938,15.503884315490723,4.873249053955078,1,-1,-1,-1
921,1,130.2067108154297,266.7129211425781,17.071372985839844,5.280262470245361,1,-1,-1,-1
941,1,129.67807006835938,290.1288757324219,16.961986541748047,5.012048721313477,1,-1,-1,-1
941,0,454.65728759765625,246.9691619873047,15.540531158447266,5.721611976623535,1,-1,-1,-1
961,0,451.6653747558594,226.02528381347656,14.706714630126953,4.952389717102051,1,-1,-1,-1
961,1,127.41728210449219,301.6277160644531,16.516332626342773,5.014280319213867,1,-1,-1,-1
981,0,447.5046081542969,215.8793487548828,15.58287239074707,6.146121025085449,1,-1,-1,-1
981,1,124.9090576171875,302.55389404296875,16.534990310668945,4.733642101287842,1,-1,-1,-1
1001,1,122.8360595703125,302.15093994140625,17.60287857055664,4.611031532287598,1,-1,-1,-1
1001,0,435.6798095703125,217.1261444091797,16.73801040649414,5.419612884521484,1,-1,-1,-1
1021,1,122.82258605957031,303.0569763183594,16.44952964782715,4.493715763092041,1,-1,-1,-1
1021,0,416.93792724609375,217.6770477294922,14.877676010131836,5.718374252319336,1,-1,-1,-1
1041,0,401.3132019042969,222.56082153320312,15.75498104095459,5.198465347290039,1,-1,-1,-1
1041,28,351.4158630371094,324.1166687011719,13.759061813354492,4.1169819831848145,1,-1,-1,-1
1061,0,402.0615234375,236.519287109375,16.467912673950195,5.426640510559082,1,-1,-1,-1
1061,28,297.69232177734375,331.4684753417969,15.070886611938477,5.338495254516602,1,-1,-1,-1
1061,31,127.57667541503906,325.2378845214844,16.453109741210938,4.772638320922852,1,-1,-1,-1
1081,0,403.6810302734375,239.72531127929688,16.894689559936523,5.9377031326293945,1,-1,-1,-1
1081,28,269.155029296875,336.18011474609375,15.171764373779297,5.587460994720459,1,-1,-1,-1
1101,0,394.7445373535156,241.0236053466797,17.694364547729492,5.656562328338623,1,-1,-1,-1
1101,28,267.57269287109375,336.4508972167969,14.34700870513916,5.877335548400879,1,-1,-1,-1
1121,0,374.8893737792969,242.04449462890625,16.02703285217285,6.313287734985352,1,-1,-1,-1
1121,28,264.9704895019531,335.8512268066406,11.217856407165527,5.572571754455566,1,-1,-1,-1
1141,0,349.81683349609375,245.0011444091797,17.099336624145508,5.711647987365723,1,-1,-1,-1
1141,28,249.2509765625,336.0088195800781,14.757593154907227,5.249410152435303,1,-1,-1,-1
1161,0,343.8172912597656,240.7472686767578,16.145307540893555,5.519373416900635,1,-1,-1,-1
1181,0,341.10369873046875,221.63006591796875,16.319124221801758,6.111216068267822,1,-1,-1,-1
1181,28,211.40756225585938,341.8218994140625,12.537971496582031,4.163691997528076,1,-1,-1,-1
1201,0,338.51959228515625,205.05838012695312,17.2439022064209,6.670104503631592,1,-1,-1,-1
1221,0,331.8674011230469,205.86434936523438,16.240184783935547,6.448861122131348,1,-1,-1,-1
1241,0,313.09808349609375,207.2994384765625,17.60724449157715,6.085333347320557,1,-1,-1,-1
1261,0,287.77740478515625,209.2477264404297,17.36319351196289,5.89877462387085,1,-1,-1,-1
1281,0,257.70440673828125,210.9052734375,16.46844482421875,6.699550628662109,1,-1,-1,-1
1301,0,226.68084716796875,213.20252990722656,14.858322143554688,6.169772624969482,1,-1,-1,-1
1321,0,193.57041931152344,214.91424560546875,18.732833862304688,6.551585674285889,1,-1,-1,-1
1341,0,167.36141967773438,216.6378173828125,14.833393096923828,6.828711032867432,1,-1,-1,-1
1361,0,161.2178955078125,229.44171142578125,15.001283645629883,6.378951549530029,1,-1,-1,-1
1381,0,160.16775512695312,261.41351318359375,15.675504684448242,5.670227527618408,1,-1,-1,-1
1401,0,164.1313934326172,289.1838073730469,17.56958770751953,5.527739524841309,1,-1,-1,-1
1421,0,164.09744262695312,293.9691467285156,16.61485481262207,5.770143508911133,1,-1,-1,-1
1441,34,467.80206298828125,352.55499267578125,19.11708641052246,6.450993537902832,1,-1,-1,-1
1441,0,158.83396911621094,295.21722412109375,18.160465240478516,5.208101749420166,1,-1,-1,-1
1461,34,472.0547790527344,348.4747619628906,17.624847412109375,5.9378814697265625,1,-1,-1,-1
1461,0,156.71835327148438,295.39031982421875,17.776050567626953,5.640957355499268,1,-1,-1,-1
1481,34,469.5013732910156,345.86212158203125,17.9648380279541,5.807994365692139,1,-1,-1,-1
1481,0,162.39334106445312,294.2872009277344,19.664295196533203,5.603667736053467,1,-1,-1,-1
1501,34,464.4909973144531,336.44354248046875,17.800264358520508,5.741594314575195,1,-1,-1,-1
1501,0,171.17185974121094,293.40582275390625,19.267276763916016,5.9284987449646,1,-1,-1,-1
1521,0,174.57162475585938,294.23077392578125,17.302297592163086,6.188497066497803,1,-1,-1,-1
1521,34,462.57208251953125,312.3480224609375,10.589736938476562,4.9960036277771,1,-1,-1,-1
1541,0,174.49081420898438,297.1640319824219,19.497026443481445,5.490993499755859,1,-1,-1,-1
1561,36,231.86721801757812,320.1593933105469,12.956253051757812,5.007163047790527,1,-1,-1,-1
1561,0,175.04397583007812,300.521728515625,17.245899200439453,5.156081676483154,1,-1,-1,-1
1561,34,447.4859924316406,256.34991455078125,14.63477611541748,5.917137622833252,1,-1,-1,-1
1581,0,178.72134399414062,303.4951477050781,17.559873580932617,4.272200584411621,1,-1,-1,-1
1581,34,441.7616271972656,229.05918884277344,15.238646507263184,4.654280185699463,1,-1,-1,-1
1601,0,195.98065185546875,304.7875671386719,13.291424751281738,5.0266242027282715,1,-1,-1,-1
1601,34,448.0010681152344,215.95106506347656,14.708580017089844,4.949869632720947,1,-1,-1,-1
1621,34,467.4859619140625,214.26963806152344,10.556337356567383,4.114477634429932,1,-1,-1,-1
1621,0,204.8099365234375,289.73504638671875,12.67837905883789,5.771927833557129,1,-1,-1,-1
1641,34,471.5975341796875,199.63299560546875,12.991466522216797,5.184534549713135,1,-1,-1,-1
1641,0,200.39878845214844,263.0634765625,15.657308578491211,5.215825080871582,1,-1,-1,-1
1641,37,274.69537353515625,338.0285339355469,10.028467178344727,3.790058135986328,1,-1,-1,-1
1661,37,238.35806274414062,331.79022216796875,10.556832313537598,5.269120216369629,1,-1,-1,-1
1661,0,199.80755615234375,245.4273223876953,15.899942398071289,5.581113815307617,1,-1,-1,-1
1661,34,463.327392578125,180.5281982421875,15.826172828674316,5.021373271942139,1,-1,-1,-1
1681,0,226.64138793945312,243.258056640625,14.939033508300781,5.803500175476074,1,-1,-1,-1
1681,34,461.02630615234375,162.51954650878906,16.52752685546875,5.121078968048096,1,-1,-1,-1
1701,37,241.641357421875,338.6280212402344,14.802054405212402,5.120650291442871,1,-1,-1,-1
1701,34,474.9927978515625,156.53567504882812,16.635597229003906,6.690179824829102,1,-1,-1,-1
1701,0,281.68109130859375,239.9064483642578,13.95179271697998,5.35285758972168,1,-1,-1,-1
1721,0,314.2513427734375,236.91763305664062,13.991535186767578,6.846081733703613,1,-1,-1,-1
1721,34,470.73760986328125,116.89249420166016,14.151686668395996,6.575963020324707,1,-1,-1,-1
1741,0,317.4645690917969,244.23257446289062,16.59284210205078,5.655981540679932,1,-1,-1,-1
1741,37,280.53662109375,335.2348327636719,9.74272632598877,4.797269821166992,1,-1,-1,-1
1741,34,467.0831298828125,98.06834411621094,15.368682861328125,6.582662582397461,1,-1,-1,-1
1761,37,299.3525390625,331.7737731933594,14.724695205688477,5.172671794891357,1,-1,-1,-1
1761,0,317.5291748046875,248.1171417236328,14.71835708618164,4.806387901306152,1,-1,-1,-1
1761,34,457.04071044921875,97.41120147705078,14.156521797180176,6.852241516113281,1,-1,-1,-1
1781,37,330.7375793457031,327.3570251464844,11.569615364074707,4.723335266113281,1,-1,-1,-1
1781,0,326.33843994140625,246.62838745117188,14.084026336669922,5.266756057739258,1,-1,-1,-1
1781,34,439.0240173339844,97.91545867919922,14.277099609375,7.062690258026123,1,-1,-1,-1
1801,37,361.05810546875,322.0097351074219,11.156951904296875,5.018866539001465,1,-1,-1,-1
1801,0,347.8489685058594,244.84600830078125,14.15260124206543,5.075773239135742,1,-1,-1,-1
1801,34,412.15057373046875,101.47334289550781,13.384896278381348,5.963608264923096,1,-1,-1,-1
1821,0,377.62359619140625,242.15476989746094,16.268638610839844,4.764096736907959,1,-1,-1,-1
1821,34,374.2354736328125,108.29621887207031,16.558181762695312,7.3838043212890625,1,-1,-1,-1
1841,0,409.7399597167969,239.18309020996094,15.001078605651855,4.742504596710205,1,-1,-1,-1
1841,37,429.4434814453125,313.3144226074219,16.66551399230957,5.541699409484863,1,-1,-1,-1
1841,34,335.71044921875,126.53429412841797,14.153038024902344,6.953088283538818,1,-1,-1,-1
1861,37,464.0108947753906,299.486083984375,13.755901336669922,5.408198833465576,1,-1,-1,-1
1861,0,431.38629150390625,234.4674530029297,13.928685188293457,5.279887676239014,1,-1,-1,-1
1861,34,294.0035705566406,133.97840881347656,15.635770797729492,6.733914852142334,1,-1,-1,-1
1881,0,431.8782043457031,221.8865203857422,14.470775604248047,5.044878959655762,1,-1,-1,-1
1881,34,250.70364379882812,139.3771209716797,15.219066619873047,7.148673057556152,1,-1,-1,-1
1901,0,428.62469482421875,208.53245544433594,14.376959800720215,4.71762228012085,1,-1,-1,-1
1901,34,206.2397918701172,146.12603759765625,15.924861907958984,6.37992000579834,1,-1,-1,-1
1921,0,429.5516357421875,203.84751892089844,13.0570068359375,4.641557216644287,1,-1,-1,-1
1921,34,165.43052673339844,151.8051300048828,17.353330612182617,5.8504462242126465,1,-1,-1,-1
1941,0,437.36090087890625,202.45736694335938,15.722774505615234,5.0995988845825195,1,-1,-1,-1
1941,34,149.9195556640625,161.8775634765625,16.746994018554688,5.118258953094482,1,-1,-1,-1
1941,37,497.1153259277344,215.32765197753906,20.784833908081055,7.748859405517578,1,-1,-1,-1
1961,0,452.0479736328125,201.98146057128906,11.722780227661133,5.383934497833252,1,-1,-1,-1
1961,34,151.00521850585938,190.5996856689453,15.2955961227417,5.092615604400635,1,-1,-1,-1
1961,48,475.86639404296875,216.78147888183594,20.83310317993164,6.776922225952148,1,-1,-1,-1
1981,0,455.18450927734375,202.22218322753906,12.313465118408203,4.727874279022217,1,-1,-1,-1
1981,48,466.05023193359375,219.6188507080078,16.559850692749023,4.691226959228516,1,-1,-1,-1
1981,34,161.4909210205078,220.86239624023438,9.966629981994629,5.812410831451416,1,-1,-1,-1
2001,34,156.92942810058594,252.22927856445312,11.748147010803223,4.291661739349365,1,-1,-1,-1
2001,0,466.95751953125,199.36656188964844,11.381474494934082,4.816338062286377,1,-1,-1,-1
2001,48,445.5837707519531,221.64234924316406,18.616907119750977,5.993517875671387,1,-1,-1,-1
2021,0,474.45831298828125,201.49220275878906,12.085063934326172,4.944706916809082,1,-1,-1,-1
2021,34,159.70526123046875,282.6108703613281,16.82110023498535,5.189819812774658,1,-1,-1,-1
2021,48,411.4374084472656,226.82171630859375,19.928619384765625,5.976048946380615,1,-1,-1,-1
2041,48,373.2547607421875,231.55877685546875,23.67813491821289,6.899990558624268,1,-1,-1,-1
2041,0,479.4425964355469,210.6666259765625,11.845634460449219,4.025274753570557,1,-1,-1,-1
2041,34,159.40525817871094,315.5223693847656,17.32657241821289,4.254068374633789,1,-1,-1,-1
2061,48,337.0971374511719,237.70065307617188,21.444337844848633,6.046494483947754,1,-1,-1,-1
2061,0,478.6839599609375,223.21900939941406,11.420079231262207,4.012908458709717,1,-1,-1,-1
2081,48,302.00311279296875,242.4457244873047,21.725860595703125,7.477517127990723,1,-1,-1,-1
2101,48,269.6407470703125,249.377197265625,22.045042037963867,6.88087272644043,1,-1,-1,-1
2101,0,490.92071533203125,243.22398376464844,12.540550231933594,4.9492998123168945,1,-1,-1,-1
2121,48,242.0210418701172,252.918212890625,21.133075714111328,6.4006195068359375,1,-1,-1,-1
2141,48,219.84375,255.19793701171875,20.647380828857422,5.852902412414551,1,-1,-1,-1
2161,48,213.82789611816406,253.9147491455078,22.571794509887695,6.016003131866455,1,-1,-1,-1
2172,48,214.37135314941406,252.89682006835938,22.36599349975586,7.195828437805176,1,-1,-1,-1
