1,0,382.2164611816406,194.84742736816406,17.599750518798828,5.004750728607178,1,-1,-1,-1
21,0,377.78619384765625,181.07000732421875,20.82183837890625,5.115786075592041,1,-1,-1,-1
41,0,377.39453125,165.5994873046875,24.349802017211914,5.376244068145752,1,-1,-1,-1
61,0,383.2691650390625,165.2681427001953,21.560157775878906,5.5835723876953125,1,-1,-1,-1
81,0,392.93133544921875,166.74935913085938,24.04466438293457,5.641000270843506,1,-1,-1,-1
81,1,233.61878967285156,190.5098419189453,12.65231704711914,5.612288951873779,1,-1,-1,-1
101,0,399.2720031738281,182.107666015625,22.6141357421875,5.695289134979248,1,-1,-1,-1
101,1,232.86410522460938,190.23377990722656,11.895145416259766,5.375630855560303,1,-1,-1,-1
121,0,400.27630615234375,186.98526000976562,21.307292938232422,5.479419231414795,1,-1,-1,-1
121,1,232.8182373046875,189.85003662109375,9.719809532165527,4.814727783203125,1,-1,-1,-1
141,1,232.92279052734375,189.83071899414062,9.727612495422363,4.729803085327148,1,-1,-1,-1
141,0,412.6803283691406,186.60374450683594,23.03213119506836,4.512237071990967,1,-1,-1,-1
161,0,424.8101501464844,194.3561553955078,14.01375675201416,4.462306499481201,1,-1,-1,-1
161,1,232.83291625976562,189.75222778320312,9.818008422851562,4.901564121246338,1,-1,-1,-1
181,0,426.28826904296875,202.5439910888672,18.202905654907227,4.992039680480957,1,-1,-1,-1
181,1,232.74603271484375,189.762451171875,10.290132522583008,5.290386199951172,1,-1,-1,-1
201,0,415.90802001953125,202.56944274902344,19.212194442749023,4.963200569152832,1,-1,-1,-1
201,1,232.92434692382812,189.85533142089844,9.702871322631836,4.627789497375488,1,-1,-1,-1
221,0,395.8309631347656,202.29022216796875,17.090438842773438,5.0445966720581055,1,-1,-1,-1
221,1,232.77769470214844,189.73779296875,9.650873184204102,4.868865489959717,1,-1,-1,-1
241,0,369.9097900390625,202.8529815673828,20.034189224243164,5.315911769866943,1,-1,-1,-1
241,1,232.91433715820312,189.64183044433594,9.849900245666504,4.894373893737793,1,-1,-1,-1
261,0,368.8783264160156,211.3538360595703,21.79818344116211,5.090923309326172,1,-1,-1,-1
261,1,232.8341064453125,189.81939697265625,9.725406646728516,4.7973713874816895,1,-1,-1,-1
281,0,363.7820129394531,213.5139923095703,24.89907455444336,6.468816757202148,1,-1,-1,-1
281,1,232.83541870117188,189.8641815185547,9.519427299499512,4.5497002601623535,1,-1,-1,-1
301,0,352.0071716308594,214.27822875976562,14.815922737121582,5.380306720733643,1,-1,-1,-1
301,1,232.8357696533203,189.88258361816406,9.684398651123047,4.5446457862854,1,-1,-1,-1
321,0,327.0849914550781,215.50733947753906,10.676332473754883,4.243021488189697,1,-1,-1,-1
321,1,232.95755004882812,189.9349822998047,9.0416259765625,4.377104759216309,1,-1,-1,-1
341,0,407.0732421875,193.89328002929688,11.445645332336426,3.7228896617889404,1,-1,-1,-1
341,1,232.991943359375,189.839111328125,9.251205444335938,4.548340320587158,1,-1,-1,-1
361,0,406.9131164550781,193.6793975830078,11.467084884643555,3.611081838607788,1,-1,-1,-1
361,1,232.93267822265625,189.97622680664062,8.994976043701172,4.2673444747924805,1,-1,-1,-1
381,6,290.431640625,228.36190795898438,7.195972919464111,4.472244739532471,1,-1,-1,-1
381,1,232.89935302734375,189.81143188476562,9.32559585571289,4.548777103424072,1,-1,-1,-1
381,0,340.0480651855469,193.6301727294922,8.569931030273438,3.0647976398468018,1,-1,-1,-1
401,0,357.0016784667969,193.09286499023438,10.445735931396484,3.523660898208618,1,-1,-1,-1
401,1,232.38766479492188,189.70858764648438,10.145567893981934,4.76108980178833,1,-1,-1,-1
421,0,379.4946594238281,192.83328247070312,10.065337181091309,3.023728370666504,1,-1,-1,-1
421,6,290.81658935546875,193.6017608642578,13.611213684082031,5.1686811447143555,1,-1,-1,-1
421,1,232.8829345703125,189.8358917236328,9.559998512268066,4.471714019775391,1,-1,-1,-1
441,0,397.244384765625,191.99459838867188,11.052435874938965,3.4169394969940186,1,-1,-1,-1
441,6,285.237060546875,178.81594848632812,18.368478775024414,5.182585716247559,1,-1,-1,-1
441,1,232.7744140625,189.79010009765625,9.517656326293945,4.474431037902832,1,-1,-1,-1
461,0,406.60821533203125,192.33908081054688,11.48855209350586,4.384820461273193,1,-1,-1,-1
461,6,281.5600280761719,164.4759063720703,23.2694149017334,5.12241268157959,1,-1,-1,-1
461,1,232.82333374023438,189.94065856933594,9.37837028503418,4.292867183685303,1,-1,-1,-1
481,6,280.6777648925781,146.67529296875,24.736082077026367,5.9731125831604,1,-1,-1,-1
481,1,232.7919921875,189.82933044433594,9.4111967086792,4.61652135848999,1,-1,-1,-1
501,1,232.97640991210938,189.82049560546875,9.280685424804688,4.662625312805176,1,-1,-1,-1
501,6,281.41705322265625,127.47872161865234,20.592266082763672,6.565502643585205,1,-1,-1,-1
521,6,281.5823974609375,103.09776306152344,23.536117553710938,6.898639678955078,1,-1,-1,-1
521,1,232.9358673095703,189.8704376220703,9.395261764526367,4.607861042022705,1,-1,-1,-1
541,6,279.3841857910156,90.93484497070312,23.682832717895508,6.670125484466553,1,-1,-1,-1
541,1,232.7410125732422,189.81085205078125,9.730646133422852,4.7084550857543945,1,-1,-1,-1
561,6,268.0382385253906,89.85234069824219,23.17477035522461,6.667466163635254,1,-1,-1,-1
561,1,232.89715576171875,189.83445739746094,9.438325881958008,4.610045909881592,1,-1,-1,-1
581,6,249.58834838867188,86.49903869628906,23.226520538330078,7.456356525421143,1,-1,-1,-1
581,1,232.88107299804688,189.85240173339844,9.421052932739258,4.4912495613098145,1,-1,-1,-1
601,6,246.99310302734375,70.24348449707031,23.34673309326172,8.589859962463379,1,-1,-1,-1
601,1,232.7227783203125,189.8788299560547,9.701878547668457,4.562478542327881,1,-1,-1,-1
621,6,246.0727081298828,49.867950439453125,20.959613800048828,7.813301086425781,1,-1,-1,-1
621,12,461.64862060546875,204.15823364257812,7.741408824920654,3.375802755355835,1,-1,-1,-1
621,1,232.83616638183594,189.92410278320312,9.678047180175781,4.3641676902771,1,-1,-1,-1
641,6,239.58737182617188,32.56998825073242,19.654253005981445,8.168365478515625,1,-1,-1,-1
641,1,232.41929626464844,189.75320434570312,10.176345825195312,4.7228264808654785,1,-1,-1,-1
661,12,463.43707275390625,204.8867950439453,6.614411354064941,3.3212928771972656,1,-1,-1,-1
661,6,221.66763305664062,29.676166534423828,21.723833084106445,8.31850814819336,1,-1,-1,-1
661,1,233.00491333007812,189.8577880859375,9.233311653137207,4.311429500579834,1,-1,-1,-1
681,6,198.14007568359375,26.482332229614258,23.391738891601562,9.181656837463379,1,-1,-1,-1
681,1,233.1199493408203,189.9247589111328,8.823043823242188,4.35547399520874,1,-1,-1,-1
701,12,451.0977478027344,203.17127990722656,8.188776016235352,4.084515571594238,1,-1,-1,-1
701,1,232.1762237548828,189.912109375,10.383672714233398,4.9072265625,1,-1,-1,-1
701,6,182.67372131347656,22.502403259277344,22.483083724975586,13.540705680847168,1,-1,-1,-1
721,12,471.6183776855469,200.63015747070312,11.392413139343262,4.724628925323486,1,-1,-1,-1
721,6,222.1248016357422,28.497304916381836,21.19340705871582,10.415522575378418,1,-1,-1,-1
721,1,232.78762817382812,189.9649658203125,9.53670883178711,4.485811233520508,1,-1,-1,-1
741,12,501.264892578125,199.1251983642578,11.91475772857666,4.140957832336426,1,-1,-1,-1
741,1,232.9306182861328,189.87167358398438,9.469886779785156,4.4400715827941895,1,-1,-1,-1
741,6,271.90240478515625,34.66425704956055,21.753860473632812,9.302794456481934,1,-1,-1,-1
761,6,278.3717346191406,47.0933723449707,21.533096313476562,8.144960403442383,1,-1,-1,-1
761,12,514.1436157226562,196.90420532226562,11.304020881652832,4.323652267456055,1,-1,-1,-1
761,1,232.36871337890625,189.82699584960938,10.12041187286377,4.802183628082275,1,-1,-1,-1
781,6,275.8954162597656,56.06069564819336,22.29730796813965,9.405401229858398,1,-1,-1,-1
781,12,516.4946899414062,196.21319580078125,10.117900848388672,4.1143975257873535,1,-1,-1,-1
801,6,290.6640319824219,58.09113311767578,21.730043411254883,7.753265857696533,1,-1,-1,-1
801,12,507.58831787109375,194.5169677734375,12.343338012695312,4.819566249847412,1,-1,-1,-1
801,1,232.57615661621094,189.7967987060547,10.007176399230957,4.801496982574463,1,-1,-1,-1
821,6,307.2351379394531,55.29814147949219,21.435163497924805,7.5259785652160645,1,-1,-1,-1
821,12,497.4838562011719,194.91229248046875,9.32627010345459,4.127309322357178,1,-1,-1,-1
841,6,310.390869140625,44.72633743286133,22.015731811523438,8.825333595275879,1,-1,-1,-1
841,12,232.77880859375,189.87437438964844,9.614134788513184,4.6029438972473145,1,-1,-1,-1
861,6,323.3270263671875,46.23203659057617,22.5948543548584,9.187027931213379,1,-1,-1,-1
861,12,463.6852722167969,192.94784545898438,7.750936508178711,3.587953567504883,1,-1,-1,-1
881,6,353.6605529785156,49.71469497680664,20.89468002319336,8.47811222076416,1,-1,-1,-1
881,12,232.7654266357422,189.80418395996094,9.586565017700195,4.607925891876221,1,-1,-1,-1
901,6,384.0225830078125,53.43132019042969,22.34384536743164,7.272789478302002,1,-1,-1,-1
901,12,232.78817749023438,189.84133911132812,9.462297439575195,4.475156307220459,1,-1,-1,-1
921,6,407.18414306640625,55.36262512207031,20.0277099609375,7.29104471206665,1,-1,-1,-1
921,12,232.76022338867188,189.86172485351562,9.721845626831055,4.612700462341309,1,-1,-1,-1
941,6,426.938232421875,61.91381072998047,21.390392303466797,6.92106819152832,1,-1,-1,-1
941,12,232.60299682617188,189.83982849121094,10.306182861328125,4.956089019775391,1,-1,-1,-1
961,12,405.805419921875,193.62242126464844,10.573147773742676,3.7709646224975586,1,-1,-1,-1
961,6,431.1769104003906,85.71259307861328,21.93560028076172,6.235199928283691,1,-1,-1,-1
981,12,395.93609619140625,193.6292724609375,10.286039352416992,3.3809332847595215,1,-1,-1,-1
981,6,431.87567138671875,89.62689208984375,19.23504066467285,6.999279499053955,1,-1,-1,-1
1001,12,387.77874755859375,194.71287536621094,9.605810165405273,3.4021286964416504,1,-1,-1,-1
1001,6,442.7649230957031,90.94574737548828,21.645917892456055,5.946272373199463,1,-1,-1,-1
1021,12,378.3965759277344,195.78561401367188,9.864402770996094,3.4718430042266846,1,-1,-1,-1
1021,6,458.94134521484375,94.05215454101562,22.359092712402344,5.874968528747559,1,-1,-1,-1
1041,12,368.84527587890625,197.80059814453125,9.907974243164062,3.206845998764038,1,-1,-1,-1
1041,6,465.09539794921875,104.90950775146484,21.503400802612305,6.024652004241943,1,-1,-1,-1
1061,12,359.6904296875,200.8781280517578,10.414570808410645,4.205394744873047,1,-1,-1,-1
1061,6,465.359375,111.85328674316406,16.092634201049805,5.295783042907715,1,-1,-1,-1
1081,6,464.91143798828125,123.51860809326172,17.165008544921875,5.468517780303955,1,-1,-1,-1
1081,12,232.24224853515625,189.9821319580078,10.393428802490234,4.5677571296691895,1,-1,-1,-1
1101,6,461.4332580566406,129.46096801757812,18.977338790893555,5.521302223205566,1,-1,-1,-1
1101,12,232.427978515625,190.02731323242188,9.988868713378906,4.368050575256348,1,-1,-1,-1
1121,6,460.8923645019531,141.3335418701172,22.569442749023438,5.594394207000732,1,-1,-1,-1
1121,12,232.4297332763672,190.0161590576172,10.028146743774414,4.400447845458984,1,-1,-1,-1
1141,6,461.9885559082031,141.9862823486328,23.086650848388672,5.753503799438477,1,-1,-1,-1
1141,12,232.73193359375,189.94679260253906,9.845136642456055,4.397967338562012,1,-1,-1,-1
1161,6,475.3482666015625,143.947265625,19.624622344970703,5.197192668914795,1,-1,-1,-1
1161,12,232.40036010742188,189.9774169921875,10.08296012878418,4.534965515136719,1,-1,-1,-1
1181,6,483.14532470703125,153.9236297607422,19.899702072143555,6.410111427307129,1,-1,-1,-1
1181,12,232.5039520263672,190.05760192871094,10.023187637329102,4.354302883148193,1,-1,-1,-1
1201,12,232.25076293945312,189.85118103027344,10.483898162841797,4.892663955688477,1,-1,-1,-1
1201,6,489.60052490234375,180.4887237548828,14.863900184631348,4.9325852394104,1,-1,-1,-1
1221,6,490.82879638671875,197.57151794433594,10.435229301452637,4.389461994171143,1,-1,-1,-1
1221,12,232.64710998535156,189.85536193847656,10.227554321289062,4.756022930145264,1,-1,-1,-1
1221,17,282.6418762207031,216.778564453125,9.128544807434082,3.7243902683258057,1,-1,-1,-1
1241,6,476.16607666015625,198.15330505371094,11.670711517333984,4.163358211517334,1,-1,-1,-1
1241,12,271.8033447265625,217.17599487304688,9.657174110412598,3.8925111293792725,1,-1,-1,-1
1261,19,444.13525390625,199.41448974609375,19.351299285888672,4.60484504699707,1,-1,-1,-1
1261,12,232.73794555664062,189.958984375,10.041985511779785,4.226719379425049,1,-1,-1,-1
1261,6,315.8412170410156,196.97821044921875,12.888426780700684,4.122524261474609,1,-1,-1,-1
1281,6,429.84527587890625,210.02389526367188,15.289324760437012,4.520656108856201,1,-1,-1,-1
1281,12,232.25509643554688,190.03982543945312,10.705547332763672,4.389589786529541,1,-1,-1,-1
1301,12,232.38223266601562,190.05233764648438,10.438779830932617,4.180975437164307,1,-1,-1,-1
1301,6,423.9233093261719,213.37545776367188,12.47166633605957,5.112989902496338,1,-1,-1,-1
1321,12,232.7688751220703,190.06251525878906,9.227754592895508,4.310572147369385,1,-1,-1,-1
1321,6,401.645263671875,214.17979431152344,12.432021141052246,4.172874927520752,1,-1,-1,-1
1341,6,365.7929992675781,215.66200256347656,15.141606330871582,4.423278331756592,1,-1,-1,-1
1341,12,232.553955078125,216.5032196044922,8.608551979064941,3.407651424407959,1,-1,-1,-1
1361,6,335.2261047363281,217.10003662109375,12.037359237670898,4.881351947784424,1,-1,-1,-1
1361,12,232.66014099121094,189.87698364257812,9.686859130859375,4.319045066833496,1,-1,-1,-1
1381,6,406.9869689941406,193.99102783203125,11.35325813293457,3.6335062980651855,1,-1,-1,-1
1381,12,233.00653076171875,189.86863708496094,9.061552047729492,4.396383285522461,1,-1,-1,-1
1401,6,407.0752258300781,194.04029846191406,11.687393188476562,3.7545206546783447,1,-1,-1,-1
1401,12,232.9482421875,189.83877563476562,8.985661506652832,4.423426151275635,1,-1,-1,-1
1421,38,320.67816162109375,241.45510864257812,9.11406135559082,4.131279945373535,1,-1,-1,-1
1421,12,232.96531677246094,189.8841552734375,9.164369583129883,4.336749076843262,1,-1,-1,-1
1441,38,406.94183349609375,193.83924865722656,11.828868865966797,3.6992814540863037,1,-1,-1,-1
1441,50,296.0312194824219,241.69857788085938,11.199729919433594,5.259441375732422,1,-1,-1,-1
1441,12,232.81253051757812,189.88087463378906,9.18275260925293,4.355437278747559,1,-1,-1,-1
1461,38,155.3914031982422,219.93405151367188,8.847028732299805,3.5453572273254395,1,-1,-1,-1
1461,12,232.5975341796875,189.79905700683594,9.643555641174316,4.631365776062012,1,-1,-1,-1
1481,12,232.62765502929688,189.7126007080078,9.531499862670898,4.6453142166137695,1,-1,-1,-1
1481,38,144.93423461914062,220.79661560058594,7.7660675048828125,3.22330379486084,1,-1,-1,-1
1501,12,232.99966430664062,189.87701416015625,8.934934616088867,4.3684210777282715,1,-1,-1,-1
1501,38,140.52003479003906,219.79336547851562,8.972372055053711,3.2402496337890625,1,-1,-1,-1
1521,55,406.95782470703125,193.9632568359375,11.932219505310059,3.8303382396698,1,-1,-1,-1
1521,12,233.05184936523438,189.84315490722656,9.031951904296875,4.278155326843262,1,-1,-1,-1
1521,38,316.51800537109375,196.40191650390625,17.92768096923828,4.595459938049316,1,-1,-1,-1
1541,12,232.5538330078125,189.87327575683594,9.767006874084473,4.378342151641846,1,-1,-1,-1
1541,38,172.93521118164062,233.4755859375,10.292073249816895,4.470574855804443,1,-1,-1,-1
1541,55,316.6347351074219,196.4861602783203,17.775163650512695,4.585999965667725,1,-1,-1,-1
1561,55,407.0312805175781,193.95449829101562,11.81205940246582,3.5741991996765137,1,-1,-1,-1
1561,12,232.7605438232422,189.78298950195312,9.44140338897705,4.422053337097168,1,-1,-1,-1
1581,55,167.7753448486328,199.51170349121094,21.723255157470703,5.738897800445557,1,-1,-1,-1
1581,12,232.7700958251953,189.87062072753906,9.36104679107666,4.479796886444092,1,-1,-1,-1
1601,55,168.34747314453125,180.63389587402344,22.750699996948242,5.359443664550781,1,-1,-1,-1
1601,12,232.98300170898438,189.976318359375,9.127957344055176,4.29327392578125,1,-1,-1,-1
1601,38,411.7682189941406,187.00071716308594,11.235153198242188,4.609601020812988,1,-1,-1,-1
1621,66,215.17160034179688,215.39898681640625,8.4303617477417,3.997467517852783,1,-1,-1,-1
1621,12,232.7430877685547,189.91065979003906,9.564570426940918,4.442584037780762,1,-1,-1,-1
1621,55,165.28024291992188,157.2572784423828,25.23978042602539,6.580898284912109,1,-1,-1,-1
1621,38,411.84759521484375,186.86508178710938,11.192364692687988,4.565813064575195,1,-1,-1,-1
1641,12,232.55775451660156,189.97447204589844,9.761245727539062,4.287197589874268,1,-1,-1,-1
1641,55,166.23953247070312,133.2004852294922,27.470535278320312,6.146063327789307,1,-1,-1,-1
1661,55,168.51126098632812,109.34896087646484,22.242671966552734,6.5879645347595215,1,-1,-1,-1
1681,12,231.8069610595703,216.72471618652344,7.806870460510254,3.401447296142578,1,-1,-1,-1
1681,55,170.20912170410156,83.97391510009766,19.810251235961914,8.356596946716309,1,-1,-1,-1
1701,12,232.43528747558594,219.58908081054688,7.372282981872559,3.5752146244049072,1,-1,-1,-1
1701,55,175.9476318359375,58.78569030761719,15.564103126525879,7.854580879211426,1,-1,-1,-1
1721,12,235.32240295410156,223.5536651611328,7.562509536743164,3.4575183391571045,1,-1,-1,-1
1721,55,168.52096557617188,34.43450164794922,21.869972229003906,9.6675386428833,1,-1,-1,-1
1741,12,248.80831909179688,225.14146423339844,6.796562671661377,2.9795329570770264,1,-1,-1,-1
1741,55,175.05384826660156,15.214251518249512,21.751544952392578,10.933789253234863,1,-1,-1,-1
1761,12,261.907470703125,225.19076538085938,7.487889289855957,3.539846420288086,1,-1,-1,-1
1761,55,196.9097900390625,9.978143692016602,23.85822105407715,9.853113174438477,1,-1,-1,-1
1781,12,275.51641845703125,221.88595581054688,8.18602180480957,3.6749022006988525,1,-1,-1,-1
1781,55,233.04452514648438,189.91448974609375,9.307628631591797,4.715759754180908,1,-1,-1,-1
1801,12,232.6748809814453,189.9691925048828,9.616653442382812,4.492006778717041,1,-1,-1,-1
1801,55,315.88812255859375,196.50881958007812,18.16249656677246,4.860684871673584,1,-1,-1,-1
1821,12,233.03224182128906,189.93692016601562,9.211104393005371,4.566688537597656,1,-1,-1,-1
1821,55,316.36199951171875,196.40687561035156,17.755056381225586,4.452028274536133,1,-1,-1,-1
1841,55,407.2106628417969,193.92843627929688,11.552980422973633,3.6725687980651855,1,-1,-1,-1
1841,12,233.1661834716797,189.91876220703125,9.019146919250488,4.677811622619629,1,-1,-1,-1
1861,12,233.1300048828125,189.89979553222656,8.979998588562012,4.4296369552612305,1,-1,-1,-1
1861,55,315.94305419921875,196.3712158203125,18.14042854309082,4.7227044105529785,1,-1,-1,-1
1881,55,349.0776062011719,208.94541931152344,7.48216438293457,3.2716691493988037,1,-1,-1,-1
1881,12,233.11151123046875,189.9188690185547,9.064956665039062,4.354114055633545,1,-1,-1,-1
1901,12,233.16256713867188,189.87286376953125,8.720328330993652,4.388829708099365,1,-1,-1,-1
1901,55,315.8362731933594,196.49957275390625,18.496671676635742,5.0356011390686035,1,-1,-1,-1
1921,12,233.129638671875,189.8902130126953,8.749357223510742,4.32803201675415,1,-1,-1,-1
1941,12,233.07456970214844,189.69908142089844,9.21180534362793,4.7334394454956055,1,-1,-1,-1
1941,55,341.9542236328125,-0.36253172159194946,19.18152618408203,9.038886070251465,1,-1,-1,-1
1961,12,232.93785095214844,189.7975311279297,9.298797607421875,4.585579872131348,1,-1,-1,-1
1961,55,343.91326904296875,-0.011225715279579163,23.288938522338867,9.018830299377441,1,-1,-1,-1
1981,12,233.03025817871094,189.8368377685547,9.028055191040039,4.494280815124512,1,-1,-1,-1
1981,55,351.0989074707031,0.34897249937057495,23.466625213623047,9.224035263061523,1,-1,-1,-1
2001,12,233.04312133789062,189.8095703125,9.101672172546387,4.321341037750244,1,-1,-1,-1
2001,55,360.6514892578125,1.818421721458435,22.044313430786133,8.606431007385254,1,-1,-1,-1
2021,12,233.18556213378906,189.8609619140625,8.780826568603516,4.433497905731201,1,-1,-1,-1
2021,55,367.99066162109375,2.9737443923950195,23.324670791625977,8.682781219482422,1,-1,-1,-1
2041,12,232.8787384033203,189.7530517578125,9.473709106445312,4.5156569480896,1,-1,-1,-1
2041,55,371.4733581542969,3.736809730529785,22.213031768798828,8.02935791015625,1,-1,-1,-1
2061,55,375.04571533203125,4.566337585449219,22.20210075378418,8.116077423095703,1,-1,-1,-1
2061,12,232.9210205078125,189.79042053222656,9.409746170043945,4.4124979972839355,1,-1,-1,-1
2081,55,382.29754638671875,5.192684650421143,21.230789184570312,8.692920684814453,1,-1,-1,-1
2081,75,477.59173583984375,191.9764862060547,9.665424346923828,4.332303524017334,1,-1,-1,-1
2081,12,233.03652954101562,189.78955078125,9.070019721984863,4.3785505294799805,1,-1,-1,-1
2101,55,391.6729431152344,7.926779270172119,22.890087127685547,8.093801498413086,1,-1,-1,-1
2101,12,232.94630432128906,189.83975219726562,9.123242378234863,4.363117218017578,1,-1,-1,-1
2118,55,400.90716552734375,9.140402793884277,22.313222885131836,8.156537055969238,1,-1,-1,-1
2118,75,487.4426574707031,185.65036010742188,10.045385360717773,4.076674461364746,1,-1,-1,-1
2118,12,232.80108642578125,189.8411102294922,9.256341934204102,4.388477802276611,1,-1,-1,-1
