1,0,341.5124206542969,151.22457885742188,6.3378753662109375,3.1812970638275146,1,-1,-1,-1
1,1,327.54364013671875,112.05455017089844,6.409714221954346,3.210066318511963,1,-1,-1,-1
21,0,335.99127197265625,151.02740478515625,7.678313255310059,3.8893508911132812,1,-1,-1,-1
21,1,327.17596435546875,111.60760498046875,6.71285343170166,3.4960107803344727,1,-1,-1,-1
41,0,328.419677734375,151.84725952148438,7.250394344329834,3.1459391117095947,1,-1,-1,-1
41,1,327.72174072265625,111.6485366821289,6.542891979217529,3.5421700477600098,1,-1,-1,-1
61,0,324.4161682128906,152.68353271484375,6.948929786682129,3.0178534984588623,1,-1,-1,-1
61,1,327.3763427734375,110.35785675048828,6.415142059326172,3.825101613998413,1,-1,-1,-1
81,0,329.2779541015625,153.36819458007812,6.2209320068359375,4.784832000732422,1,-1,-1,-1
81,1,328.468994140625,111.22305297851562,5.147982597351074,3.061795473098755,1,-1,-1,-1
101,0,344.321533203125,155.45167541503906,7.2648091316223145,4.032370090484619,1,-1,-1,-1
101,1,327.23724365234375,111.54210662841797,7.042216777801514,3.141059160232544,1,-1,-1,-1
121,0,365.9781188964844,159.3485107421875,7.193245887756348,3.6681411266326904,1,-1,-1,-1
121,1,326.4342041015625,111.7179946899414,6.593269348144531,3.885289430618286,1,-1,-1,-1
141,0,396.3355712890625,162.0664520263672,6.443080425262451,3.819225311279297,1,-1,-1,-1
141,1,326.226318359375,111.96436309814453,5.423789024353027,3.085590362548828,1,-1,-1,-1
161,0,424.6751708984375,160.92811584472656,6.069586277008057,3.150139570236206,1,-1,-1,-1
161,1,326.0134582519531,111.73623657226562,5.536362648010254,3.7870066165924072,1,-1,-1,-1
181,0,431.2765197753906,144.3033447265625,5.71724796295166,3.0910041332244873,1,-1,-1,-1
181,1,327.3620910644531,112.1488037109375,6.795732498168945,3.422393798828125,1,-1,-1,-1
201,0,427.2125244140625,123.34146881103516,6.520111083984375,3.3517041206359863,1,-1,-1,-1
201,1,328.5533447265625,111.93038177490234,4.531259059906006,3.2578563690185547,1,-1,-1,-1
221,0,431.404296875,111.69746398925781,6.660490989685059,3.850783109664917,1,-1,-1,-1
221,1,325.3487548828125,111.60848999023438,6.866201400756836,3.697340726852417,1,-1,-1,-1
241,1,321.1377258300781,110.88887023925781,5.819596767425537,3.115222930908203,1,-1,-1,-1
241,0,445.3938293457031,112.48340606689453,7.220941066741943,3.495312213897705,1,-1,-1,-1
261,0,473.098388671875,115.64911651611328,6.355151653289795,3.7717151641845703,1,-1,-1,-1
261,1,316.96844482421875,104.67149353027344,6.970089912414551,3.725942373275757,1,-1,-1,-1
281,0,513.7365112304688,112.74069213867188,7.647820472717285,4.149714946746826,1,-1,-1,-1
281,1,314.48065185546875,99.40760040283203,5.4774169921875,3.5376505851745605,1,-1,-1,-1
301,1,310.4351501464844,96.94571685791016,6.08818244934082,3.149951696395874,1,-1,-1,-1
301,0,556.8040771484375,96.16171264648438,6.046100616455078,3.0962677001953125,1,-1,-1,-1
321,1,301.048095703125,98.3631820678711,6.652641773223877,3.8961002826690674,1,-1,-1,-1
321,0,567.4866943359375,93.30706787109375,5.856741905212402,3.8836841583251953,1,-1,-1,-1
341,1,297.6832580566406,104.9795913696289,5.282251834869385,3.3588321208953857,1,-1,-1,-1
341,0,543.8447265625,90.95140075683594,9.954806327819824,3.9119787216186523,1,-1,-1,-1
361,1,296.9872741699219,113.24091339111328,6.515512466430664,3.2397139072418213,1,-1,-1,-1
361,0,504.3995666503906,84.0636215209961,10.146333694458008,3.753571033477783,1,-1,-1,-1
381,0,481.48504638671875,68.79338073730469,7.69045877456665,4.509256839752197,1,-1,-1,-1
381,1,296.4220886230469,122.73426818847656,7.195379734039307,3.7651207447052,1,-1,-1,-1
401,0,475.6630859375,60.32246398925781,7.508717060089111,3.761586904525757,1,-1,-1,-1
401,1,294.2199401855469,127.54226684570312,7.318502426147461,3.114729642868042,1,-1,-1,-1
421,0,455.9720458984375,57.84275436401367,7.604097843170166,4.013813018798828,1,-1,-1,-1
421,1,289.1903991699219,124.21775817871094,6.812219142913818,3.7252745628356934,1,-1,-1,-1
441,0,413.03289794921875,51.56239318847656,11.082368850708008,4.7441182136535645,1,-1,-1,-1
441,1,285.53875732421875,117.5656967163086,6.264715194702148,4.039340496063232,1,-1,-1,-1
461,0,354.0992736816406,44.82417297363281,7.384629726409912,3.52217698097229,1,-1,-1,-1
461,1,285.61236572265625,111.09831237792969,6.283825874328613,3.514676094055176,1,-1,-1,-1
481,1,285.2398681640625,102.59789276123047,6.096279144287109,4.206207275390625,1,-1,-1,-1
481,0,279.6415100097656,35.754940032958984,6.599647521972656,4.234803676605225,1,-1,-1,-1
501,1,284.9859313964844,93.87198638916016,6.863264083862305,4.064821720123291,1,-1,-1,-1
501,0,211.52296447753906,29.318859100341797,7.685019493103027,4.647033214569092,1,-1,-1,-1
521,0,164.3782196044922,41.544822692871094,7.810499668121338,4.8622355461120605,1,-1,-1,-1
521,1,286.55987548828125,83.44404602050781,6.799487590789795,3.7411153316497803,1,-1,-1,-1
541,1,287.69512939453125,73.15178680419922,6.175602912902832,3.898892641067505,1,-1,-1,-1
541,0,139.86700439453125,57.149375915527344,7.089277267456055,4.122370719909668,1,-1,-1,-1
561,0,132.531494140625,78.3328857421875,7.46917200088501,5.296997547149658,1,-1,-1,-1
561,1,288.2200927734375,61.46205139160156,5.9685468673706055,4.421901702880859,1,-1,-1,-1
581,1,289.1751403808594,45.066951751708984,6.862645626068115,4.228329181671143,1,-1,-1,-1
581,0,144.60879516601562,91.75342559814453,6.870481491088867,3.407216787338257,1,-1,-1,-1
601,0,176.18569946289062,96.0408935546875,6.850296974182129,4.05186653137207,1,-1,-1,-1
601,1,289.6844787597656,31.59043312072754,6.239152908325195,3.6864545345306396,1,-1,-1,-1
621,0,223.4953155517578,101.96666717529297,6.529309272766113,4.263031482696533,1,-1,-1,-1
621,1,288.84527587890625,27.905582427978516,6.236596584320068,4.441330909729004,1,-1,-1,-1
641,0,280.6357116699219,106.8786392211914,7.0936150550842285,3.6094369888305664,1,-1,-1,-1
641,1,285.2681884765625,27.33203125,7.119198799133301,3.7454674243927,1,-1,-1,-1
661,0,347.49078369140625,110.95364379882812,7.760391712188721,3.9865756034851074,1,-1,-1,-1
661,1,281.83734130859375,27.50598907470703,6.3196635246276855,3.844204902648926,1,-1,-1,-1
681,0,391.3825988769531,108.82160949707031,4.851601600646973,3.239067554473877,1,-1,-1,-1
681,1,277.89324951171875,33.39358901977539,7.654601097106934,4.29032564163208,1,-1,-1,-1
701,1,275.15435791015625,41.28220748901367,6.092648983001709,3.775369167327881,1,-1,-1,-1
701,0,395.46826171875,96.55189514160156,7.282440185546875,4.592780113220215,1,-1,-1,-1
721,1,271.4345397949219,49.07490158081055,6.421492099761963,4.195530414581299,1,-1,-1,-1
721,0,400.1246337890625,94.75251007080078,7.290746688842773,3.474032402038574,1,-1,-1,-1
741,1,268.3422546386719,57.08863067626953,6.939199447631836,4.51187801361084,1,-1,-1,-1
741,0,411.9445495605469,94.63520050048828,6.8810224533081055,3.5952155590057373,1,-1,-1,-1
761,1,266.57415771484375,66.83092498779297,5.536323070526123,3.735339879989624,1,-1,-1,-1
761,0,429.2407531738281,97.13322448730469,7.302350997924805,3.8001856803894043,1,-1,-1,-1
781,1,263.8572998046875,76.5438003540039,6.912108421325684,4.612229347229004,1,-1,-1,-1
781,0,447.23394775390625,110.78030395507812,5.805208206176758,3.4612510204315186,1,-1,-1,-1
801,1,260.4551086425781,88.36822509765625,7.100033283233643,3.5735912322998047,1,-1,-1,-1
801,0,452.9468078613281,136.0684356689453,6.256972312927246,3.054957628250122,1,-1,-1,-1
821,1,256.7633361816406,98.6673583984375,6.889499664306641,4.555169582366943,1,-1,-1,-1
821,0,453.06280517578125,159.55548095703125,6.986123085021973,3.4358134269714355,1,-1,-1,-1
841,0,455.7854919433594,164.5266571044922,6.580322265625,3.291095495223999,1,-1,-1,-1
841,1,254.00845336914062,111.50706481933594,7.804068565368652,3.7396981716156006,1,-1,-1,-1
861,1,252.8026123046875,124.80170440673828,6.410358428955078,3.3581480979919434,1,-1,-1,-1
861,0,467.01953125,166.09754943847656,4.704387664794922,2.786255359649658,1,-1,-1,-1
881,1,250.45484924316406,135.9668426513672,4.785707473754883,2.9049041271209717,1,-1,-1,-1
881,0,486.02520751953125,167.39674377441406,5.194003105163574,3.451014280319214,1,-1,-1,-1
901,1,245.43954467773438,134.35702514648438,6.325854778289795,3.7606465816497803,1,-1,-1,-1
901,0,509.79132080078125,170.6495819091797,8.808645248413086,3.1494083404541016,1,-1,-1,-1
921,1,238.01370239257812,124.72142028808594,5.98084020614624,3.472742795944214,1,-1,-1,-1
921,0,536.5616455078125,171.5416717529297,7.601375579833984,3.237788438796997,1,-1,-1,-1
941,1,229.0963897705078,115.24259185791016,7.638328552246094,4.030041694641113,1,-1,-1,-1
941,0,539.1904296875,161.36085510253906,6.690203666687012,3.2807881832122803,1,-1,-1,-1
961,0,535.9410400390625,141.9551239013672,4.712075710296631,3.626441717147827,1,-1,-1,-1
961,1,221.91055297851562,107.58476257324219,7.64916467666626,3.551787853240967,1,-1,-1,-1
981,0,535.9082641601562,119.78433227539062,4.766640663146973,3.0145645141601562,1,-1,-1,-1
981,1,214.16383361816406,100.53533172607422,7.834176540374756,3.911170721054077,1,-1,-1,-1
1001,1,207.31826782226562,93.2903823852539,6.548583030700684,3.9077889919281006,1,-1,-1,-1
1001,0,536.1319580078125,97.63866424560547,7.264099597930908,3.695465326309204,1,-1,-1,-1
1021,1,200.7968292236328,87.25300598144531,6.295342445373535,3.443227529525757,1,-1,-1,-1
1021,0,544.1136474609375,88.0144271850586,4.689390182495117,2.7113962173461914,1,-1,-1,-1
1041,1,193.99444580078125,80.10089111328125,7.659269332885742,3.9495041370391846,1,-1,-1,-1
1041,0,556.786376953125,68.74920654296875,6.240667819976807,3.2020440101623535,1,-1,-1,-1
1061,0,576.3042602539062,37.42023468017578,7.422084331512451,4.62296724319458,1,-1,-1,-1
1061,1,187.77101135253906,74.45500183105469,6.412483215332031,3.7864973545074463,1,-1,-1,-1
1081,0,581.2357177734375,18.50084114074707,6.442861080169678,5.307724475860596,1,-1,-1,-1
1081,1,181.1785888671875,68.31060028076172,7.080311298370361,3.942378520965576,1,-1,-1,-1
1101,0,578.1867065429688,12.994787216186523,7.753438472747803,5.869442462921143,1,-1,-1,-1
1101,1,174.8926544189453,62.610355377197266,7.18895959854126,3.5406534671783447,1,-1,-1,-1
1121,0,574.1708984375,12.31108283996582,7.317836284637451,4.4806132316589355,1,-1,-1,-1
1121,1,168.96481323242188,57.53176498413086,6.886597633361816,3.5942955017089844,1,-1,-1,-1
1141,1,157.7718963623047,55.19734573364258,7.6557416915893555,3.639704942703247,1,-1,-1,-1
1141,0,571.6796264648438,12.672165870666504,8.795357704162598,4.158596992492676,1,-1,-1,-1
1161,0,570.3045043945312,13.392019271850586,9.546671867370605,4.916377544403076,1,-1,-1,-1
1161,1,144.06613159179688,63.50489807128906,6.881470203399658,4.32514762878418,1,-1,-1,-1
1181,1,131.73329162597656,72.34770202636719,7.278322219848633,3.854290008544922,1,-1,-1,-1
1181,0,566.6773681640625,17.449405670166016,9.105762481689453,4.818933010101318,1,-1,-1,-1
1201,0,562.483642578125,19.34766387939453,8.606539726257324,4.86041259765625,1,-1,-1,-1
1201,10,562.391357421875,19.3709716796875,8.871700286865234,4.994845867156982,1,-1,-1,-1
1201,1,120.6959457397461,69.37847137451172,7.51637077331543,4.013256072998047,1,-1,-1,-1
1221,0,561.2081298828125,18.578994750976562,8.944190979003906,4.9117021560668945,1,-1,-1,-1
1221,1,107.81780242919922,51.385589599609375,7.5465087890625,4.145201683044434,1,-1,-1,-1
1241,0,564.907958984375,16.79166030883789,11.79222583770752,5.450271129608154,1,-1,-1,-1
1241,1,95.58671569824219,37.5507698059082,6.8753862380981445,4.69317102432251,1,-1,-1,-1
1261,0,571.0956420898438,11.131043434143066,10.785369873046875,5.377216339111328,1,-1,-1,-1
1261,1,84.90415954589844,35.19784927368164,7.556888580322266,4.541888236999512,1,-1,-1,-1
1281,0,575.6347045898438,-0.07022559642791748,8.744429588317871,5.017202854156494,1,-1,-1,-1
1281,1,82.93028259277344,34.85488510131836,7.588139057159424,5.618960857391357,1,-1,-1,-1
1301,1,93.03147888183594,37.28666305541992,7.763964653015137,4.752525806427002,1,-1,-1,-1
1321,1,105.55533599853516,44.236961364746094,7.525372505187988,4.098368167877197,1,-1,-1,-1
1341,1,107.14759063720703,67.2199478149414,7.923681259155273,4.203361511230469,1,-1,-1,-1
1361,1,108.28917694091797,72.03826904296875,7.51770544052124,4.511463642120361,1,-1,-1,-1
1381,1,119.58931732177734,72.18399810791016,7.8160719871521,3.9362847805023193,1,-1,-1,-1
1401,1,123.29700469970703,67.93449401855469,7.232170581817627,3.9509665966033936,1,-1,-1,-1
1421,13,565.2870483398438,0.3215116858482361,9.300527572631836,4.4690423011779785,1,-1,-1,-1
1421,1,121.81626892089844,66.5780029296875,7.5280327796936035,4.12544584274292,1,-1,-1,-1
1441,13,552.8490600585938,21.768064498901367,9.270464897155762,5.577208518981934,1,-1,-1,-1
1441,1,120.91653442382812,68.41445922851562,7.114615440368652,3.6971261501312256,1,-1,-1,-1
1461,13,540.5424194335938,43.96493911743164,9.419716835021973,4.266851902008057,1,-1,-1,-1
1461,1,121.15855407714844,68.4043197631836,7.872955322265625,3.970693588256836,1,-1,-1,-1
1481,13,531.494384765625,63.14032745361328,6.373259544372559,3.1252644062042236,1,-1,-1,-1
1481,1,121.68008422851562,67.81597137451172,7.7205915451049805,4.777344703674316,1,-1,-1,-1
1501,13,525.2115478515625,69.15619659423828,8.554282188415527,4.088233470916748,1,-1,-1,-1
1501,1,129.86187744140625,69.23078155517578,6.249027252197266,4.963282108306885,1,-1,-1,-1
1521,13,518.7525634765625,69.44821166992188,8.056020736694336,4.2408528327941895,1,-1,-1,-1
1521,1,143.4875030517578,72.86285400390625,7.163066864013672,4.425447463989258,1,-1,-1,-1
1541,13,501.9176025390625,68.88202667236328,7.217586040496826,4.066032886505127,1,-1,-1,-1
1541,1,160.40951538085938,76.29273986816406,7.026780128479004,4.491386890411377,1,-1,-1,-1
1561,13,480.7504577636719,68.53865051269531,8.298686981201172,4.0106120109558105,1,-1,-1,-1
1561,1,176.17410278320312,80.24932098388672,7.2217488288879395,4.143945217132568,1,-1,-1,-1
1581,1,191.50717163085938,84.1975326538086,7.34766960144043,3.6334822177886963,1,-1,-1,-1
1581,13,459.9627380371094,87.48343658447266,7.000985622406006,3.88242769241333,1,-1,-1,-1
1601,1,207.04734802246094,87.87395477294922,5.71501350402832,3.612701416015625,1,-1,-1,-1
1601,13,438.52276611328125,107.33016967773438,6.900378227233887,3.5508668422698975,1,-1,-1,-1
1621,1,220.71144104003906,90.80831909179688,7.160928726196289,4.0508809089660645,1,-1,-1,-1
1621,13,417.3446960449219,115.89738464355469,7.212901592254639,3.855741262435913,1,-1,-1,-1
1641,1,234.97987365722656,94.29515838623047,7.104373455047607,3.9630775451660156,1,-1,-1,-1
1641,13,395.661376953125,123.29326629638672,8.052013397216797,3.5585834980010986,1,-1,-1,-1
1661,1,249.87277221679688,98.20941925048828,7.218426704406738,4.034760475158691,1,-1,-1,-1
1661,13,376.53656005859375,132.78245544433594,6.763401985168457,4.290189743041992,1,-1,-1,-1
1681,1,266.5390625,101.92296600341797,6.430998802185059,4.044381141662598,1,-1,-1,-1
1681,13,353.3480224609375,138.85025024414062,6.9604997634887695,3.958385705947876,1,-1,-1,-1
1701,13,335.6302490234375,139.6859588623047,7.621307849884033,3.30566668510437,1,-1,-1,-1
1701,19,395.938720703125,92.91514587402344,7.242923259735107,5.504903316497803,1,-1,-1,-1
1701,1,276.0556335449219,104.91503143310547,7.3600616455078125,3.2144930362701416,1,-1,-1,-1
1721,13,319.16522216796875,139.2533721923828,7.941070556640625,3.649143695831299,1,-1,-1,-1
1721,1,278.3230285644531,109.3006820678711,5.942691802978516,3.605438470840454,1,-1,-1,-1
1721,19,179.67970275878906,24.797693252563477,4.931650638580322,3.354666233062744,1,-1,-1,-1
1741,1,275.1010437011719,113.43035125732422,7.945828914642334,3.521418809890747,1,-1,-1,-1
1741,13,303.49896240234375,139.31716918945312,8.082684516906738,3.737032413482666,1,-1,-1,-1
1761,13,289.93377685546875,138.8958282470703,8.862802505493164,3.6856837272644043,1,-1,-1,-1
1761,1,275.595458984375,112.674560546875,6.96652364730835,3.2322821617126465,1,-1,-1,-1
1781,13,277.36212158203125,137.0343780517578,8.884478569030762,4.446473121643066,1,-1,-1,-1
1781,1,279.84588623046875,108.437255859375,6.521327018737793,3.2713382244110107,1,-1,-1,-1
1801,13,269.0202941894531,133.44955444335938,8.169551849365234,3.9706838130950928,1,-1,-1,-1
1801,1,286.19464111328125,101.38200378417969,8.615703582763672,3.6794252395629883,1,-1,-1,-1
1821,1,293.4359436035156,95.71781158447266,5.914543151855469,3.613543748855591,1,-1,-1,-1
1821,13,261.5243835449219,128.322021484375,8.618715286254883,4.287314414978027,1,-1,-1,-1
1841,1,290.5887451171875,91.22907257080078,7.864909648895264,3.605644702911377,1,-1,-1,-1
1841,13,255.3066864013672,122.00364685058594,7.409902572631836,4.3463945388793945,1,-1,-1,-1
1861,1,285.1205139160156,87.99657440185547,7.958302021026611,3.4194483757019043,1,-1,-1,-1
1861,13,247.81207275390625,113.21075439453125,4.470855712890625,2.621774673461914,1,-1,-1,-1
1881,1,277.7203369140625,83.84235382080078,7.791521072387695,3.9651713371276855,1,-1,-1,-1
1881,13,236.9027099609375,106.7015151977539,8.613871574401855,5.585522651672363,1,-1,-1,-1
1901,13,233.8955078125,121.99286651611328,7.1190080642700195,3.963242530822754,1,-1,-1,-1
1901,1,270.8819274902344,80.26039123535156,7.7328338623046875,4.580656051635742,1,-1,-1,-1
1921,13,236.87240600585938,129.87176513671875,6.8535943031311035,3.7039003372192383,1,-1,-1,-1
1921,1,262.0873718261719,77.77301788330078,6.01577091217041,3.4151132106781006,1,-1,-1,-1
1941,13,237.35333251953125,119.2218017578125,6.974081039428711,2.884631633758545,1,-1,-1,-1
1941,1,243.6862030029297,69.74092864990234,7.714458465576172,5.521519660949707,1,-1,-1,-1
1961,13,236.98121643066406,117.3429946899414,6.132870674133301,3.6200520992279053,1,-1,-1,-1
1961,1,233.0929718017578,66.30709838867188,7.817404270172119,5.403212547302246,1,-1,-1,-1
1981,13,235.86074829101562,124.31398010253906,4.862603664398193,2.8021433353424072,1,-1,-1,-1
1981,1,232.5346221923828,66.1949234008789,8.25278377532959,4.979960918426514,1,-1,-1,-1
2001,13,232.53402709960938,135.50927734375,5.329466819763184,2.875551700592041,1,-1,-1,-1
2001,1,233.2554473876953,67.09602355957031,7.657678604125977,3.8912646770477295,1,-1,-1,-1
2021,13,229.51429748535156,139.02029418945312,7.038022994995117,3.6026828289031982,1,-1,-1,-1
2021,1,232.32305908203125,67.27056121826172,7.130057334899902,4.712902069091797,1,-1,-1,-1
2041,13,228.12863159179688,139.41543579101562,5.405821800231934,2.9479598999023438,1,-1,-1,-1
2041,1,232.6595458984375,68.03646087646484,8.021932601928711,4.4391560554504395,1,-1,-1,-1
2061,13,227.4698028564453,133.41058349609375,6.149216175079346,3.6735618114471436,1,-1,-1,-1
2061,1,231.04434204101562,68.36576080322266,7.7159810066223145,4.423613548278809,1,-1,-1,-1
2081,13,227.750244140625,127.82616424560547,6.12061071395874,3.364903211593628,1,-1,-1,-1
2081,1,228.1798095703125,68.4991683959961,8.352407455444336,3.6912033557891846,1,-1,-1,-1
2101,13,228.20895385742188,122.49093627929688,4.972286701202393,2.956454277038574,1,-1,-1,-1
2101,1,217.046630859375,65.73101043701172,8.01042652130127,4.277240753173828,1,-1,-1,-1
2121,1,203.9972686767578,63.11876678466797,7.431342601776123,3.817650556564331,1,-1,-1,-1
2121,13,226.03713989257812,120.48038482666016,7.4574384689331055,3.5477819442749023,1,-1,-1,-1
2141,13,223.11343383789062,128.03396606445312,6.662619113922119,3.293646812438965,1,-1,-1,-1
2141,1,192.2667694091797,61.70378875732422,8.450947761535645,4.489853382110596,1,-1,-1,-1
2161,13,219.9418487548828,137.92759704589844,5.59715461730957,3.846653938293457,1,-1,-1,-1
2161,1,181.80197143554688,60.404903411865234,8.218461036682129,4.767960548400879,1,-1,-1,-1
2181,13,217.15768432617188,135.54579162597656,5.204837799072266,3.456602096557617,1,-1,-1,-1
2181,1,173.7333526611328,59.43071746826172,8.090229988098145,4.521561145782471,1,-1,-1,-1
2190,13,217.98965454101562,132.18292236328125,4.578228950500488,2.8562099933624268,1,-1,-1,-1
2190,1,171.45896911621094,58.35480499267578,8.075897216796875,4.897738456726074,1,-1,-1,-1
