1,0,122.57377624511719,160.69415283203125,16.49299430847168,7.894376754760742,1,-1,-1,-1
21,0,262.84161376953125,110.12168884277344,14.385842323303223,8.687492370605469,1,-1,-1,-1
41,0,415.7880859375,54.5958137512207,10.823747634887695,9.284146308898926,1,-1,-1,-1
61,0,464.890625,35.1973762512207,10.316487312316895,12.862032890319824,1,-1,-1,-1
81,0,415.0509948730469,56.433982849121094,14.52333927154541,12.15122127532959,1,-1,-1,-1
101,0,385.8512878417969,64.64131164550781,16.960575103759766,12.918057441711426,1,-1,-1,-1
121,0,390.66400146484375,68.52715301513672,13.544313430786133,10.37992000579834,1,-1,-1,-1
141,0,399.96234130859375,85.92225646972656,13.888703346252441,11.487255096435547,1,-1,-1,-1
161,0,413.2638854980469,114.44347381591797,12.061990737915039,10.940343856811523,1,-1,-1,-1
181,0,430.05804443359375,153.24002075195312,11.813925743103027,10.139059066772461,1,-1,-1,-1
201,0,448.8899230957031,202.03514099121094,13.784647941589355,8.485577583312988,1,-1,-1,-1
221,0,469.6933288574219,253.7165069580078,15.014185905456543,10.63299560546875,1,-1,-1,-1
241,0,441.76141357421875,275.03399658203125,14.170435905456543,11.908565521240234,1,-1,-1,-1
261,0,328.78021240234375,307.6197204589844,18.154945373535156,11.711832046508789,1,-1,-1,-1
281,0,210.8433380126953,349.1244201660156,17.899839401245117,7.949066162109375,1,-1,-1,-1
321,0,193.56265258789062,355.14276123046875,14.862445831298828,5.014045238494873,1,-1,-1,-1
341,0,270.25341796875,332.1500244140625,13.725788116455078,6.252001762390137,1,-1,-1,-1
361,0,373.94891357421875,295.6592712402344,19.74851417541504,8.065653800964355,1,-1,-1,-1
381,0,475.16986083984375,262.9506530761719,14.202619552612305,14.359722137451172,1,-1,-1,-1
401,0,499.5592956542969,259.7324523925781,10.885099411010742,9.263708114624023,1,-1,-1,-1
421,0,467.1051330566406,268.3726806640625,16.020153045654297,12.639652252197266,1,-1,-1,-1
441,0,375.9250183105469,300.5996398925781,16.996126174926758,11.980310440063477,1,-1,-1,-1
461,0,248.6409912109375,348.6796569824219,13.822888374328613,5.508973121643066,1,-1,-1,-1
481,0,329.8797912597656,324.8323059082031,7.357616424560547,5.050465106964111,1,-1,-1,-1
561,0,266.13470458984375,288.1586608886719,12.850741386413574,11.497254371643066,1,-1,-1,-1
581,0,284.5565490722656,244.4521942138672,12.865443229675293,10.281224250793457,1,-1,-1,-1
601,0,281.52978515625,217.78822326660156,10.727434158325195,7.225278377532959,1,-1,-1,-1
621,0,323.8045959472656,201.4735565185547,11.265495300292969,6.515603542327881,1,-1,-1,-1
641,0,456.8005676269531,149.1649627685547,18.351268768310547,9.44541072845459,1,-1,-1,-1
701,0,531.3783569335938,205.6619415283203,7.777757167816162,3.7328040599823,1,-1,-1,-1
741,0,589.4423217773438,107.66236877441406,17.033447265625,11.249814987182617,1,-1,-1,-1
761,0,542.4307861328125,126.19174194335938,11.579028129577637,8.631792068481445,1,-1,-1,-1
781,0,487.00506591796875,144.2545623779297,10.428600311279297,9.087409019470215,1,-1,-1,-1
801,0,380.11822509765625,175.36129760742188,17.475341796875,8.364090919494629,1,-1,-1,-1
821,0,345.1816101074219,165.53517150878906,11.776941299438477,10.3624849319458,1,-1,-1,-1
841,0,345.8701171875,173.96847534179688,13.019944190979004,10.776679992675781,1,-1,-1,-1
861,0,348.97967529296875,180.54229736328125,14.054363250732422,13.114250183105469,1,-1,-1,-1
881,0,367.1606140136719,219.28976440429688,14.419952392578125,11.842885971069336,1,-1,-1,-1
901,0,396.82073974609375,284.35260009765625,12.818289756774902,7.333369255065918,1,-1,-1,-1
921,0,434.58660888671875,307.4602966308594,5.039008140563965,4.158675670623779,1,-1,-1,-1
941,0,424.22412109375,281.7498474121094,9.951871871948242,6.1428985595703125,1,-1,-1,-1
961,0,406.53399658203125,234.20945739746094,9.635207176208496,6.390923023223877,1,-1,-1,-1
981,0,389.6329040527344,186.4138946533203,8.873432159423828,7.6493000984191895,1,-1,-1,-1
1001,0,401.35162353515625,172.31423950195312,9.837320327758789,6.119516849517822,1,-1,-1,-1
1021,0,471.6946105957031,145.6454315185547,10.128057479858398,8.683914184570312,1,-1,-1,-1
1041,0,527.9509887695312,129.4312286376953,7.081892967224121,5.810771942138672,1,-1,-1,-1
1061,0,530.039794921875,128.64218139648438,8.170487403869629,8.0645170211792,1,-1,-1,-1
1081,0,486.02880859375,148.09732055664062,7.381834983825684,5.258225440979004,1,-1,-1,-1
1101,0,405.53375244140625,174.9178009033203,11.35994815826416,8.564736366271973,1,-1,-1,-1
1121,0,309.61676025390625,210.5595703125,11.055154800415039,7.269063472747803,1,-1,-1,-1
1141,0,205.94149780273438,249.1934814453125,9.84050178527832,6.724295139312744,1,-1,-1,-1
1161,0,127.77731323242188,277.88519287109375,10.045446395874023,5.74275016784668,1,-1,-1,-1
1181,0,128.5128631591797,280.33148193359375,6.496911525726318,4.667956829071045,1,-1,-1,-1
1201,0,183.6204376220703,255.77392578125,8.367464065551758,6.941989898681641,1,-1,-1,-1
1221,0,200.40643310546875,229.86215209960938,9.250898361206055,7.1327924728393555,1,-1,-1,-1
1241,0,198.0889129638672,200.93861389160156,8.59699821472168,7.594561576843262,1,-1,-1,-1
1261,0,194.72535705566406,171.29075622558594,9.950667381286621,8.153894424438477,1,-1,-1,-1
1281,0,193.70484924316406,141.6033477783203,8.755783081054688,7.807877540588379,1,-1,-1,-1
1301,0,195.18409729003906,131.2388153076172,10.034711837768555,7.991225242614746,1,-1,-1,-1
1321,0,212.87615966796875,156.11172485351562,9.767778396606445,8.33873462677002,1,-1,-1,-1
1341,0,239.43922424316406,189.69302368164062,9.170400619506836,6.965365409851074,1,-1,-1,-1
1361,0,255.56884765625,195.78402709960938,5.548086166381836,4.139681339263916,1,-1,-1,-1
1381,0,266.250244140625,181.8610382080078,6.956941604614258,5.07694673538208,1,-1,-1,-1
1401,0,313.2322082519531,168.6211395263672,6.688066482543945,4.676350116729736,1,-1,-1,-1
1421,0,389.6329040527344,141.0193328857422,9.709066390991211,6.655210494995117,1,-1,-1,-1
1441,0,469.6759338378906,114.11018371582031,7.4427690505981445,6.37844705581665,1,-1,-1,-1
1461,0,495.86920166015625,109.19966888427734,6.197074890136719,5.676204681396484,1,-1,-1,-1
1481,0,481.58416748046875,115.51134490966797,6.72848653793335,5.551811695098877,1,-1,-1,-1
1501,0,440.052734375,132.6590576171875,6.577611923217773,5.141216278076172,1,-1,-1,-1
1521,0,378.743408203125,154.28189086914062,8.333281517028809,6.143796920776367,1,-1,-1,-1
1541,0,303.6840515136719,181.05775451660156,9.106152534484863,7.393094062805176,1,-1,-1,-1
1561,0,225.60894775390625,210.06820678710938,8.715699195861816,6.878618240356445,1,-1,-1,-1
1581,0,152.16981506347656,238.02688598632812,7.3427324295043945,4.1375532150268555,1,-1,-1,-1
1601,0,121.18661499023438,249.41168212890625,6.11461877822876,4.207204341888428,1,-1,-1,-1
1621,0,137.3529815673828,242.8645477294922,6.8152852058410645,4.0921149253845215,1,-1,-1,-1
1641,0,186.08726501464844,223.3690948486328,8.115633010864258,4.683866024017334,1,-1,-1,-1
1661,0,236.90414428710938,204.16307067871094,6.389153003692627,5.435522079467773,1,-1,-1,-1
1681,0,239.38333129882812,186.58424377441406,7.833257675170898,6.6876912117004395,1,-1,-1,-1
1701,0,239.78041076660156,183.62681579589844,8.162862777709961,6.369114398956299,1,-1,-1,-1
1721,0,244.80572509765625,210.83164978027344,5.877161979675293,4.850219249725342,1,-1,-1,-1
1741,0,247.90481567382812,237.45880126953125,7.51537561416626,4.9846906661987305,1,-1,-1,-1
1761,0,253.33412170410156,267.15008544921875,6.467334747314453,4.363010406494141,1,-1,-1,-1
1781,0,278.82427978515625,282.4058837890625,7.276493072509766,4.505016803741455,1,-1,-1,-1
1801,0,341.13140869140625,273.3450012207031,10.035821914672852,5.381421089172363,1,-1,-1,-1
1821,0,403.82049560546875,254.19712829589844,5.392524719238281,4.133142471313477,1,-1,-1,-1
1841,0,410.9850769042969,249.94149780273438,8.378449440002441,5.50717306137085,1,-1,-1,-1
1861,0,398.7956237792969,254.2772979736328,7.24720573425293,6.332398414611816,1,-1,-1,-1
1881,0,361.8963317871094,267.904541015625,7.604498863220215,3.884378433227539,1,-1,-1,-1
1901,0,338.777587890625,272.8805847167969,8.253132820129395,4.252292633056641,1,-1,-1,-1
1921,0,339.372314453125,272.51580810546875,6.366766929626465,5.101171493530273,1,-1,-1,-1
1941,0,320.5854797363281,278.0927734375,6.1783647537231445,5.622447490692139,1,-1,-1,-1
1961,0,264.5279235839844,295.7032775878906,8.342409133911133,4.937231540679932,1,-1,-1,-1
1981,0,217.0131072998047,313.1116027832031,5.694403171539307,4.156296253204346,1,-1,-1,-1
2000,0,187.55972290039062,320.29486083984375,8.095335006713867,4.564493656158447,1,-1,-1,-1
