1,0,267.46844482421875,161.76072692871094,25.927631378173828,12.336348533630371,1,-1,-1,-1
1,1,144.97393798828125,216.38572692871094,16.433509826660156,6.86906099319458,1,-1,-1,-1
21,0,265.8850402832031,160.41331481933594,25.36461639404297,13.875347137451172,1,-1,-1,-1
21,1,144.30712890625,217.03334045410156,15.744596481323242,7.033979892730713,1,-1,-1,-1
41,0,264.81060791015625,159.77072143554688,28.8005428314209,14.07695484161377,1,-1,-1,-1
41,1,143.49801635742188,216.85958862304688,16.18848419189453,6.3509416580200195,1,-1,-1,-1
61,0,266.7220458984375,159.81890869140625,25.811492919921875,14.477417945861816,1,-1,-1,-1
61,1,143.29884338378906,216.62156677246094,16.538265228271484,6.754523277282715,1,-1,-1,-1
81,0,268.08819580078125,161.0089111328125,24.78515625,13.129094123840332,1,-1,-1,-1
81,1,143.4256591796875,216.34820556640625,15.777778625488281,6.737875938415527,1,-1,-1,-1
101,0,266.52783203125,160.8471221923828,27.270519256591797,14.129015922546387,1,-1,-1,-1
101,1,143.5259246826172,215.71392822265625,16.039249420166016,6.410207748413086,1,-1,-1,-1
121,0,267.7345275878906,162.80548095703125,25.815757751464844,11.848054885864258,1,-1,-1,-1
121,1,144.99172973632812,211.20237731933594,15.127081871032715,6.492188930511475,1,-1,-1,-1
141,1,143.56027221679688,200.70021057128906,16.620275497436523,7.305150032043457,1,-1,-1,-1
141,0,280.5044250488281,160.72035217285156,26.825809478759766,11.662331581115723,1,-1,-1,-1
161,0,347.2577209472656,149.0662384033203,26.759559631347656,10.565868377685547,1,-1,-1,-1
161,1,146.2910919189453,157.367919921875,15.55671501159668,8.074936866760254,1,-1,-1,-1
181,1,148.2241973876953,117.3676528930664,16.6650447845459,7.81204891204834,1,-1,-1,-1
181,0,404.5381164550781,123.82030487060547,26.410219192504883,16.975107192993164,1,-1,-1,-1
201,1,150.5054931640625,83.49633026123047,15.370732307434082,7.885866641998291,1,-1,-1,-1
201,0,408.5614318847656,105.63674926757812,24.892292022705078,15.616384506225586,1,-1,-1,-1
221,0,406.9603271484375,91.16410827636719,24.96835708618164,17.831348419189453,1,-1,-1,-1
221,1,152.2841339111328,74.64220428466797,15.411211013793945,8.244611740112305,1,-1,-1,-1
241,1,153.64500427246094,75.7836685180664,14.984196662902832,7.429773330688477,1,-1,-1,-1
261,1,154.12013244628906,83.05806732177734,13.329870223999023,8.772311210632324,1,-1,-1,-1
261,0,382.4099426269531,97.90972900390625,25.921476364135742,15.717570304870605,1,-1,-1,-1
281,1,151.92041015625,122.20441436767578,15.581487655639648,8.283441543579102,1,-1,-1,-1
281,0,360.6077575683594,126.16687774658203,21.661405563354492,14.967340469360352,1,-1,-1,-1
301,1,148.13475036621094,171.88992309570312,16.405597686767578,6.886862754821777,1,-1,-1,-1
301,0,344.67718505859375,172.25701904296875,24.9710636138916,11.979313850402832,1,-1,-1,-1
321,0,347.949462890625,215.24203491210938,16.487524032592773,5.491130352020264,1,-1,-1,-1
321,1,148.22705078125,227.24029541015625,16.559789657592773,7.587939262390137,1,-1,-1,-1
341,0,348.69866943359375,219.65213012695312,18.674663543701172,6.875726222991943,1,-1,-1,-1
341,1,144.06484985351562,241.05499267578125,17.063236236572266,6.136480331420898,1,-1,-1,-1
361,0,347.8605651855469,208.13693237304688,16.697803497314453,6.6380815505981445,1,-1,-1,-1
361,1,136.9076385498047,230.80628967285156,14.83784294128418,8.227327346801758,1,-1,-1,-1
381,0,346.59814453125,198.21376037597656,16.03015899658203,5.921935081481934,1,-1,-1,-1
381,1,131.7442169189453,249.1506805419922,19.462526321411133,7.870201587677002,1,-1,-1,-1
401,1,130.71136474609375,231.37286376953125,20.200122833251953,7.088695049285889,1,-1,-1,-1
421,1,135.8969268798828,183.9152069091797,15.723531723022461,7.341581344604492,1,-1,-1,-1
441,1,139.26806640625,138.55528259277344,15.902432441711426,7.403433322906494,1,-1,-1,-1
441,0,312.60418701171875,192.51795959472656,17.49591827392578,8.047588348388672,1,-1,-1,-1
461,1,142.0600128173828,108.57711791992188,16.195810317993164,8.539432525634766,1,-1,-1,-1
461,0,262.7685852050781,194.95570373535156,17.488964080810547,8.71264934539795,1,-1,-1,-1
481,1,145.31759643554688,101.0780029296875,16.3513240814209,8.233359336853027,1,-1,-1,-1
481,0,251.83987426757812,195.4767303466797,16.74931526184082,8.319178581237793,1,-1,-1,-1
501,1,145.89016723632812,90.00057220458984,17.864944458007812,8.025784492492676,1,-1,-1,-1
501,0,280.803466796875,191.16893005371094,17.10655403137207,8.259176254272461,1,-1,-1,-1
521,1,144.93504333496094,122.03492736816406,16.999000549316406,9.091686248779297,1,-1,-1,-1
521,0,345.01190185546875,185.76976013183594,16.35983657836914,7.222442626953125,1,-1,-1,-1
541,1,142.94039916992188,157.97471618652344,15.8408784866333,8.120081901550293,1,-1,-1,-1
541,0,414.689453125,177.77645874023438,15.615293502807617,7.560922622680664,1,-1,-1,-1
561,1,136.72988891601562,214.81410217285156,17.73076057434082,7.406444072723389,1,-1,-1,-1
561,0,436.43768310546875,176.17835998535156,14.440569877624512,6.719730377197266,1,-1,-1,-1
581,1,136.35841369628906,241.2665252685547,18.38196563720703,6.759556293487549,1,-1,-1,-1
581,0,431.2154846191406,176.1996307373047,16.947505950927734,7.775798320770264,1,-1,-1,-1
601,1,132.48426818847656,280.4043884277344,19.526540756225586,6.535028457641602,1,-1,-1,-1
601,0,413.9031677246094,177.7996063232422,17.327346801757812,9.040631294250488,1,-1,-1,-1
621,1,136.06890869140625,240.93064880371094,17.76236343383789,7.252747535705566,1,-1,-1,-1
641,1,137.33412170410156,202.52999877929688,17.18111801147461,6.771134853363037,1,-1,-1,-1
641,0,410.0205993652344,206.41873168945312,17.805419921875,7.798007965087891,1,-1,-1,-1
661,0,367.5892639160156,210.63284301757812,14.988313674926758,10.96922779083252,1,-1,-1,-1
661,1,139.62905883789062,163.32704162597656,17.65899658203125,8.439713478088379,1,-1,-1,-1
681,1,139.70205688476562,151.48117065429688,16.063365936279297,8.413321495056152,1,-1,-1,-1
681,0,257.3765869140625,223.6346893310547,17.537368774414062,7.413259506225586,1,-1,-1,-1
701,0,201.7242431640625,228.18807983398438,19.97535514831543,7.808558940887451,1,-1,-1,-1
701,1,140.1922149658203,117.19807434082031,17.67411994934082,9.15675163269043,1,-1,-1,-1
721,0,206.4517059326172,208.73590087890625,19.35102653503418,9.5669527053833,1,-1,-1,-1
721,1,160.76821899414062,112.78970336914062,14.52328109741211,7.866377830505371,1,-1,-1,-1
741,1,195.87791442871094,103.71056365966797,17.78005599975586,9.224701881408691,1,-1,-1,-1
741,0,237.11550903320312,204.46157836914062,17.727489471435547,8.165365219116211,1,-1,-1,-1
761,1,196.88876342773438,112.80696105957031,15.394174575805664,8.43044662475586,1,-1,-1,-1
761,0,262.5601501464844,202.2178955078125,16.693910598754883,9.032490730285645,1,-1,-1,-1
781,0,317.1136169433594,198.8162384033203,18.14519500732422,7.509035110473633,1,-1,-1,-1
781,1,198.81341552734375,163.0878448486328,15.460652351379395,8.421709060668945,1,-1,-1,-1
801,1,194.74237060546875,224.63687133789062,17.932918548583984,7.662407398223877,1,-1,-1,-1
801,0,328.8537902832031,192.39865112304688,17.754051208496094,6.623054027557373,1,-1,-1,-1
821,1,191.55943298339844,285.45294189453125,15.931943893432617,6.995553016662598,1,-1,-1,-1
821,0,328.1270751953125,187.88417053222656,16.461050033569336,8.618563652038574,1,-1,-1,-1
841,1,227.75010681152344,298.1298828125,13.319891929626465,5.009725570678711,1,-1,-1,-1
841,0,326.30096435546875,183.3068389892578,19.344324111938477,9.068595886230469,1,-1,-1,-1
861,1,325.8392639160156,291.1190490722656,16.415674209594727,6.025013446807861,1,-1,-1,-1
861,0,325.64483642578125,176.3814239501953,25.195770263671875,8.821548461914062,1,-1,-1,-1
881,1,436.261962890625,282.005615234375,18.84678077697754,9.323761940002441,1,-1,-1,-1
881,0,327.1376037597656,164.23582458496094,16.461421966552734,9.566720008850098,1,-1,-1,-1
901,1,451.6851501464844,280.5329895019531,20.81603240966797,8.949901580810547,1,-1,-1,-1
901,0,323.89544677734375,146.6066436767578,18.937694549560547,10.18686294555664,1,-1,-1,-1
921,1,399.2528991699219,284.9267578125,17.43675422668457,7.454043865203857,1,-1,-1,-1
921,0,322.2251892089844,131.189208984375,17.02762794494629,10.539379119873047,1,-1,-1,-1
941,1,313.3109130859375,291.8404846191406,16.45785903930664,6.900330066680908,1,-1,-1,-1
941,0,311.8345031738281,129.33851623535156,15.30500602722168,12.203651428222656,1,-1,-1,-1
961,0,259.83709716796875,138.21302795410156,18.596240997314453,9.280821800231934,1,-1,-1,-1
961,1,241.24752807617188,297.4393310546875,19.225963592529297,6.964608669281006,1,-1,-1,-1
981,1,246.59500122070312,297.972900390625,17.099435806274414,6.12305212020874,1,-1,-1,-1
981,0,238.7774658203125,141.06532287597656,18.25260353088379,9.858997344970703,1,-1,-1,-1
1001,1,300.7086486816406,293.1185302734375,18.098960876464844,7.200626373291016,1,-1,-1,-1
1001,0,231.86752319335938,141.22186279296875,17.20279312133789,9.210990905761719,1,-1,-1,-1
1021,0,248.22189331054688,138.20675659179688,18.317726135253906,9.450668334960938,1,-1,-1,-1
1021,1,289.06976318359375,292.47216796875,20.461637496948242,9.22240924835205,1,-1,-1,-1
1041,1,197.49124145507812,300.3743591308594,21.89976692199707,6.843688488006592,1,-1,-1,-1
1041,0,274.3935241699219,134.0315704345703,17.34901237487793,9.406713485717773,1,-1,-1,-1
1061,0,276.4976806640625,126.830810546875,17.673770904541016,12.057412147521973,1,-1,-1,-1
1061,1,139.65899658203125,293.288330078125,18.316551208496094,7.332862854003906,1,-1,-1,-1
1081,0,231.79461669921875,128.81240844726562,17.1646728515625,9.514081954956055,1,-1,-1,-1
1081,1,144.91038513183594,256.2557067871094,19.854869842529297,8.803112983703613,1,-1,-1,-1
1101,0,220.5789794921875,130.38221740722656,18.53826904296875,10.379447937011719,1,-1,-1,-1
1101,1,146.9065704345703,289.1386413574219,18.904878616333008,7.483587741851807,1,-1,-1,-1
1121,0,239.8111572265625,132.910888671875,17.65543556213379,9.58928394317627,1,-1,-1,-1
1141,0,265.0680236816406,139.05877685546875,17.398765563964844,9.90100383758545,1,-1,-1,-1
1141,1,295.42919921875,280.99365234375,25.93826675415039,7.731291770935059,1,-1,-1,-1
1161,0,288.0296630859375,150.0267791748047,16.694488525390625,8.91397476196289,1,-1,-1,-1
1161,1,329.29998779296875,275.4158630371094,19.113571166992188,9.040760040283203,1,-1,-1,-1
1181,0,307.2158508300781,170.35504150390625,16.48729705810547,7.791207790374756,1,-1,-1,-1
1181,1,293.57147216796875,276.55084228515625,18.098461151123047,8.910317420959473,1,-1,-1,-1
1201,1,317.8419494628906,248.34881591796875,12.273942947387695,6.350801944732666,1,-1,-1,-1
1201,0,323.09881591796875,194.75938415527344,14.899391174316406,6.9438276290893555,1,-1,-1,-1
1221,0,335.85296630859375,206.0106964111328,14.060338973999023,5.774298667907715,1,-1,-1,-1
1221,1,123.62804412841797,285.87506103515625,18.71042823791504,7.975186347961426,1,-1,-1,-1
1241,0,335.7439880371094,205.5052947998047,15.136777877807617,5.557805061340332,1,-1,-1,-1
1241,1,122.35482788085938,236.5481719970703,18.584367752075195,7.865253448486328,1,-1,-1,-1
1261,1,130.2120819091797,160.5877227783203,17.367937088012695,8.670873641967773,1,-1,-1,-1
1261,0,338.5195617675781,198.58108520507812,14.12613296508789,6.049755096435547,1,-1,-1,-1
1281,1,132.91845703125,121.51399230957031,18.6151065826416,9.182576179504395,1,-1,-1,-1
1281,0,352.75982666015625,189.8475341796875,14.568256378173828,6.33256721496582,1,-1,-1,-1
1301,0,370.7284851074219,180.78451538085938,14.756251335144043,6.584559440612793,1,-1,-1,-1
1301,1,130.78355407714844,153.42987060546875,18.391345977783203,9.306559562683105,1,-1,-1,-1
1321,0,390.17510986328125,174.3733367919922,15.083211898803711,6.42488956451416,1,-1,-1,-1
1321,1,125.2719955444336,221.0874481201172,19.22720718383789,7.751014709472656,1,-1,-1,-1
1341,0,403.9231872558594,169.44216918945312,14.244422912597656,7.988532543182373,1,-1,-1,-1
1341,1,126.1924057006836,255.570556640625,19.410207748413086,6.853344917297363,1,-1,-1,-1
1361,0,408.9296875,174.66331481933594,14.291219711303711,6.930641174316406,1,-1,-1,-1
1361,1,130.99993896484375,287.0543212890625,16.93416404724121,5.312858581542969,1,-1,-1,-1
1381,1,129.62294006347656,331.9427795410156,18.943418502807617,6.723658084869385,1,-1,-1,-1
1401,0,409.24237060546875,176.66433715820312,13.632711410522461,6.5340423583984375,1,-1,-1,-1
1401,1,133.19052124023438,286.4709167480469,17.5460205078125,5.881069183349609,1,-1,-1,-1
1421,0,409.1697998046875,162.42880249023438,14.5228910446167,8.061250686645508,1,-1,-1,-1
1421,1,136.1338653564453,239.5306854248047,16.47563362121582,6.7721333503723145,1,-1,-1,-1
1441,1,137.5107421875,199.22207641601562,18.32443618774414,7.788780212402344,1,-1,-1,-1
1441,0,411.6512451171875,150.5883331298828,14.747628211975098,8.046812057495117,1,-1,-1,-1
1461,1,137.64666748046875,186.90235900878906,17.147899627685547,6.683020114898682,1,-1,-1,-1
1461,0,400.425537109375,146.10154724121094,14.110750198364258,9.563556671142578,1,-1,-1,-1
1481,0,350.0677185058594,149.90220642089844,16.533903121948242,6.8230977058410645,1,-1,-1,-1
1481,1,128.7037353515625,183.66909790039062,17.708480834960938,9.55233097076416,1,-1,-1,-1
1501,0,306.4034729003906,151.85549926757812,13.99787425994873,7.392834663391113,1,-1,-1,-1
1501,1,122.21894836425781,207.8372802734375,20.394563674926758,7.754827499389648,1,-1,-1,-1
1521,0,275.49169921875,152.8449249267578,15.682775497436523,8.165609359741211,1,-1,-1,-1
1521,1,120.40621948242188,226.90170288085938,18.366090774536133,8.675265312194824,1,-1,-1,-1
1541,1,124.17868041992188,227.5550994873047,19.480392456054688,8.276212692260742,1,-1,-1,-1
1541,0,251.72988891601562,155.0620880126953,15.898189544677734,7.323594570159912,1,-1,-1,-1
1561,1,151.58363342285156,226.6915283203125,16.255475997924805,7.625594615936279,1,-1,-1,-1
1561,0,242.6606903076172,153.91896057128906,16.329818725585938,8.521439552307129,1,-1,-1,-1
1581,1,151.96409606933594,262.271728515625,17.238868713378906,7.297111988067627,1,-1,-1,-1
1581,0,256.2206726074219,153.5595245361328,15.500862121582031,8.13477897644043,1,-1,-1,-1
1601,1,150.6613311767578,258.751953125,19.707244873046875,7.6760478019714355,1,-1,-1,-1
1601,0,272.12750244140625,151.37078857421875,14.848648071289062,7.603733539581299,1,-1,-1,-1
1621,0,284.4508056640625,148.1939239501953,14.923412322998047,6.84765100479126,1,-1,-1,-1
1621,1,152.74282836914062,243.2042999267578,19.697389602661133,8.941373825073242,1,-1,-1,-1
1641,1,149.20892333984375,284.4617004394531,20.841529846191406,7.414734363555908,1,-1,-1,-1
1641,0,289.870849609375,129.7234344482422,16.377140045166016,8.55247974395752,1,-1,-1,-1
1661,0,296.03741455078125,104.19819641113281,14.820160865783691,10.013415336608887,1,-1,-1,-1
1661,1,149.22938537597656,267.2254943847656,19.548337936401367,7.077033519744873,1,-1,-1,-1
1681,0,303.92620849609375,88.47796630859375,16.728618621826172,12.659440040588379,1,-1,-1,-1
1681,1,149.574951171875,270.4493408203125,18.567962646484375,7.787461757659912,1,-1,-1,-1
1701,0,305.1689453125,104.34112548828125,19.700658798217773,8.92669677734375,1,-1,-1,-1
1701,1,155.144287109375,299.02679443359375,18.065000534057617,7.540764331817627,1,-1,-1,-1
1721,1,220.90335083007812,296.81365966796875,13.402714729309082,5.172966480255127,1,-1,-1,-1
1721,0,307.8441162109375,123.98062896728516,19.31325912475586,10.395037651062012,1,-1,-1,-1
1741,0,314.7974548339844,141.4393768310547,17.82549285888672,10.717637062072754,1,-1,-1,-1
1741,1,309.1803894042969,287.7275085449219,20.297142028808594,7.082313060760498,1,-1,-1,-1
1761,0,299.6116027832031,153.9611358642578,18.785655975341797,11.683384895324707,1,-1,-1,-1
1761,1,338.75311279296875,284.3809814453125,17.997282028198242,7.350744247436523,1,-1,-1,-1
1781,1,344.40496826171875,305.939208984375,20.172225952148438,7.011991500854492,1,-1,-1,-1
1781,0,278.494873046875,174.65045166015625,17.798450469970703,9.340434074401855,1,-1,-1,-1
1801,1,344.0169982910156,297.3205871582031,22.85370635986328,8.525359153747559,1,-1,-1,-1
1801,0,272.7380676269531,193.19558715820312,20.08890151977539,8.834805488586426,1,-1,-1,-1
1821,1,350.0517272949219,334.35748291015625,19.379016876220703,6.8233642578125,1,-1,-1,-1
1821,0,272.94268798828125,205.3979034423828,19.27338409423828,7.5927348136901855,1,-1,-1,-1
1841,1,352.30548095703125,349.19598388671875,20.628257751464844,6.499148845672607,1,-1,-1,-1
1841,0,273.41455078125,212.3098907470703,20.015954971313477,8.085688591003418,1,-1,-1,-1
1861,1,347.79876708984375,313.34149169921875,21.472585678100586,7.075079917907715,1,-1,-1,-1
1861,0,268.5621032714844,202.10426330566406,21.5554256439209,8.951017379760742,1,-1,-1,-1
1881,1,382.00469970703125,309.3988952636719,20.91228485107422,6.5270304679870605,1,-1,-1,-1
1881,0,260.9867858886719,187.9792022705078,26.743696212768555,12.9067964553833,1,-1,-1,-1
1901,1,413.41937255859375,281.59539794921875,19.02604103088379,7.481844425201416,1,-1,-1,-1
1901,0,263.87744140625,195.4530487060547,23.15452766418457,10.654767990112305,1,-1,-1,-1
1921,0,311.19525146484375,196.320068359375,22.789669036865234,10.463676452636719,1,-1,-1,-1
1921,1,404.24786376953125,223.04771423339844,18.884780883789062,7.148897171020508,1,-1,-1,-1
1941,1,397.29278564453125,161.5560760498047,16.73180389404297,9.001758575439453,1,-1,-1,-1
1941,0,340.24066162109375,195.390380859375,20.91482162475586,8.629109382629395,1,-1,-1,-1
1961,1,358.68316650390625,159.51914978027344,16.133005142211914,10.435502052307129,1,-1,-1,-1
1961,0,347.78790283203125,186.2081298828125,19.165199279785156,8.599324226379395,1,-1,-1,-1
1981,0,363.8241882324219,172.3487091064453,23.586669921875,12.123116493225098,1,-1,-1,-1
1981,1,246.49415588378906,166.28759765625,16.790401458740234,10.30674934387207,1,-1,-1,-1
2000,0,388.0731506347656,163.03536987304688,27.21420669555664,14.408050537109375,1,-1,-1,-1
2000,1,150.0776824951172,171.5182342529297,16.898387908935547,9.078130722045898,1,-1,-1,-1
