1,0,109.76421356201172,154.2799072265625,12.732351303100586,5.5031328201293945,1,-1,-1,-1
1,1,313.1518859863281,180.0822296142578,8.780075073242188,3.765333652496338,1,-1,-1,-1
21,0,109.52137756347656,154.19046020507812,12.74813461303711,5.677028179168701,1,-1,-1,-1
21,1,313.1897888183594,180.2083282470703,8.7428617477417,3.7788875102996826,1,-1,-1,-1
41,1,312.9423828125,178.97958374023438,9.155168533325195,3.539125442504883,1,-1,-1,-1
61,0,109.62710571289062,154.3909912109375,12.596793174743652,5.678837776184082,1,-1,-1,-1
61,1,316.60980224609375,174.92645263671875,6.752937316894531,3.2404227256774902,1,-1,-1,-1
81,0,109.72550201416016,154.5227508544922,12.28589916229248,5.495855808258057,1,-1,-1,-1
81,1,333.2455749511719,174.7330780029297,5.5633392333984375,2.7114334106445312,1,-1,-1,-1
101,0,109.76290893554688,154.48892211914062,12.332330703735352,5.556354522705078,1,-1,-1,-1
101,1,536.54638671875,202.59005737304688,6.7967681884765625,3.9509482383728027,1,-1,-1,-1
121,0,109.56521606445312,154.6223602294922,12.153891563415527,5.256056308746338,1,-1,-1,-1
121,1,373.1236267089844,167.48439025878906,6.380116939544678,3.1030168533325195,1,-1,-1,-1
141,6,370.80792236328125,160.00537109375,7.128708839416504,2.8690080642700195,1,-1,-1,-1
141,0,109.94944763183594,154.5457763671875,12.340067863464355,5.427634239196777,1,-1,-1,-1
141,1,536.7161865234375,202.60855102539062,6.564512252807617,3.9345738887786865,1,-1,-1,-1
161,6,361.9609069824219,159.9937286376953,6.009023189544678,2.8978753089904785,1,-1,-1,-1
161,0,109.62120056152344,154.52635192871094,12.538504600524902,5.4386067390441895,1,-1,-1,-1
161,1,536.9556884765625,202.60763549804688,6.381544589996338,3.8405420780181885,1,-1,-1,-1
181,6,344.4632263183594,168.4936981201172,6.006478309631348,3.114286422729492,1,-1,-1,-1
181,0,109.63755798339844,154.46755981445312,12.294377326965332,5.477018356323242,1,-1,-1,-1
181,1,536.7506103515625,202.51087951660156,6.733710765838623,4.08591365814209,1,-1,-1,-1
201,6,200.10939025878906,184.37783813476562,7.213762283325195,3.291109800338745,1,-1,-1,-1
201,0,109.68202209472656,154.64459228515625,12.260496139526367,5.357581615447998,1,-1,-1,-1
201,1,536.8785400390625,202.49240112304688,6.715159893035889,4.099917888641357,1,-1,-1,-1
221,0,109.66667938232422,154.552734375,12.450260162353516,5.491065979003906,1,-1,-1,-1
221,1,536.906005859375,202.4688262939453,6.74765682220459,4.013813018798828,1,-1,-1,-1
241,0,109.79600524902344,154.48965454101562,12.469849586486816,5.466928005218506,1,-1,-1,-1
241,1,536.9094848632812,202.50772094726562,6.770062446594238,4.049152851104736,1,-1,-1,-1
261,0,109.60624694824219,154.5112762451172,12.51585865020752,5.328633785247803,1,-1,-1,-1
261,1,536.6248779296875,202.59783935546875,7.388591766357422,4.265882968902588,1,-1,-1,-1
281,0,109.56381225585938,154.5041046142578,11.962450981140137,5.420857906341553,1,-1,-1,-1
281,1,536.510986328125,202.6067352294922,7.249868392944336,4.18082332611084,1,-1,-1,-1
281,6,234.5065155029297,196.7632293701172,6.489458084106445,3.139552593231201,1,-1,-1,-1
301,0,109.57072448730469,154.52792358398438,12.35848331451416,5.40883731842041,1,-1,-1,-1
301,1,536.584228515625,202.6342010498047,7.362689018249512,4.219648361206055,1,-1,-1,-1
301,6,117.00865936279297,185.62066650390625,11.348637580871582,3.689573287963867,1,-1,-1,-1
321,0,109.57585144042969,154.5058135986328,12.323628425598145,5.324154376983643,1,-1,-1,-1
321,1,536.616455078125,202.63372802734375,7.32819938659668,4.107307434082031,1,-1,-1,-1
321,6,117.16854858398438,185.50820922851562,11.658384323120117,4.013948917388916,1,-1,-1,-1
341,0,109.60395812988281,154.56507873535156,12.123186111450195,5.309926509857178,1,-1,-1,-1
341,1,536.5363159179688,202.57162475585938,7.3049468994140625,4.150632858276367,1,-1,-1,-1
361,10,528.7115478515625,114.54026794433594,8.615107536315918,6.705533981323242,1,-1,-1,-1
361,0,109.7774887084961,154.49078369140625,12.225069046020508,5.330541610717773,1,-1,-1,-1
361,1,536.5052490234375,202.40078735351562,7.325896263122559,4.295235633850098,1,-1,-1,-1
361,6,116.74342346191406,185.6195526123047,12.149676322937012,3.8910481929779053,1,-1,-1,-1
381,0,109.66761779785156,154.535888671875,12.619932174682617,5.459590435028076,1,-1,-1,-1
381,1,536.7742919921875,202.6201629638672,7.134153366088867,4.10739278793335,1,-1,-1,-1
381,6,236.8093719482422,46.060447692871094,12.56110668182373,4.988492012023926,1,-1,-1,-1
401,0,109.61387634277344,154.4640655517578,12.943563461303711,5.419172763824463,1,-1,-1,-1
401,1,536.9159545898438,202.53038024902344,7.16412353515625,3.9322900772094727,1,-1,-1,-1
401,11,116.87434387207031,185.47894287109375,11.724495887756348,3.7713756561279297,1,-1,-1,-1
421,0,109.76226806640625,154.2684326171875,12.854720115661621,5.694808006286621,1,-1,-1,-1
421,1,537.076171875,202.52093505859375,6.7515869140625,3.8914575576782227,1,-1,-1,-1
441,0,109.41897583007812,154.2980499267578,13.049607276916504,5.573676109313965,1,-1,-1,-1
441,1,537.1437377929688,202.51339721679688,6.761777877807617,3.8883306980133057,1,-1,-1,-1
441,11,116.73148345947266,185.5757598876953,12.008934020996094,3.786158323287964,1,-1,-1,-1
461,0,109.63555908203125,154.38230895996094,12.913822174072266,5.5152387619018555,1,-1,-1,-1
461,11,411.33740234375,159.75979614257812,6.5512776374816895,2.719101905822754,1,-1,-1,-1
461,1,536.6924438476562,202.3623504638672,7.19147253036499,4.154764652252197,1,-1,-1,-1
481,0,109.60603332519531,154.3398895263672,12.863090515136719,5.524584770202637,1,-1,-1,-1
481,1,536.5201416015625,202.2762451171875,7.369726181030273,4.277698040008545,1,-1,-1,-1
481,11,397.4813537597656,137.52325439453125,8.066793441772461,4.149692058563232,1,-1,-1,-1
501,0,109.71553039550781,154.23971557617188,12.81236743927002,5.703195095062256,1,-1,-1,-1
501,11,371.3522644042969,120.59486389160156,7.027711391448975,3.038433790206909,1,-1,-1,-1
501,1,537.1734619140625,202.6488037109375,6.641005516052246,3.737405776977539,1,-1,-1,-1
521,11,332.0840148925781,104.38231658935547,8.053988456726074,3.263054132461548,1,-1,-1,-1
521,0,109.6677017211914,154.2195281982422,12.805828094482422,5.601003170013428,1,-1,-1,-1
521,1,537.05029296875,202.52964782714844,6.654660224914551,3.816530704498291,1,-1,-1,-1
541,11,296.87176513671875,94.78079986572266,6.6428070068359375,3.468806028366089,1,-1,-1,-1
541,0,109.8148193359375,154.06390380859375,12.65854263305664,5.857302665710449,1,-1,-1,-1
541,1,116.6822738647461,185.66954040527344,11.323580741882324,3.430400848388672,1,-1,-1,-1
561,11,261.0409851074219,91.35895538330078,8.086482048034668,3.676414966583252,1,-1,-1,-1
561,0,109.82186889648438,154.4350128173828,12.638317108154297,5.4876532554626465,1,-1,-1,-1
581,0,109.7689437866211,154.2867889404297,12.705906867980957,5.707406997680664,1,-1,-1,-1
581,1,312.8108825683594,167.0547637939453,4.590230464935303,2.1486852169036865,1,-1,-1,-1
581,11,227.27291870117188,94.97032928466797,7.02465295791626,3.3805036544799805,1,-1,-1,-1
601,0,109.72099304199219,154.3782196044922,12.792740821838379,5.658256530761719,1,-1,-1,-1
601,1,311.76348876953125,167.00302124023438,4.216778755187988,2.3681681156158447,1,-1,-1,-1
601,11,184.9716339111328,101.779296875,6.829366207122803,3.8644580841064453,1,-1,-1,-1
621,11,145.22340393066406,114.60893249511719,8.563112258911133,4.229772090911865,1,-1,-1,-1
621,0,109.78938293457031,154.47618103027344,12.933284759521484,5.6341142654418945,1,-1,-1,-1
621,1,304.5696716308594,167.0233154296875,4.939718723297119,2.3697962760925293,1,-1,-1,-1
641,11,108.69662475585938,126.30297088623047,7.876431465148926,4.691094875335693,1,-1,-1,-1
641,1,293.18804931640625,167.07521057128906,3.7479238510131836,2.2507503032684326,1,-1,-1,-1
661,11,95.31932830810547,155.7296142578125,6.057975769042969,3.0562796592712402,1,-1,-1,-1
661,1,279.7903747558594,165.92227172851562,4.6270341873168945,2.301356315612793,1,-1,-1,-1
681,1,264.1906433105469,164.8531951904297,5.791325569152832,2.42854905128479,1,-1,-1,-1
681,0,109.874755859375,154.47372436523438,12.643089294433594,5.468841075897217,1,-1,-1,-1
681,11,106.48161315917969,178.67872619628906,6.583334922790527,3.0420491695404053,1,-1,-1,-1
701,0,109.88679504394531,154.30894470214844,12.704036712646484,5.608614921569824,1,-1,-1,-1
701,11,536.8512573242188,202.6325225830078,6.500967025756836,3.8602657318115234,1,-1,-1,-1
701,1,249.6320343017578,164.63636779785156,5.15962553024292,2.544799566268921,1,-1,-1,-1
721,0,109.8860855102539,154.40628051757812,12.588702201843262,5.7266716957092285,1,-1,-1,-1
721,11,536.9336547851562,202.55435180664062,6.635886192321777,3.9619452953338623,1,-1,-1,-1
721,1,203.35470581054688,261.51727294921875,5.810090065002441,3.3237874507904053,1,-1,-1,-1
741,0,109.91905212402344,154.60110473632812,12.47122573852539,5.402004718780518,1,-1,-1,-1
741,11,537.197265625,202.57696533203125,6.46043586730957,3.7280421257019043,1,-1,-1,-1
761,0,110.1088638305664,154.73399353027344,12.141475677490234,5.443121433258057,1,-1,-1,-1
761,11,536.9609375,202.65591430664062,6.783761978149414,3.9697799682617188,1,-1,-1,-1
761,1,191.7764434814453,162.78451538085938,6.100665092468262,2.824345350265503,1,-1,-1,-1
781,0,109.96517944335938,154.4928741455078,12.381208419799805,5.53507137298584,1,-1,-1,-1
781,1,168.2374267578125,162.48452758789062,7.071004390716553,2.9270458221435547,1,-1,-1,-1
781,11,536.9636840820312,202.59213256835938,6.681118011474609,3.9054415225982666,1,-1,-1,-1
801,1,156.17864990234375,167.09320068359375,5.324997901916504,2.2465479373931885,1,-1,-1,-1
801,11,536.5733032226562,202.594970703125,6.930622577667236,4.103547096252441,1,-1,-1,-1
821,11,502.822998046875,189.22943115234375,11.865547180175781,4.5833821296691895,1,-1,-1,-1
821,1,536.9742431640625,202.7107391357422,6.497096061706543,3.8383662700653076,1,-1,-1,-1
841,1,150.1326904296875,172.79115295410156,5.272929668426514,2.80810546875,1,-1,-1,-1
841,11,536.9154663085938,202.71778869628906,6.500558853149414,3.854973793029785,1,-1,-1,-1
841,17,116.62760925292969,185.62649536132812,11.395214080810547,3.5884921550750732,1,-1,-1,-1
861,0,110.2364273071289,154.66006469726562,12.2881498336792,5.3413777351379395,1,-1,-1,-1
861,11,536.8602905273438,202.64825439453125,6.424393653869629,3.901111364364624,1,-1,-1,-1
861,1,116.63331604003906,185.62791442871094,11.313232421875,3.615060806274414,1,-1,-1,-1
881,0,110.20257568359375,154.62237548828125,12.316816329956055,5.402989387512207,1,-1,-1,-1
881,11,537.19384765625,202.69305419921875,6.240767955780029,3.8828673362731934,1,-1,-1,-1
881,1,116.90609741210938,185.45758056640625,11.451388359069824,3.663707733154297,1,-1,-1,-1
901,0,110.29765319824219,154.69717407226562,12.183164596557617,5.369823455810547,1,-1,-1,-1
901,11,544.6765747070312,153.69007873535156,6.7922682762146,3.5553596019744873,1,-1,-1,-1
901,1,117.00076293945312,185.65847778320312,11.044472694396973,3.5673327445983887,1,-1,-1,-1
921,0,110.43598175048828,154.94869995117188,11.978509902954102,5.4081711769104,1,-1,-1,-1
921,11,536.8269653320312,202.62904357910156,6.665263652801514,3.9974238872528076,1,-1,-1,-1
941,11,536.8917236328125,202.66110229492188,6.6488447189331055,3.932392120361328,1,-1,-1,-1
961,0,110.28644561767578,154.67562866210938,12.222161293029785,5.519454479217529,1,-1,-1,-1
961,11,537.094970703125,202.703369140625,6.540909290313721,3.860999584197998,1,-1,-1,-1
981,0,109.60633850097656,154.39328002929688,12.698810577392578,5.54101037979126,1,-1,-1,-1
981,11,537.0623779296875,202.63706970214844,6.616583347320557,3.920142650604248,1,-1,-1,-1
1001,0,110.02071380615234,154.6324005126953,12.459260940551758,5.282247543334961,1,-1,-1,-1
1001,11,536.8392333984375,202.60182189941406,7.118561267852783,3.9794795513153076,1,-1,-1,-1
1021,0,109.94373321533203,154.50588989257812,12.369287490844727,5.472391128540039,1,-1,-1,-1
1021,11,537.0263061523438,202.58070373535156,6.792402267456055,3.7966084480285645,1,-1,-1,-1
1041,0,110.12026977539062,154.5352783203125,12.352315902709961,5.548726558685303,1,-1,-1,-1
1041,11,537.0167236328125,202.64157104492188,6.799337387084961,3.883147716522217,1,-1,-1,-1
1061,0,110.00897216796875,154.40643310546875,12.480815887451172,5.544653415679932,1,-1,-1,-1
1061,11,537.1173706054688,202.5906524658203,6.696634292602539,3.854910135269165,1,-1,-1,-1
1081,0,110.02201843261719,154.52516174316406,12.539557456970215,5.394016265869141,1,-1,-1,-1
1081,11,537.0557861328125,202.68310546875,6.560953140258789,3.8280370235443115,1,-1,-1,-1
1101,0,110.00083923339844,154.51910400390625,12.47447395324707,5.555027008056641,1,-1,-1,-1
1101,11,537.0493774414062,202.74168395996094,6.552400588989258,3.7505295276641846,1,-1,-1,-1
1121,0,110.05240631103516,154.45516967773438,12.549429893493652,5.626086235046387,1,-1,-1,-1
1121,11,537.06787109375,202.66531372070312,6.413956642150879,3.7596242427825928,1,-1,-1,-1
1141,0,109.98675537109375,154.43704223632812,12.53302001953125,5.448927879333496,1,-1,-1,-1
1141,18,181.84068298339844,213.3135986328125,5.62005090713501,3.6655983924865723,1,-1,-1,-1
1161,0,110.0281982421875,154.44354248046875,12.62386703491211,5.45350980758667,1,-1,-1,-1
1161,11,536.2305297851562,202.29188537597656,7.1983137130737305,4.2977519035339355,1,-1,-1,-1
1181,0,109.94775390625,154.45431518554688,12.638577461242676,5.363287448883057,1,-1,-1,-1
1181,11,536.923583984375,202.48605346679688,6.6441650390625,3.909527063369751,1,-1,-1,-1
1181,18,116.76870727539062,185.53138732910156,12.1613130569458,3.8585472106933594,1,-1,-1,-1
1201,0,109.94744873046875,154.45787048339844,12.670385360717773,5.380126953125,1,-1,-1,-1
1201,11,536.6858520507812,202.49026489257812,6.761054515838623,4.106290817260742,1,-1,-1,-1
1201,18,116.73748016357422,185.3721466064453,11.311869621276855,3.777446746826172,1,-1,-1,-1
1221,0,110.00529479980469,154.40847778320312,12.528380393981934,5.458280563354492,1,-1,-1,-1
1221,11,536.7127685546875,202.43435668945312,6.71853494644165,4.150732517242432,1,-1,-1,-1
1241,0,109.88032531738281,154.39866638183594,12.64156723022461,5.521919250488281,1,-1,-1,-1
1241,11,536.7099609375,202.45758056640625,6.738255500793457,4.190049171447754,1,-1,-1,-1
1261,0,109.54888916015625,154.4025115966797,12.79870891571045,5.29913330078125,1,-1,-1,-1
1261,11,537.251708984375,202.60240173339844,6.517840385437012,3.8005802631378174,1,-1,-1,-1
1281,0,109.64533996582031,154.42286682128906,12.628594398498535,5.380453109741211,1,-1,-1,-1
1281,11,536.8833618164062,202.60643005371094,6.8312668800354,4.081151008605957,1,-1,-1,-1
1301,0,109.52582550048828,154.46127319335938,12.824511528015137,5.4526262283325195,1,-1,-1,-1
1301,11,537.1532592773438,202.59112548828125,6.571465015411377,4.016514301300049,1,-1,-1,-1
1321,0,109.50218963623047,154.27650451660156,12.965188980102539,5.6367411613464355,1,-1,-1,-1
1321,11,537.15673828125,202.6169891357422,6.666996479034424,3.9170470237731934,1,-1,-1,-1
1341,0,109.58448791503906,154.29605102539062,12.798577308654785,5.608201503753662,1,-1,-1,-1
1341,11,537.05859375,202.63052368164062,6.714507102966309,3.8936994075775146,1,-1,-1,-1
1341,22,257.00250244140625,202.9396514892578,5.407954216003418,3.0420103073120117,1,-1,-1,-1
1361,0,109.45893859863281,154.32955932617188,12.98495864868164,5.530196189880371,1,-1,-1,-1
1361,11,537.11474609375,202.646728515625,6.653388977050781,4.086435794830322,1,-1,-1,-1
1361,22,257.9390563964844,199.87791442871094,5.462498664855957,2.9106037616729736,1,-1,-1,-1
1381,22,181.78338623046875,186.60247802734375,9.870532035827637,3.9740147590637207,1,-1,-1,-1
1381,0,109.35472106933594,154.42898559570312,13.02298641204834,5.500921249389648,1,-1,-1,-1
1381,11,537.258056640625,202.6773681640625,6.633923053741455,3.9647936820983887,1,-1,-1,-1
1401,0,109.25103759765625,154.30641174316406,13.147734642028809,5.556844234466553,1,-1,-1,-1
1401,11,537.0671997070312,202.65936279296875,6.645453453063965,3.941636800765991,1,-1,-1,-1
1421,0,109.33419799804688,154.30667114257812,12.998465538024902,5.517910003662109,1,-1,-1,-1
1421,11,537.1363525390625,202.61634826660156,6.516874313354492,3.8901193141937256,1,-1,-1,-1
1441,0,109.34799194335938,154.28794860839844,13.030117988586426,5.6071929931640625,1,-1,-1,-1
1441,11,537.26123046875,202.61959838867188,6.455458641052246,3.9082846641540527,1,-1,-1,-1
1461,0,109.4316177368164,154.23800659179688,12.881080627441406,5.617792129516602,1,-1,-1,-1
1461,11,537.015625,202.57369995117188,6.639488220214844,3.9709088802337646,1,-1,-1,-1
1481,0,109.43910217285156,154.334716796875,12.97833251953125,5.474365234375,1,-1,-1,-1
1481,11,536.9638671875,202.54954528808594,6.771489143371582,3.937809467315674,1,-1,-1,-1
1501,0,109.80715942382812,154.4412078857422,12.654065132141113,5.433467388153076,1,-1,-1,-1
1501,11,434.49951171875,173.1747589111328,6.144214153289795,3.356619358062744,1,-1,-1,-1
1521,11,537.556884765625,202.47500610351562,6.072444915771484,3.6888349056243896,1,-1,-1,-1
1521,24,116.68954467773438,185.637939453125,11.42898178100586,3.653181314468384,1,-1,-1,-1
1521,0,434.4994812011719,173.28533935546875,5.771339416503906,3.177701234817505,1,-1,-1,-1
1541,0,109.7512435913086,154.46829223632812,12.519675254821777,5.4699015617370605,1,-1,-1,-1
1541,25,537.3438720703125,202.42974853515625,6.387421607971191,3.7359745502471924,1,-1,-1,-1
1541,11,434.75323486328125,173.24234008789062,5.731739521026611,3.072136878967285,1,-1,-1,-1
1561,24,222.7447509765625,202.0968475341797,5.231137752532959,3.2498888969421387,1,-1,-1,-1
1561,0,109.65339660644531,154.4661407470703,12.373437881469727,5.561283588409424,1,-1,-1,-1
1561,25,537.49951171875,202.5602569580078,5.991068363189697,3.500708818435669,1,-1,-1,-1
1561,11,434.91015625,173.35943603515625,5.422804355621338,3.029930830001831,1,-1,-1,-1
1581,0,109.64967346191406,154.44525146484375,12.496271133422852,5.582157611846924,1,-1,-1,-1
1581,25,537.65771484375,202.5818328857422,5.807085037231445,3.459695339202881,1,-1,-1,-1
1581,11,434.82330322265625,173.35855102539062,5.4210100173950195,3.0026841163635254,1,-1,-1,-1
1601,34,184.92552185058594,172.7673797607422,5.5484113693237305,3.0715980529785156,1,-1,-1,-1
1601,0,110.13818359375,154.6457061767578,12.07734489440918,5.219093322753906,1,-1,-1,-1
1601,25,537.5498657226562,202.47010803222656,6.248867988586426,3.670287847518921,1,-1,-1,-1
1601,24,99.66004943847656,183.6372528076172,7.671880722045898,3.122774839401245,1,-1,-1,-1
1621,25,537.4906616210938,202.5376739501953,6.212257385253906,3.639904260635376,1,-1,-1,-1
1621,24,99.39765930175781,183.2741241455078,7.503828525543213,3.2208917140960693,1,-1,-1,-1
1621,0,434.4452209472656,173.19334411621094,6.170200824737549,3.1921215057373047,1,-1,-1,-1
1641,25,463.88037109375,243.0517578125,6.513224124908447,3.5463638305664062,1,-1,-1,-1
1641,24,114.72554016113281,183.49078369140625,11.614267349243164,4.30440092086792,1,-1,-1,-1
1641,0,434.4201354980469,173.3944549560547,5.995697498321533,3.055647850036621,1,-1,-1,-1
1661,24,110.0752944946289,154.54478454589844,12.429207801818848,5.384568691253662,1,-1,-1,-1
1661,25,537.3665161132812,202.57046508789062,6.194797515869141,3.6856937408447266,1,-1,-1,-1
1661,0,434.6298828125,173.36094665527344,5.773049354553223,3.1292171478271484,1,-1,-1,-1
1681,24,135.45648193359375,176.72251892089844,7.562833786010742,2.8761377334594727,1,-1,-1,-1
1681,0,537.417236328125,202.5452117919922,6.149259567260742,3.6412034034729004,1,-1,-1,-1
1681,25,445.98175048828125,242.36805725097656,5.6381635665893555,3.1176609992980957,1,-1,-1,-1
1701,24,140.42306518554688,169.34173583984375,7.516150951385498,2.67763090133667,1,-1,-1,-1
1701,25,537.331787109375,202.56820678710938,6.323636054992676,3.7659430503845215,1,-1,-1,-1
1721,24,146.44642639160156,188.585693359375,10.375784873962402,3.385540246963501,1,-1,-1,-1
1721,25,537.49072265625,202.5581512451172,6.245112895965576,3.7419731616973877,1,-1,-1,-1
1741,24,110.09431457519531,154.52801513671875,12.39749526977539,5.4452924728393555,1,-1,-1,-1
1741,25,537.7275390625,202.59202575683594,5.8831634521484375,3.6520278453826904,1,-1,-1,-1
1741,0,116.67359924316406,185.68426513671875,11.624956130981445,3.5533509254455566,1,-1,-1,-1
1761,24,109.78242492675781,154.74148559570312,12.632593154907227,5.405766487121582,1,-1,-1,-1
1761,25,537.4920043945312,202.6617431640625,6.038081645965576,3.669633388519287,1,-1,-1,-1
1761,0,343.8125915527344,190.71072387695312,7.156338214874268,3.63934063911438,1,-1,-1,-1
1781,0,400.731689453125,241.6423797607422,4.3978776931762695,3.539278030395508,1,-1,-1,-1
1781,24,109.93347930908203,154.3765106201172,12.517738342285156,5.6664581298828125,1,-1,-1,-1
1781,25,537.159423828125,202.65402221679688,6.370344638824463,3.7420365810394287,1,-1,-1,-1
1801,0,386.36773681640625,240.45025634765625,8.911712646484375,4.045784950256348,1,-1,-1,-1
1801,24,109.91357421875,154.33221435546875,12.41893196105957,5.510730266571045,1,-1,-1,-1
1801,25,537.3352661132812,202.66506958007812,6.233211040496826,3.6931304931640625,1,-1,-1,-1
1821,24,109.93359375,154.3938446044922,12.42652702331543,5.484798431396484,1,-1,-1,-1
1821,25,537.3726806640625,202.68185424804688,6.2069268226623535,3.6970949172973633,1,-1,-1,-1
1841,24,109.92593383789062,154.4153594970703,12.493741989135742,5.458442687988281,1,-1,-1,-1
1841,25,537.6171875,202.65213012695312,5.987282752990723,3.625009059906006,1,-1,-1,-1
1861,0,161.9869842529297,178.301513671875,10.618239402770996,3.841012716293335,1,-1,-1,-1
1861,24,109.93931579589844,154.39588928222656,12.425615310668945,5.4868855476379395,1,-1,-1,-1
1861,25,537.1386108398438,202.6791534423828,6.646852493286133,3.912074565887451,1,-1,-1,-1
1881,0,163.1753387451172,178.43296813964844,9.768392562866211,3.766632556915283,1,-1,-1,-1
1881,24,109.97943115234375,154.41062927246094,12.537054061889648,5.575185775756836,1,-1,-1,-1
1881,25,537.02392578125,202.67420959472656,6.7256999015808105,4.000199317932129,1,-1,-1,-1
1901,24,109.88297271728516,154.35272216796875,12.408919334411621,5.552231788635254,1,-1,-1,-1
1901,25,536.9551391601562,202.64276123046875,6.667449951171875,3.9644181728363037,1,-1,-1,-1
1901,0,95.68717193603516,178.05697631835938,6.685227394104004,2.7557075023651123,1,-1,-1,-1
1921,0,176.9705352783203,177.78424072265625,6.993745803833008,3.4481141567230225,1,-1,-1,-1
1921,25,537.1370849609375,202.52883911132812,6.298267841339111,3.8073782920837402,1,-1,-1,-1
1921,24,66.51961517333984,154.58213806152344,8.784919738769531,3.300706624984741,1,-1,-1,-1
1941,24,109.8240966796875,154.49649047851562,12.342377662658691,5.486391067504883,1,-1,-1,-1
1941,0,51.97557067871094,133.72369384765625,9.135743141174316,3.5642166137695312,1,-1,-1,-1
1941,25,537.161865234375,202.65591430664062,6.185663223266602,3.745911121368408,1,-1,-1,-1
1961,0,48.332767486572266,131.87588500976562,8.832143783569336,3.2247116565704346,1,-1,-1,-1
1961,25,537.3861083984375,202.5480499267578,6.054179668426514,3.728895902633667,1,-1,-1,-1
1981,24,109.86848449707031,154.65972900390625,12.147006034851074,5.29712438583374,1,-1,-1,-1
1981,55,154.498779296875,176.22998046875,5.9305925369262695,3.358232259750366,1,-1,-1,-1
1981,0,49.142555236816406,131.62515258789062,10.011869430541992,3.383113384246826,1,-1,-1,-1
2000,55,154.24078369140625,175.93218994140625,5.2054901123046875,3.1650636196136475,1,-1,-1,-1
2000,24,109.8670654296875,154.52305603027344,12.581886291503906,5.532266139984131,1,-1,-1,-1
2000,0,49.63062286376953,131.45928955078125,9.867664337158203,3.5769400596618652,1,-1,-1,-1
2000,25,536.621337890625,202.43161010742188,6.9854583740234375,3.9952454566955566,1,-1,-1,-1
