1,0,204.71768188476562,204.8801727294922,14.140711784362793,4.10977840423584,1,-1,-1,-1
21,0,236.0240020751953,203.16973876953125,11.12058162689209,5.841747760772705,1,-1,-1,-1
41,0,300.9096984863281,198.7592010498047,14.852343559265137,5.620347499847412,1,-1,-1,-1
61,0,400.7998962402344,193.45118713378906,10.803603172302246,3.0623397827148438,1,-1,-1,-1
81,0,482.97216796875,189.7467803955078,13.125953674316406,4.661660671234131,1,-1,-1,-1
101,0,527.8627319335938,181.84190368652344,13.58148193359375,7.448516368865967,1,-1,-1,-1
121,0,542.00390625,177.6107177734375,16.27964210510254,7.137734413146973,1,-1,-1,-1
141,0,522.527587890625,177.56033325195312,14.230231285095215,6.337285995483398,1,-1,-1,-1
161,0,484.0462646484375,178.52818298339844,15.90181827545166,6.394031047821045,1,-1,-1,-1
181,0,429.7900085449219,181.5244140625,14.013540267944336,5.87062931060791,1,-1,-1,-1
201,0,360.3408203125,185.306396484375,15.96340274810791,5.2479400634765625,1,-1,-1,-1
201,1,183.89920043945312,256.1294250488281,14.38334846496582,4.6489577293396,1,-1,-1,-1
221,0,281.76202392578125,191.2826385498047,17.467830657958984,4.248112678527832,1,-1,-1,-1
241,0,205.4100341796875,191.9345703125,17.082670211791992,7.003749847412109,1,-1,-1,-1
261,0,198.83206176757812,144.10020446777344,13.416891098022461,5.135742664337158,1,-1,-1,-1
281,0,216.6368865966797,131.6951446533203,14.62656021118164,8.356966972351074,1,-1,-1,-1
301,0,310.29449462890625,125.0288314819336,13.756587982177734,5.576643466949463,1,-1,-1,-1
321,0,392.18511962890625,120.79313659667969,14.42030143737793,10.178130149841309,1,-1,-1,-1
341,2,184.05990600585938,256.6038818359375,13.200546264648438,4.6458306312561035,1,-1,-1,-1
341,0,430.2514953613281,165.2231903076172,9.337169647216797,5.059786319732666,1,-1,-1,-1
361,2,184.12985229492188,256.2872314453125,13.607922554016113,4.658673286437988,1,-1,-1,-1
361,0,435.7010192871094,218.36976623535156,14.377007484436035,5.356114864349365,1,-1,-1,-1
381,0,438.2649230957031,245.00381469726562,5.413679599761963,3.0437841415405273,1,-1,-1,-1
401,0,393.4155578613281,245.3882598876953,13.828409194946289,5.1300201416015625,1,-1,-1,-1
421,0,328.6705017089844,248.89686584472656,16.30504608154297,4.172001361846924,1,-1,-1,-1
441,0,286.126708984375,248.39987182617188,14.792862892150879,5.254619598388672,1,-1,-1,-1
461,0,283.6812438964844,208.1515655517578,15.147563934326172,4.882277011871338,1,-1,-1,-1
481,0,287.58734130859375,167.07420349121094,8.032605171203613,4.480136394500732,1,-1,-1,-1
501,0,257.7585754394531,163.32199096679688,16.259546279907227,8.332338333129883,1,-1,-1,-1
521,0,183.04351806640625,170.46290588378906,11.704392433166504,7.03059196472168,1,-1,-1,-1
541,0,143.6193084716797,163.83265686035156,15.165733337402344,5.8448309898376465,1,-1,-1,-1
561,0,144.81951904296875,148.40869140625,11.821483612060547,4.635766506195068,1,-1,-1,-1
581,0,172.47064208984375,145.24349975585938,16.26023292541504,6.3415679931640625,1,-1,-1,-1
601,0,243.14657592773438,140.0926513671875,12.6641263961792,5.405905723571777,1,-1,-1,-1
621,0,320.9292907714844,131.03738403320312,18.471529006958008,6.50928258895874,1,-1,-1,-1
641,0,440.6544494628906,121.57893371582031,10.235206604003906,8.039196014404297,1,-1,-1,-1
661,0,502.8709716796875,127.34276580810547,16.087669372558594,10.044463157653809,1,-1,-1,-1
681,0,513.6134033203125,144.35398864746094,14.236040115356445,6.580448627471924,1,-1,-1,-1
701,0,512.9886474609375,150.6349334716797,15.647372245788574,6.863738059997559,1,-1,-1,-1
721,0,510.336181640625,166.00656127929688,12.990771293640137,5.750530242919922,1,-1,-1,-1
741,0,506.8197326660156,184.3740234375,12.71949291229248,5.598501205444336,1,-1,-1,-1
741,7,184.20274353027344,256.4110412597656,13.680801391601562,5.228887557983398,1,-1,-1,-1
761,0,506.4791259765625,194.78041076660156,6.491010665893555,3.541569232940674,1,-1,-1,-1
781,0,503.060546875,175.1113739013672,10.29431438446045,3.6811182498931885,1,-1,-1,-1
801,7,186.25221252441406,256.7099914550781,12.208282470703125,4.339015007019043,1,-1,-1,-1
801,0,490.41290283203125,174.2413787841797,7.398738861083984,3.5257043838500977,1,-1,-1,-1
821,0,431.8896179199219,176.34945678710938,11.779504776000977,6.256282806396484,1,-1,-1,-1
841,0,344.51849365234375,182.8905029296875,10.8386812210083,4.457461357116699,1,-1,-1,-1
861,0,253.1031036376953,188.52735900878906,9.162347793579102,2.970707416534424,1,-1,-1,-1
881,0,174.1442108154297,171.99903869628906,13.975663185119629,5.652284622192383,1,-1,-1,-1
901,0,136.13726806640625,167.6699981689453,9.498035430908203,5.470682144165039,1,-1,-1,-1
921,0,153.41873168945312,159.60458374023438,12.214280128479004,6.705312728881836,1,-1,-1,-1
941,0,233.6332550048828,149.75009155273438,12.31916332244873,5.234232425689697,1,-1,-1,-1
961,0,346.1683654785156,136.18919372558594,16.345399856567383,4.546916484832764,1,-1,-1,-1
981,0,473.83074951171875,130.5,6.141948699951172,5.744540214538574,1,-1,-1,-1
1001,0,533.5074462890625,151.62106323242188,12.299816131591797,7.009821891784668,1,-1,-1,-1
1021,0,545.798828125,184.46331787109375,10.538525581359863,4.498761177062988,1,-1,-1,-1
1041,0,550.3660888671875,218.981201171875,14.17333984375,4.733016490936279,1,-1,-1,-1
1061,0,533.3148803710938,224.84263610839844,13.28038215637207,5.851082801818848,1,-1,-1,-1
1081,0,484.77020263671875,227.1714324951172,14.304882049560547,5.547457695007324,1,-1,-1,-1
1101,0,418.022705078125,230.95814514160156,9.43085765838623,3.313655376434326,1,-1,-1,-1
1121,0,340.47015380859375,235.01039123535156,14.028390884399414,3.3813626766204834,1,-1,-1,-1
1141,0,280.6681823730469,212.9998779296875,6.683297157287598,3.0394022464752197,1,-1,-1,-1
1161,0,206.38748168945312,173.192138671875,16.071186065673828,4.854471206665039,1,-1,-1,-1
1181,0,136.66131591796875,145.447509765625,13.732463836669922,9.073001861572266,1,-1,-1,-1
1201,0,140.19674682617188,121.20513916015625,17.906444549560547,10.004232406616211,1,-1,-1,-1
1221,0,251.08132934570312,89.21672821044922,18.218286514282227,6.696844100952148,1,-1,-1,-1
1241,0,374.1327209472656,61.063716888427734,24.16910171508789,12.218626022338867,1,-1,-1,-1
1261,0,477.795654296875,68.08219146728516,14.819604873657227,11.059808731079102,1,-1,-1,-1
1281,0,511.17230224609375,88.25019836425781,17.18033218383789,11.018531799316406,1,-1,-1,-1
1281,11,183.05078125,256.2167053222656,15.018632888793945,5.502923488616943,1,-1,-1,-1
1301,0,477.9294128417969,112.88504791259766,16.04558753967285,9.48754596710205,1,-1,-1,-1
1321,0,415.1788635253906,138.35977172851562,15.785037994384766,6.609097957611084,1,-1,-1,-1
1341,0,372.3126525878906,162.04849243164062,13.246888160705566,5.579641819000244,1,-1,-1,-1
1361,0,354.18499755859375,184.5642547607422,7.436959266662598,2.9790022373199463,1,-1,-1,-1
1381,0,354.8741149902344,193.9204864501953,10.203304290771484,4.82122802734375,1,-1,-1,-1
1401,0,403.3987731933594,195.8839111328125,6.761305809020996,2.731454849243164,1,-1,-1,-1
1421,0,440.0694580078125,192.97157287597656,9.898691177368164,4.004073619842529,1,-1,-1,-1
1441,0,465.15887451171875,174.84715270996094,9.737649917602539,3.338386297225952,1,-1,-1,-1
1461,0,485.4542541503906,149.97438049316406,12.256299018859863,8.719902038574219,1,-1,-1,-1
1481,0,462.1525573730469,133.62391662597656,9.450199127197266,5.747982501983643,1,-1,-1,-1
1501,0,407.53948974609375,141.78515625,14.606422424316406,10.919729232788086,1,-1,-1,-1
1521,0,390.10833740234375,192.19248962402344,14.395269393920898,6.18335485458374,1,-1,-1,-1
1541,0,386.2814636230469,200.87591552734375,13.08891487121582,3.8268940448760986,1,-1,-1,-1
1561,0,381.45550537109375,170.04566955566406,8.338252067565918,3.593226909637451,1,-1,-1,-1
1581,0,378.3999328613281,127.96863555908203,13.029691696166992,5.184566020965576,1,-1,-1,-1
1601,0,375.3009338378906,104.83812713623047,11.075278282165527,6.045468330383301,1,-1,-1,-1
1621,0,325.6953430175781,105.25148010253906,14.762669563293457,7.900496482849121,1,-1,-1,-1
1641,0,249.45281982421875,113.95067596435547,11.430492401123047,7.128340721130371,1,-1,-1,-1
1661,0,207.52052307128906,152.4895477294922,14.234277725219727,6.218830108642578,1,-1,-1,-1
1681,0,203.08230590820312,213.09107971191406,10.814481735229492,5.5496721267700195,1,-1,-1,-1
1701,0,207.82012939453125,234.92349243164062,15.129711151123047,4.772220611572266,1,-1,-1,-1
1721,0,249.63768005371094,231.24240112304688,12.632523536682129,3.7434957027435303,1,-1,-1,-1
1741,0,288.0152587890625,228.0243682861328,14.782563209533691,4.720095634460449,1,-1,-1,-1
1761,0,341.1876220703125,224.01312255859375,16.11240005493164,4.493282318115234,1,-1,-1,-1
1781,0,411.8898010253906,219.9949493408203,13.597898483276367,3.357058525085449,1,-1,-1,-1
1801,0,474.3163757324219,212.33116149902344,13.810405731201172,6.923832893371582,1,-1,-1,-1
1821,0,479.2545166015625,168.08132934570312,11.963964462280273,5.476064205169678,1,-1,-1,-1
1841,0,473.6412048339844,133.65518188476562,12.228322982788086,9.607952117919922,1,-1,-1,-1
1861,0,414.5010681152344,139.23452758789062,10.50371265411377,7.762190341949463,1,-1,-1,-1
1881,0,294.8147277832031,148.2088165283203,18.074012756347656,4.634416103363037,1,-1,-1,-1
1901,0,215.0479736328125,157.6327667236328,11.678834915161133,5.819236755371094,1,-1,-1,-1
1921,0,200.89715576171875,136.9017333984375,15.01229190826416,4.9518141746521,1,-1,-1,-1
1941,0,202.16598510742188,99.33383178710938,12.854166984558105,5.585226535797119,1,-1,-1,-1
1961,0,224.2827606201172,89.80003356933594,13.743492126464844,7.391369342803955,1,-1,-1,-1
1981,0,313.8892822265625,82.8482894897461,11.323437690734863,4.714447975158691,1,-1,-1,-1
2001,0,406.2008361816406,69.1392593383789,13.391295433044434,10.445847511291504,1,-1,-1,-1
2021,0,445.652099609375,83.52031707763672,9.5027494430542,5.928593158721924,1,-1,-1,-1
2041,0,452.93438720703125,131.5039520263672,12.932988166809082,6.695961952209473,1,-1,-1,-1
2061,0,446.46038818359375,163.80604553222656,12.633031845092773,5.884333610534668,1,-1,-1,-1
2081,0,412.6900634765625,165.76046752929688,13.882190704345703,5.616215229034424,1,-1,-1,-1
2101,0,365.6721496582031,169.81040954589844,12.256175994873047,3.8803000450134277,1,-1,-1,-1
2121,0,330.0643310546875,166.20721435546875,12.53364086151123,4.710720539093018,1,-1,-1,-1
2141,0,329.1709899902344,144.0081329345703,10.693687438964844,3.882511854171753,1,-1,-1,-1
2161,0,302.2205810546875,143.40040588378906,14.286693572998047,7.89145565032959,1,-1,-1,-1
2166,0,291.4736633300781,144.52615356445312,14.282724380493164,6.592812538146973,1,-1,-1,-1
