1,0,450.07904052734375,259.53936767578125,9.566485404968262,5.480700492858887,1,-1,-1,-1
1,1,136.3558349609375,319.3712463378906,16.075971603393555,7.536162376403809,1,-1,-1,-1
1,2,250.20799255371094,303.9363708496094,7.308373928070068,4.36125373840332,1,-1,-1,-1
21,0,253.88267517089844,272.833984375,8.60411548614502,6.608314037322998,1,-1,-1,-1
21,4,472.1658935546875,250.37570190429688,8.454761505126953,6.910727500915527,1,-1,-1,-1
21,1,193.41513061523438,301.4394226074219,16.761089324951172,9.931150436401367,1,-1,-1,-1
41,16,252.85235595703125,261.9969177246094,8.731979370117188,4.549401760101318,1,-1,-1,-1
41,0,478.0427551269531,247.94448852539062,8.800666809082031,6.3467206954956055,1,-1,-1,-1
41,1,225.33251953125,292.3389892578125,16.297229766845703,9.50881290435791,1,-1,-1,-1
61,6,244.55426025390625,249.31280517578125,9.02392292022705,4.486114978790283,1,-1,-1,-1
61,0,477.8242492675781,248.26097106933594,8.67869758605957,5.7289509773254395,1,-1,-1,-1
61,1,234.48362731933594,290.3940734863281,16.085111618041992,8.944123268127441,1,-1,-1,-1
81,6,228.29815673828125,229.13775634765625,9.729043006896973,5.3304829597473145,1,-1,-1,-1
81,23,475.3536682128906,251.1342010498047,8.567561149597168,4.736391544342041,1,-1,-1,-1
81,1,233.29531860351562,291.0720520019531,16.48574447631836,8.71439266204834,1,-1,-1,-1
101,23,336.25262451171875,500.75885009765625,12.027103424072266,3.3769004344940186,1,-1,-1,-1
101,0,472.5397033691406,252.9786376953125,9.191203117370605,5.227521896362305,1,-1,-1,-1
101,6,205.19488525390625,209.55963134765625,10.21135139465332,6.664100646972656,1,-1,-1,-1
101,1,223.18870544433594,293.6883544921875,16.032264709472656,9.860932350158691,1,-1,-1,-1
121,6,165.79185485839844,198.48947143554688,11.587739944458008,7.265764236450195,1,-1,-1,-1
121,0,472.41058349609375,253.29800415039062,9.071495056152344,5.5335774421691895,1,-1,-1,-1
121,1,196.7574920654297,301.2093811035156,17.249446868896484,10.127572059631348,1,-1,-1,-1
141,0,473.4237365722656,253.819091796875,9.215312957763672,5.327696323394775,1,-1,-1,-1
141,6,117.55370330810547,194.34173583984375,11.939711570739746,7.799616813659668,1,-1,-1,-1
141,1,158.32363891601562,312.4657897949219,17.079219818115234,10.033719062805176,1,-1,-1,-1
161,6,64.7452163696289,196.358154296875,11.907835006713867,8.151700019836426,1,-1,-1,-1
161,0,474.63623046875,253.2199249267578,9.28017520904541,5.612652778625488,1,-1,-1,-1
161,1,111.64318084716797,325.54156494140625,16.945302963256836,9.318338394165039,1,-1,-1,-1
181,6,19.840465545654297,202.96136474609375,9.861120223999023,6.949793338775635,1,-1,-1,-1
181,0,475.5212097167969,254.3470458984375,8.261536598205566,5.043455123901367,1,-1,-1,-1
181,1,65.624755859375,339.7236328125,16.637306213378906,7.548643112182617,1,-1,-1,-1
201,1,42.24891662597656,348.0335388183594,14.441136360168457,7.599921226501465,1,-1,-1,-1
201,0,473.13482666015625,249.35963439941406,8.84838581085205,5.999541282653809,1,-1,-1,-1
201,6,10.631054878234863,204.4288330078125,10.067038536071777,6.180041790008545,1,-1,-1,-1
221,1,38.28580856323242,365.54180908203125,15.382336616516113,7.650208950042725,1,-1,-1,-1
221,0,470.5643005371094,242.08502197265625,8.907498359680176,5.938374996185303,1,-1,-1,-1
221,6,37.91202926635742,194.86805725097656,11.667928695678711,5.567467212677002,1,-1,-1,-1
241,1,40.9505500793457,353.980712890625,15.37814998626709,7.890592098236084,1,-1,-1,-1
241,0,468.31817626953125,238.00323486328125,8.684606552124023,6.177820682525635,1,-1,-1,-1
241,6,97.52368927001953,170.53050231933594,12.90206527709961,6.632841110229492,1,-1,-1,-1
261,0,467.2330322265625,243.11976623535156,9.101479530334473,5.056666851043701,1,-1,-1,-1
261,1,42.34387969970703,331.752685546875,14.68459701538086,8.22262954711914,1,-1,-1,-1
261,6,175.45228576660156,140.19200134277344,13.119407653808594,9.602594375610352,1,-1,-1,-1
281,0,468.64520263671875,244.4789276123047,8.596246719360352,5.465683937072754,1,-1,-1,-1
281,1,41.47321319580078,331.8065490722656,15.049871444702148,7.539324760437012,1,-1,-1,-1
281,6,211.68002319335938,127.14232635498047,11.992941856384277,8.445110321044922,1,-1,-1,-1
301,0,468.84613037109375,244.36895751953125,8.38112735748291,5.484908580780029,1,-1,-1,-1
301,1,50.9697380065918,328.5070495605469,14.67063045501709,7.256374359130859,1,-1,-1,-1
301,6,219.56222534179688,129.7519073486328,11.56644058227539,8.762861251831055,1,-1,-1,-1
321,6,248.63690185546875,155.43328857421875,11.862051010131836,8.406270027160645,1,-1,-1,-1
321,0,468.2354431152344,243.29501342773438,8.768821716308594,5.788576602935791,1,-1,-1,-1
321,1,80.67141723632812,319.38482666015625,15.777608871459961,7.8180832862854,1,-1,-1,-1
341,0,467.31439208984375,244.18634033203125,8.331297874450684,4.683416843414307,1,-1,-1,-1
341,1,122.04974365234375,305.4533996582031,15.284701347351074,11.376509666442871,1,-1,-1,-1
341,6,290.5924987792969,194.23162841796875,10.811896324157715,8.898545265197754,1,-1,-1,-1
361,6,320.0648498535156,238.27101135253906,7.86102819442749,7.8843302726745605,1,-1,-1,-1
361,0,464.42578125,237.41482543945312,9.277981758117676,6.5136799812316895,1,-1,-1,-1
361,1,130.69790649414062,304.1886901855469,15.76881217956543,9.076566696166992,1,-1,-1,-1
381,6,303.4745788574219,277.6558837890625,7.846480369567871,7.631617546081543,1,-1,-1,-1
381,0,464.5570373535156,236.11244201660156,9.137327194213867,6.050823211669922,1,-1,-1,-1
381,1,126.86466979980469,305.10791015625,15.891748428344727,8.929865837097168,1,-1,-1,-1
401,0,464.4112854003906,237.46824645996094,8.588469505310059,5.328312873840332,1,-1,-1,-1
401,1,115.95091247558594,308.41015625,15.730056762695312,8.347522735595703,1,-1,-1,-1
401,6,260.0114440917969,314.3688659667969,9.3201322555542,6.333120822906494,1,-1,-1,-1
421,6,202.34971618652344,346.9861755371094,8.838455200195312,4.492868900299072,1,-1,-1,-1
421,0,468.5908203125,253.09197998046875,8.762670516967773,6.185363292694092,1,-1,-1,-1
421,1,109.87977600097656,310.01849365234375,15.543939590454102,7.871573448181152,1,-1,-1,-1
441,0,477.0429992675781,285.87078857421875,9.091666221618652,5.728313446044922,1,-1,-1,-1
441,6,154.694580078125,372.349609375,7.231240272521973,3.835359811782837,1,-1,-1,-1
441,1,125.5288314819336,304.9344482421875,15.100309371948242,7.967296600341797,1,-1,-1,-1
461,1,166.9881591796875,293.58526611328125,15.523405075073242,7.194124221801758,1,-1,-1,-1
461,6,130.5738983154297,386.0265808105469,7.586479663848877,4.216919898986816,1,-1,-1,-1
461,0,480.4202880859375,305.7016296386719,9.227209091186523,5.624314785003662,1,-1,-1,-1
481,1,250.34231567382812,269.1705017089844,18.02704620361328,7.408753395080566,1,-1,-1,-1
481,6,125.03266906738281,388.44976806640625,6.968354225158691,4.1817307472229,1,-1,-1,-1
481,0,487.9321594238281,335.2475891113281,9.087496757507324,5.303997039794922,1,-1,-1,-1
501,1,312.8147277832031,250.35032653808594,15.508447647094727,12.084444999694824,1,-1,-1,-1
501,6,127.5296630859375,387.881591796875,6.464626789093018,4.6934003829956055,1,-1,-1,-1
501,0,494.46826171875,360.1734313964844,8.961634635925293,5.5295538902282715,1,-1,-1,-1
521,1,326.32379150390625,247.1086883544922,16.471633911132812,10.625541687011719,1,-1,-1,-1
521,0,494.6233825683594,369.82073974609375,8.946268081665039,4.508403778076172,1,-1,-1,-1
521,6,150.77928161621094,390.0700988769531,7.656001091003418,4.796403884887695,1,-1,-1,-1
541,1,319.96685791015625,248.76927185058594,16.51190948486328,10.710314750671387,1,-1,-1,-1
541,0,495.4110412597656,373.04345703125,9.337645530700684,4.9297614097595215,1,-1,-1,-1
541,6,186.10006713867188,400.04901123046875,7.942327499389648,4.080948352813721,1,-1,-1,-1
561,0,500.6155700683594,390.2491760253906,9.265132904052734,5.004585266113281,1,-1,-1,-1
561,1,290.5037536621094,257.1415710449219,16.82577896118164,10.343286514282227,1,-1,-1,-1
561,6,224.73306274414062,414.4046936035156,7.219157695770264,4.012803077697754,1,-1,-1,-1
581,0,504.9416809082031,402.7757873535156,9.882332801818848,4.90811824798584,1,-1,-1,-1
581,1,242.48162841796875,271.0614318847656,17.699234008789062,10.26406192779541,1,-1,-1,-1
581,6,252.13531494140625,425.2431945800781,6.04934024810791,3.479072093963623,1,-1,-1,-1
601,0,503.83343505859375,403.28448486328125,9.610616683959961,5.076572895050049,1,-1,-1,-1
601,6,256.6703186035156,428.3954162597656,5.7838897705078125,3.2904558181762695,1,-1,-1,-1
601,1,180.82763671875,288.8236389160156,18.118396759033203,9.720952987670898,1,-1,-1,-1
621,0,497.27545166015625,380.48486328125,9.662174224853516,5.698671817779541,1,-1,-1,-1
621,6,248.23431396484375,423.96875,6.39598274230957,3.773150682449341,1,-1,-1,-1
621,1,114.48985290527344,308.419677734375,17.06553077697754,8.97719955444336,1,-1,-1,-1
641,1,56.22944641113281,325.6209411621094,14.845122337341309,8.52299976348877,1,-1,-1,-1
641,6,232.36856079101562,414.098388671875,6.512643814086914,4.311122417449951,1,-1,-1,-1
641,0,487.7093505859375,334.5670166015625,8.872138977050781,6.361484527587891,1,-1,-1,-1
661,6,226.81915283203125,412.43109130859375,6.389240741729736,3.200575590133667,1,-1,-1,-1
661,1,34.44660568237305,332.1165771484375,15.417389869689941,7.78540563583374,1,-1,-1,-1
661,0,480.45989990234375,308.22796630859375,9.216906547546387,5.89277458190918,1,-1,-1,-1
681,1,27.947052001953125,334.7979736328125,15.181294441223145,7.379491329193115,1,-1,-1,-1
681,0,473.9221496582031,285.4460144042969,8.78848648071289,5.752588748931885,1,-1,-1,-1
681,6,225.89251708984375,413.1877746582031,6.222438812255859,3.016221523284912,1,-1,-1,-1
701,1,25.6278133392334,335.04541015625,15.173484802246094,7.508115291595459,1,-1,-1,-1
701,0,467.40283203125,263.12933349609375,9.149761199951172,5.649222373962402,1,-1,-1,-1
701,6,226.26116943359375,413.8849182128906,6.877712249755859,4.099417686462402,1,-1,-1,-1
721,0,463.61669921875,244.46047973632812,8.1199369430542,5.5874152183532715,1,-1,-1,-1
721,1,37.86587905883789,331.0013122558594,14.21352767944336,7.746918201446533,1,-1,-1,-1
721,6,233.95494079589844,419.17864990234375,6.61531925201416,4.070467472076416,1,-1,-1,-1
741,1,73.6860122680664,319.7392272949219,16.271392822265625,7.738794803619385,1,-1,-1,-1
741,6,248.70787048339844,428.57244873046875,6.104236602783203,3.6303296089172363,1,-1,-1,-1
741,0,461.50189208984375,233.09130859375,9.080463409423828,5.674781799316406,1,-1,-1,-1
761,6,251.6824951171875,433.1774597167969,6.537095069885254,3.8435070514678955,1,-1,-1,-1
761,1,110.69312286376953,309.0202941894531,15.19240951538086,10.938213348388672,1,-1,-1,-1
761,0,460.0907897949219,232.71969604492188,9.01552677154541,6.24890661239624,1,-1,-1,-1
781,6,233.8927459716797,439.134033203125,6.401029586791992,4.403014183044434,1,-1,-1,-1
781,0,452.36492919921875,235.62498474121094,8.424638748168945,6.469573020935059,1,-1,-1,-1
781,1,117.36688232421875,323.0220642089844,16.1730899810791,8.623205184936523,1,-1,-1,-1
801,6,203.47459411621094,446.7906799316406,6.260524749755859,3.904451608657837,1,-1,-1,-1
801,0,421.7334289550781,245.52723693847656,9.015835762023926,6.683649063110352,1,-1,-1,-1
801,1,115.53738403320312,314.4711608886719,15.52253246307373,8.413586616516113,1,-1,-1,-1
821,6,193.33843994140625,449.10003662109375,6.21263313293457,3.669558525085449,1,-1,-1,-1
821,0,372.0215148925781,263.0655822753906,9.521252632141113,4.44863748550415,1,-1,-1,-1
821,1,114.51727294921875,304.80413818359375,15.502215385437012,8.579082489013672,1,-1,-1,-1
841,6,207.59825134277344,446.3097839355469,6.362277984619141,3.5774919986724854,1,-1,-1,-1
841,1,113.60497283935547,305.28924560546875,16.18330192565918,9.299729347229004,1,-1,-1,-1
841,0,350.86260986328125,270.245849609375,8.371110916137695,4.802064895629883,1,-1,-1,-1
861,6,243.59817504882812,438.2478332519531,6.43993616104126,3.595600128173828,1,-1,-1,-1
861,1,119.73018646240234,311.4133605957031,15.571910858154297,9.104660034179688,1,-1,-1,-1
861,0,348.15740966796875,271.03912353515625,8.55986213684082,4.6337504386901855,1,-1,-1,-1
881,6,281.4076843261719,428.9479064941406,6.1427459716796875,4.7119903564453125,1,-1,-1,-1
881,0,345.65118408203125,267.90301513671875,8.856965065002441,4.486358165740967,1,-1,-1,-1
881,1,133.82437133789062,323.27093505859375,14.848698616027832,8.717820167541504,1,-1,-1,-1
901,6,289.6521301269531,427.94903564453125,6.407541751861572,3.6233131885528564,1,-1,-1,-1
901,0,337.99664306640625,256.8992004394531,9.424838066101074,4.673993110656738,1,-1,-1,-1
901,1,154.13507080078125,338.9073486328125,13.801918029785156,8.00319766998291,1,-1,-1,-1
921,6,289.611083984375,427.9687194824219,6.29815149307251,3.6587531566619873,1,-1,-1,-1
921,0,324.3014831542969,239.2328643798828,9.122285842895508,5.09165096282959,1,-1,-1,-1
921,1,170.03524780273438,352.0093078613281,13.369723320007324,5.25899600982666,1,-1,-1,-1
941,6,287.6269226074219,428.74700927734375,5.616117477416992,3.2294702529907227,1,-1,-1,-1
941,0,304.4417724609375,215.472900390625,10.453298568725586,5.671454429626465,1,-1,-1,-1
941,1,175.21893310546875,352.1121826171875,13.130402565002441,6.338246822357178,1,-1,-1,-1
961,6,286.01824951171875,429.0863342285156,6.253100395202637,3.6330857276916504,1,-1,-1,-1
961,0,279.0157165527344,186.00662231445312,11.255788803100586,6.633899211883545,1,-1,-1,-1
961,1,206.9497833251953,344.1766357421875,13.648578643798828,6.299740791320801,1,-1,-1,-1
981,6,286.05816650390625,429.7545166015625,5.90455961227417,3.526193380355835,1,-1,-1,-1
981,0,250.25672912597656,154.01756286621094,11.976962089538574,6.817989349365234,1,-1,-1,-1
981,1,280.81011962890625,324.3917236328125,15.248322486877441,7.212471961975098,1,-1,-1,-1
1001,6,280.17266845703125,431.4200439453125,6.217960357666016,4.499176025390625,1,-1,-1,-1
1001,1,338.8287353515625,308.0144958496094,13.369921684265137,9.872024536132812,1,-1,-1,-1
1001,0,229.708984375,134.04600524902344,13.386173248291016,8.57377815246582,1,-1,-1,-1
1021,1,347.43084716796875,305.71490478515625,13.147320747375488,9.290121078491211,1,-1,-1,-1
1021,6,255.94642639160156,438.00872802734375,5.962698936462402,3.4041996002197266,1,-1,-1,-1
1021,0,227.0419464111328,132.79135131835938,12.373224258422852,7.13706111907959,1,-1,-1,-1
1041,1,330.0738830566406,310.6915283203125,13.635367393493652,8.7626314163208,1,-1,-1,-1
1041,6,245.7646026611328,440.1568908691406,6.066798210144043,3.5141513347625732,1,-1,-1,-1
1041,0,219.50088500976562,125.54458618164062,13.126716613769531,7.136600971221924,1,-1,-1,-1
1061,1,292.4116516113281,321.02191162109375,14.852901458740234,8.473442077636719,1,-1,-1,-1
1061,6,245.69419860839844,441.3554382324219,6.504533290863037,3.5382332801818848,1,-1,-1,-1
1061,0,206.00650024414062,109.265869140625,13.318727493286133,8.348231315612793,1,-1,-1,-1
1081,1,242.92611694335938,334.59283447265625,14.923759460449219,7.757906436920166,1,-1,-1,-1
1081,6,247.57020568847656,442.34454345703125,6.625157356262207,3.128568172454834,1,-1,-1,-1
1081,0,194.6536407470703,94.22360229492188,13.734007835388184,9.981142044067383,1,-1,-1,-1
1101,1,188.74351501464844,348.9566650390625,14.791773796081543,7.229452133178711,1,-1,-1,-1
1101,6,248.71421813964844,442.2828674316406,6.259088039398193,3.373018741607666,1,-1,-1,-1
1101,0,191.79461669921875,92.83604431152344,13.587797164916992,8.825626373291016,1,-1,-1,-1
1121,6,248.51220703125,442.37371826171875,6.309709072113037,3.477299690246582,1,-1,-1,-1
1121,1,145.91696166992188,360.59564208984375,12.841156005859375,6.65989875793457,1,-1,-1,-1
1121,0,191.35589599609375,99.90054321289062,13.562467575073242,8.9901704788208,1,-1,-1,-1
1141,6,247.6260986328125,442.7463073730469,6.311252117156982,3.2609541416168213,1,-1,-1,-1
1141,1,136.3316650390625,363.39300537109375,12.88051986694336,6.376524925231934,1,-1,-1,-1
1141,0,189.17800903320312,118.4457778930664,14.144611358642578,8.60240650177002,1,-1,-1,-1
1161,6,247.0740509033203,442.9798278808594,6.632524013519287,3.138880491256714,1,-1,-1,-1
1161,1,137.35940551757812,362.92156982421875,13.79686450958252,6.56865930557251,1,-1,-1,-1
1161,0,188.19882202148438,135.94168090820312,14.657998085021973,9.18486499786377,1,-1,-1,-1
1181,0,186.953369140625,153.76966857910156,14.776126861572266,8.88233757019043,1,-1,-1,-1
1181,6,246.6654815673828,442.88226318359375,6.725217819213867,3.1709446907043457,1,-1,-1,-1
1181,1,138.22569274902344,362.32537841796875,14.06956672668457,6.716639995574951,1,-1,-1,-1
1201,0,188.43597412109375,156.86712646484375,14.572696685791016,9.147644996643066,1,-1,-1,-1
1201,6,246.95858764648438,442.7347106933594,6.433452606201172,3.0779974460601807,1,-1,-1,-1
1201,1,138.22787475585938,362.18511962890625,13.480201721191406,7.03903341293335,1,-1,-1,-1
1221,0,194.25772094726562,154.4413604736328,14.528250694274902,8.351356506347656,1,-1,-1,-1
1221,6,247.23883056640625,442.3367919921875,6.254768371582031,3.2682101726531982,1,-1,-1,-1
1221,1,131.74310302734375,363.5699462890625,12.935279846191406,7.510715961456299,1,-1,-1,-1
1241,0,211.38307189941406,147.51553344726562,14.289241790771484,8.579963684082031,1,-1,-1,-1
1241,6,247.29238891601562,442.1749267578125,6.1524810791015625,3.2170698642730713,1,-1,-1,-1
1241,1,114.28082275390625,368.6581726074219,13.560035705566406,6.318784713745117,1,-1,-1,-1
1261,0,236.2193145751953,137.9554443359375,14.678255081176758,8.560615539550781,1,-1,-1,-1
1261,1,104.90853881835938,371.1262512207031,13.206249237060547,6.524249076843262,1,-1,-1,-1
1261,6,246.50799560546875,441.9501953125,6.100015163421631,3.223402261734009,1,-1,-1,-1
1281,0,266.5032043457031,125.60365295410156,14.902837753295898,8.965019226074219,1,-1,-1,-1
1281,1,107.68585205078125,370.4284362792969,13.64637565612793,6.509823322296143,1,-1,-1,-1
1281,6,247.06268310546875,443.4898986816406,6.509032249450684,3.813265323638916,1,-1,-1,-1
1301,0,301.70751953125,111.82919311523438,14.725929260253906,9.373489379882812,1,-1,-1,-1
1301,6,254.54815673828125,449.1499328613281,6.342670440673828,3.3894503116607666,1,-1,-1,-1
1301,1,131.53170776367188,364.6502685546875,13.006291389465332,6.050660610198975,1,-1,-1,-1
1321,6,257.4937744140625,451.82000732421875,5.760135650634766,3.195172071456909,1,-1,-1,-1
1321,1,178.68202209472656,352.6511535644531,14.152535438537598,5.852586269378662,1,-1,-1,-1
1321,0,339.82275390625,97.00399017333984,15.142236709594727,9.451668739318848,1,-1,-1,-1
1341,0,376.38629150390625,82.39448547363281,15.713109970092773,9.72281551361084,1,-1,-1,-1
1341,6,254.7801513671875,449.9482116699219,5.636184215545654,3.6412394046783447,1,-1,-1,-1
1341,1,238.479248046875,334.83599853515625,13.344120979309082,10.276971817016602,1,-1,-1,-1
1361,6,244.45498657226562,444.2659606933594,6.240983009338379,3.649535894393921,1,-1,-1,-1
1361,1,255.906005859375,330.9796447753906,13.727374076843262,8.213591575622559,1,-1,-1,-1
1361,0,409.8609619140625,69.37580108642578,15.147038459777832,10.227385520935059,1,-1,-1,-1
1381,1,253.31918334960938,331.2904968261719,14.348018646240234,7.8395466804504395,1,-1,-1,-1
1381,0,438.6022644042969,58.87910079956055,14.580293655395508,10.543314933776855,1,-1,-1,-1
1381,6,226.0761260986328,434.1889343261719,6.497359752655029,3.9009482860565186,1,-1,-1,-1
1401,1,234.40284729003906,336.6434631347656,14.433140754699707,7.590551853179932,1,-1,-1,-1
1401,0,454.75872802734375,52.6440315246582,14.248818397521973,10.461603164672852,1,-1,-1,-1
1401,6,214.5709228515625,428.40264892578125,6.752124786376953,3.9067046642303467,1,-1,-1,-1
1421,1,202.2298583984375,345.03192138671875,15.088905334472656,7.7020463943481445,1,-1,-1,-1
1421,0,461.52978515625,68.18982696533203,14.469488143920898,10.177952766418457,1,-1,-1,-1
1421,6,212.26438903808594,428.23370361328125,6.801043510437012,3.552306652069092,1,-1,-1,-1
1441,1,163.50205993652344,354.9845886230469,14.824468612670898,7.545199871063232,1,-1,-1,-1
1441,6,207.64906311035156,428.97259521484375,6.268043041229248,3.9435994625091553,1,-1,-1,-1
1441,0,468.2752990722656,94.54902648925781,15.106576919555664,10.559840202331543,1,-1,-1,-1
1461,1,134.0517578125,363.0767822265625,13.463298797607422,6.333910942077637,1,-1,-1,-1
1461,6,200.7427215576172,430.89892578125,5.95020055770874,3.296783447265625,1,-1,-1,-1
1461,0,468.61810302734375,97.15162658691406,14.92850399017334,10.4928617477417,1,-1,-1,-1
1481,1,129.53643798828125,364.4378662109375,13.732691764831543,6.395488262176514,1,-1,-1,-1
1481,6,199.18397521972656,430.9141540527344,6.373307704925537,3.509228467941284,1,-1,-1,-1
1481,0,469.43463134765625,102.02180480957031,15.346244812011719,11.033573150634766,1,-1,-1,-1
1501,1,132.55166625976562,363.9548645019531,13.179198265075684,6.1988420486450195,1,-1,-1,-1
1501,6,198.05984497070312,430.346923828125,6.321463108062744,3.6994497776031494,1,-1,-1,-1
1501,0,475.05804443359375,120.35871124267578,14.989068984985352,11.07345199584961,1,-1,-1,-1
1521,0,484.9359436035156,149.6400146484375,14.229034423828125,10.44235610961914,1,-1,-1,-1
1521,1,145.932861328125,360.7891540527344,13.14286994934082,5.900231838226318,1,-1,-1,-1
1521,6,196.8598175048828,429.8221740722656,6.477410316467285,3.7236838340759277,1,-1,-1,-1
1541,0,496.5063171386719,182.4969940185547,12.75252914428711,9.591877937316895,1,-1,-1,-1
1541,1,180.95599365234375,351.9542541503906,13.59427261352539,5.846457004547119,1,-1,-1,-1
1541,6,203.90963745117188,426.8334655761719,6.88446044921875,3.6310033798217773,1,-1,-1,-1
1561,0,508.2745056152344,216.38182067871094,11.62899398803711,8.311966896057129,1,-1,-1,-1
1561,1,239.26995849609375,334.10064697265625,14.22941780090332,9.722197532653809,1,-1,-1,-1
1561,6,232.04547119140625,419.30682373046875,6.6092376708984375,3.2990081310272217,1,-1,-1,-1
1581,6,252.41986083984375,412.4564208984375,6.277414321899414,3.4994819164276123,1,-1,-1,-1
1581,0,518.994140625,247.64256286621094,11.614814758300781,7.483152866363525,1,-1,-1,-1
1581,1,269.1401672363281,327.063232421875,14.178333282470703,8.020672798156738,1,-1,-1,-1
1601,6,254.1624755859375,410.7726745605469,6.7242279052734375,3.630486011505127,1,-1,-1,-1
1601,0,524.908203125,265.5146789550781,10.32275676727295,5.728551387786865,1,-1,-1,-1
1601,1,270.87310791015625,326.7404479980469,13.904886245727539,7.8876848220825195,1,-1,-1,-1
1621,1,248.49758911132812,332.5018310546875,14.434394836425781,8.695883750915527,1,-1,-1,-1
1621,0,525.0157470703125,267.3948669433594,11.110931396484375,6.67086935043335,1,-1,-1,-1
1621,6,244.03628540039062,411.9404602050781,6.613456726074219,3.464412212371826,1,-1,-1,-1
1641,1,219.16836547851562,341.61590576171875,14.309120178222656,6.115533351898193,1,-1,-1,-1
1641,0,525.6491088867188,269.7515869140625,10.577794075012207,6.8669328689575195,1,-1,-1,-1
1641,6,240.131103515625,412.24627685546875,6.367764472961426,3.436021327972412,1,-1,-1,-1
1661,6,257.91162109375,408.0707702636719,6.7872419357299805,3.53759503364563,1,-1,-1,-1
1661,0,526.6231689453125,275.1084899902344,11.014045715332031,7.027833461761475,1,-1,-1,-1
1661,1,214.50904846191406,342.9895935058594,13.993300437927246,5.960144996643066,1,-1,-1,-1
1681,0,530.2322387695312,286.69134521484375,9.6434326171875,5.98355770111084,1,-1,-1,-1
1681,6,287.5726013183594,401.34619140625,6.565789222717285,3.2858054637908936,1,-1,-1,-1
1681,1,227.79364013671875,339.2856750488281,13.673539161682129,6.001891136169434,1,-1,-1,-1
1701,0,533.0968017578125,298.0073547363281,9.93221378326416,5.521047115325928,1,-1,-1,-1
1701,6,304.10699462890625,397.86627197265625,5.989107608795166,3.6114938259124756,1,-1,-1,-1
1701,1,260.1007080078125,330.1209716796875,14.43940544128418,5.997783660888672,1,-1,-1,-1
1721,0,533.7380981445312,303.152587890625,9.588793754577637,5.005790710449219,1,-1,-1,-1
1721,6,305.4882507324219,397.97802734375,6.444582462310791,3.2911605834960938,1,-1,-1,-1
1721,1,307.35162353515625,316.5598449707031,15.017353057861328,6.68925666809082,1,-1,-1,-1
1741,1,344.8046569824219,304.5440979003906,14.161356925964355,9.364248275756836,1,-1,-1,-1
1741,0,537.7687377929688,317.7077331542969,9.69970989227295,6.0805816650390625,1,-1,-1,-1
1741,6,303.8665771484375,389.7109680175781,6.121518611907959,3.4728527069091797,1,-1,-1,-1
1761,1,348.155517578125,303.4575500488281,13.852252960205078,9.151655197143555,1,-1,-1,-1
1761,0,542.2642822265625,334.08831787109375,9.734869956970215,5.924654483795166,1,-1,-1,-1
1761,6,300.8655700683594,374.1653747558594,6.302155494689941,3.643721342086792,1,-1,-1,-1
1781,1,327.1268310546875,309.03265380859375,14.262447357177734,9.044694900512695,1,-1,-1,-1
1781,0,544.6345825195312,341.2525329589844,9.342761993408203,5.833248615264893,1,-1,-1,-1
1781,6,300.8402099609375,371.09771728515625,6.532345771789551,3.6411876678466797,1,-1,-1,-1
1801,1,288.11474609375,320.5667419433594,14.698030471801758,8.001015663146973,1,-1,-1,-1
1801,0,542.3087158203125,342.44329833984375,9.949396133422852,6.75676965713501,1,-1,-1,-1
1801,6,301.3058776855469,363.05010986328125,5.914495468139648,3.5363821983337402,1,-1,-1,-1
1821,1,239.8707733154297,333.6544189453125,14.103508949279785,7.148600101470947,1,-1,-1,-1
1821,6,299.8666076660156,347.336669921875,5.930242538452148,3.6849985122680664,1,-1,-1,-1
1821,0,533.24169921875,345.8043212890625,9.942630767822266,5.797195911407471,1,-1,-1,-1
1841,0,516.9996337890625,350.265625,10.469927787780762,6.623812198638916,1,-1,-1,-1
1841,1,192.43064880371094,346.145263671875,14.615705490112305,6.960356712341309,1,-1,-1,-1
1841,6,299.3201904296875,345.64093017578125,6.1686601638793945,4.253941535949707,1,-1,-1,-1
1861,6,283.98193359375,349.21051025390625,6.268327236175537,4.58023738861084,1,-1,-1,-1
1861,0,490.4937744140625,358.4430236816406,10.574769973754883,6.201707363128662,1,-1,-1,-1
1861,1,153.67428588867188,356.37359619140625,13.059492111206055,6.673349380493164,1,-1,-1,-1
1881,0,458.3245544433594,368.6512145996094,9.69526481628418,4.870235443115234,1,-1,-1,-1
1881,1,143.72515869140625,359.2802734375,13.044370651245117,6.070799827575684,1,-1,-1,-1
1901,6,203.38674926757812,370.4367980957031,5.924440383911133,3.351696252822876,1,-1,-1,-1
1901,0,441.56622314453125,373.546142578125,9.564324378967285,4.199585437774658,1,-1,-1,-1
1901,1,153.27650451660156,356.5433044433594,13.600776672363281,6.343903064727783,1,-1,-1,-1
1921,0,435.50762939453125,371.1297302246094,10.0413818359375,4.861242771148682,1,-1,-1,-1
1921,1,176.31130981445312,349.3841552734375,13.124076843261719,8.30333423614502,1,-1,-1,-1
1921,6,181.06564331054688,375.4711608886719,6.2057952880859375,3.587573528289795,1,-1,-1,-1
1941,0,429.0559387207031,365.17681884765625,9.80160140991211,4.927189350128174,1,-1,-1,-1
1941,1,180.93980407714844,348.56903076171875,13.341928482055664,6.961604595184326,1,-1,-1,-1
1941,6,171.1144256591797,378.4425964355469,6.116775989532471,3.699625253677368,1,-1,-1,-1
1961,0,420.6261901855469,357.2873229980469,9.85268783569336,4.678920269012451,1,-1,-1,-1
1961,1,179.7859344482422,349.0845947265625,13.591789245605469,6.432669162750244,1,-1,-1,-1
1961,6,165.0333251953125,378.82623291015625,6.006026744842529,3.488532781600952,1,-1,-1,-1
1981,0,410.60089111328125,347.159912109375,10.269542694091797,4.943284511566162,1,-1,-1,-1
1981,1,177.49085998535156,349.5478210449219,13.295242309570312,7.1374359130859375,1,-1,-1,-1
1981,6,149.06369018554688,371.2806396484375,6.297351837158203,3.4475858211517334,1,-1,-1,-1
2001,0,400.1748046875,335.24102783203125,10.563528060913086,5.368301868438721,1,-1,-1,-1
2001,1,168.18896484375,351.8727722167969,14.14013957977295,6.833462238311768,1,-1,-1,-1
2001,6,131.06629943847656,361.3597717285156,6.463037490844727,5.013530731201172,1,-1,-1,-1
2021,0,389.416259765625,323.0807189941406,11.032538414001465,5.501736640930176,1,-1,-1,-1
2021,1,160.2067413330078,354.10205078125,13.375545501708984,6.489933490753174,1,-1,-1,-1
2021,6,126.30746459960938,359.812255859375,6.262458801269531,4.149907112121582,1,-1,-1,-1
2041,0,378.6035461425781,310.4808044433594,11.452025413513184,6.065107345581055,1,-1,-1,-1
2041,1,153.442626953125,355.3065185546875,13.301033020019531,7.782693386077881,1,-1,-1,-1
2041,6,124.75588989257812,360.00238037109375,7.209664344787598,3.900580883026123,1,-1,-1,-1
2061,0,368.18707275390625,298.2216491699219,12.337968826293945,6.456284523010254,1,-1,-1,-1
2061,6,124.34235382080078,360.2247619628906,7.428534030914307,3.8676137924194336,1,-1,-1,-1
2061,1,137.20045471191406,360.16265869140625,12.911109924316406,6.699460506439209,1,-1,-1,-1
2081,1,122.75270080566406,360.07293701171875,12.069273948669434,10.04638671875,1,-1,-1,-1
2081,0,358.6573791503906,286.7173767089844,12.303998947143555,6.474256992340088,1,-1,-1,-1
2101,1,140.1288299560547,360.0521240234375,13.01352310180664,5.806829929351807,1,-1,-1,-1
2101,6,125.03359985351562,342.62359619140625,6.697657585144043,4.153822898864746,1,-1,-1,-1
2101,0,349.7706298828125,275.5276184082031,13.444158554077148,8.422438621520996,1,-1,-1,-1
2121,1,168.485107421875,345.8123474121094,13.638291358947754,8.021422386169434,1,-1,-1,-1
2121,0,348.2148742675781,274.2088623046875,13.334198951721191,6.963209629058838,1,-1,-1,-1
2121,6,125.00270080566406,329.8190612792969,6.547788619995117,4.569024085998535,1,-1,-1,-1
2141,1,170.91824340820312,323.0075988769531,13.25165843963623,7.534339427947998,1,-1,-1,-1
2141,0,355.9680480957031,272.9353942871094,13.589296340942383,6.3693976402282715,1,-1,-1,-1
2141,6,132.32241821289062,327.5234680175781,6.480954170227051,4.204677104949951,1,-1,-1,-1
2161,0,384.4361572265625,263.7380065917969,13.96738052368164,6.350215911865234,1,-1,-1,-1
2161,1,169.08016967773438,304.6337585449219,13.316377639770508,6.656336307525635,1,-1,-1,-1
2161,6,160.79623413085938,319.4328308105469,6.73468017578125,3.7422075271606445,1,-1,-1,-1
2181,6,106.11492156982422,86.0922622680664,4.844081401824951,4.097416400909424,1,-1,-1,-1
2201,1,174.7547149658203,302.0098876953125,13.153005599975586,6.611690044403076,1,-1,-1,-1
2201,0,498.70587158203125,223.85838317871094,15.393722534179688,7.891500473022461,1,-1,-1,-1
2201,6,254.28724670410156,290.075927734375,7.7074151039123535,4.328958034515381,1,-1,-1,-1
2221,6,294.8440246582031,277.56683349609375,6.847599983215332,4.04681396484375,1,-1,-1,-1
2221,1,200.13497924804688,294.2714538574219,13.466071128845215,6.373301029205322,1,-1,-1,-1
2221,0,564.902587890625,199.9128875732422,15.092229843139648,10.737337112426758,1,-1,-1,-1
2235,1,231.58233642578125,284.356201171875,13.81163215637207,7.625600814819336,1,-1,-1,-1
2235,6,315.36956787109375,268.4445495605469,6.857781887054443,3.923041343688965,1,-1,-1,-1
2235,0,590.72802734375,191.49192810058594,13.571565628051758,10.993522644042969,1,-1,-1,-1
