1,0,533.5780639648438,313.5142517089844,9.943802833557129,5.558899879455566,1,-1,-1,-1
1,1,136.76852416992188,295.78717041015625,7.7893524169921875,5.106339454650879,1,-1,-1,-1
1,2,160.7111358642578,316.393798828125,13.865177154541016,6.910233020782471,1,-1,-1,-1
21,0,522.37451171875,286.3946533203125,10.552035331726074,6.60659122467041,1,-1,-1,-1
21,2,215.52320861816406,300.8103942871094,15.211292266845703,6.559494495391846,1,-1,-1,-1
21,1,134.01174926757812,293.8197326660156,7.340946674346924,5.027810573577881,1,-1,-1,-1
41,2,272.5649719238281,283.54534912109375,14.098309516906738,10.877423286437988,1,-1,-1,-1
41,0,512.382080078125,262.4300537109375,12.407598495483398,9.012299537658691,1,-1,-1,-1
41,1,133.75709533691406,293.7874755859375,7.196250915527344,4.5464887619018555,1,-1,-1,-1
61,0,508.62945556640625,255.11456298828125,12.75660514831543,8.111872673034668,1,-1,-1,-1
61,2,299.701904296875,277.4421081542969,15.113410949707031,6.917544364929199,1,-1,-1,-1
61,1,133.95643615722656,293.17230224609375,7.669347763061523,4.870860576629639,1,-1,-1,-1
81,0,508.61859130859375,256.70172119140625,11.987564086914062,7.21683406829834,1,-1,-1,-1
81,1,134.22935485839844,292.4131164550781,7.4209160804748535,4.859638214111328,1,-1,-1,-1
81,2,320.12188720703125,270.5469665527344,14.632006645202637,9.144311904907227,1,-1,-1,-1
101,0,510.1765441894531,260.85516357421875,12.303123474121094,7.10851526260376,1,-1,-1,-1
101,1,131.4689178466797,289.68072509765625,7.848287582397461,4.2776994705200195,1,-1,-1,-1
101,2,320.3482666015625,270.3919372558594,14.353572845458984,9.40920639038086,1,-1,-1,-1
121,1,114.24887084960938,274.2529602050781,7.517617225646973,4.544504165649414,1,-1,-1,-1
121,0,512.2405395507812,264.10089111328125,12.180580139160156,6.8286566734313965,1,-1,-1,-1
121,2,303.859619140625,275.2194519042969,14.657687187194824,9.709182739257812,1,-1,-1,-1
141,2,272.5567321777344,284.7243957519531,15.285991668701172,8.541738510131836,1,-1,-1,-1
141,0,514.284423828125,268.5159912109375,11.985783576965332,7.642763137817383,1,-1,-1,-1
141,1,89.97439575195312,252.55548095703125,8.53029727935791,7.167099475860596,1,-1,-1,-1
161,0,516.9000854492188,276.7625732421875,11.777253150939941,7.471428394317627,1,-1,-1,-1
161,1,84.87013244628906,244.5951690673828,7.983262538909912,5.8611226081848145,1,-1,-1,-1
161,2,243.25177001953125,293.22845458984375,15.60864543914795,7.613732814788818,1,-1,-1,-1
181,0,520.4869384765625,286.01177978515625,12.09228515625,7.250223159790039,1,-1,-1,-1
181,1,102.14554595947266,235.29632568359375,8.321372032165527,4.919581413269043,1,-1,-1,-1
181,2,224.88360595703125,298.097900390625,15.18855094909668,8.564473152160645,1,-1,-1,-1
201,0,523.2864990234375,293.3551940917969,12.164253234863281,6.862802028656006,1,-1,-1,-1
201,1,133.2877960205078,221.92990112304688,8.454607009887695,5.061182975769043,1,-1,-1,-1
201,2,195.3793182373047,305.8512878417969,15.61259651184082,9.309905052185059,1,-1,-1,-1
221,1,168.95904541015625,206.90667724609375,8.93614387512207,6.687390327453613,1,-1,-1,-1
221,0,524.1884155273438,293.28338623046875,12.331828117370605,7.135372638702393,1,-1,-1,-1
221,2,155.89340209960938,317.6170654296875,15.505677223205566,8.254920959472656,1,-1,-1,-1
241,0,524.201904296875,292.8644104003906,11.780693054199219,7.693131446838379,1,-1,-1,-1
241,2,114.2635726928711,329.5774841308594,15.407977104187012,7.5814995765686035,1,-1,-1,-1
241,1,184.462158203125,200.30332946777344,8.631893157958984,5.855376243591309,1,-1,-1,-1
261,2,78.80216979980469,339.7413024902344,14.385427474975586,7.077014446258545,1,-1,-1,-1
261,0,512.4838256835938,296.1599426269531,12.212749481201172,7.848394393920898,1,-1,-1,-1
261,1,191.14752197265625,197.2576446533203,8.194784164428711,5.319825649261475,1,-1,-1,-1
281,0,491.9183044433594,303.12969970703125,11.672018051147461,7.3686723709106445,1,-1,-1,-1
281,2,62.24269104003906,344.4851989746094,13.806519508361816,6.917722702026367,1,-1,-1,-1
281,1,211.5874481201172,190.50149536132812,8.832239151000977,4.703269958496094,1,-1,-1,-1
301,2,72.31465911865234,341.6351623535156,13.415868759155273,7.9080376625061035,1,-1,-1,-1
301,1,250.7593994140625,177.47573852539062,9.273052215576172,4.744880199432373,1,-1,-1,-1
301,0,467.0141296386719,310.632568359375,12.513267517089844,7.249361038208008,1,-1,-1,-1
321,1,305.3384094238281,159.89691162109375,9.891090393066406,5.232723236083984,1,-1,-1,-1
321,0,442.1185302734375,318.6399230957031,12.723407745361328,7.16187858581543,1,-1,-1,-1
321,2,117.38099670410156,329.2610168457031,14.79290771484375,7.177995204925537,1,-1,-1,-1
341,1,362.8665771484375,140.080810546875,8.940733909606934,7.904388904571533,1,-1,-1,-1
341,0,420.7704162597656,325.64324951171875,12.32480525970459,6.628971576690674,1,-1,-1,-1
341,2,192.98928833007812,305.3746337890625,16.136884689331055,11.834096908569336,1,-1,-1,-1
361,1,376.572998046875,135.40272521972656,8.618508338928223,6.133148193359375,1,-1,-1,-1
361,0,403.50836181640625,331.14788818359375,11.792531967163086,6.0722503662109375,1,-1,-1,-1
361,2,239.38787841796875,295.1130065917969,15.111488342285156,7.0212788581848145,1,-1,-1,-1
381,1,376.9453430175781,134.62734985351562,8.678178787231445,6.1834635734558105,1,-1,-1,-1
381,0,397.4755859375,333.35784912109375,12.169200897216797,5.878021717071533,1,-1,-1,-1
381,2,280.18609619140625,283.1074523925781,14.839335441589355,6.827979564666748,1,-1,-1,-1
401,1,364.3744201660156,138.66917419433594,8.81641674041748,6.1867265701293945,1,-1,-1,-1
401,0,397.7447509765625,333.407470703125,11.874156951904297,5.799773693084717,1,-1,-1,-1
401,2,328.86224365234375,266.95989990234375,14.025325775146484,11.172858238220215,1,-1,-1,-1
421,0,395.7143859863281,333.84661865234375,12.567152976989746,6.600502014160156,1,-1,-1,-1
421,2,340.7344970703125,263.853515625,14.430500030517578,9.688729286193848,1,-1,-1,-1
441,1,296.6000671386719,160.23574829101562,9.107222557067871,5.879305362701416,1,-1,-1,-1
441,0,388.92364501953125,336.02099609375,12.607909202575684,6.257960796356201,1,-1,-1,-1
441,2,330.3409118652344,266.2535400390625,15.256924629211426,10.140789031982422,1,-1,-1,-1
461,1,260.0470886230469,172.6896209716797,9.247342109680176,5.6356201171875,1,-1,-1,-1
461,0,378.33197021484375,339.7052917480469,11.946711540222168,5.67137336730957,1,-1,-1,-1
461,2,296.0057678222656,275.9979248046875,16.096723556518555,9.730575561523438,1,-1,-1,-1
481,0,375.5592041015625,340.4420166015625,12.081369400024414,6.367660999298096,1,-1,-1,-1
481,1,232.5535888671875,182.04541015625,8.932389259338379,4.965743064880371,1,-1,-1,-1
481,2,245.75680541992188,290.4694519042969,16.267345428466797,9.153366088867188,1,-1,-1,-1
501,0,368.94976806640625,342.0312194824219,12.471013069152832,6.420531749725342,1,-1,-1,-1
501,2,196.9982147216797,304.46466064453125,16.22270393371582,8.59294605255127,1,-1,-1,-1
501,1,227.1324462890625,184.8147735595703,8.824077606201172,5.37795877456665,1,-1,-1,-1
521,0,356.25872802734375,345.8420715332031,12.28843879699707,6.453917026519775,1,-1,-1,-1
521,2,152.276123046875,317.602783203125,14.410091400146484,7.647302627563477,1,-1,-1,-1
521,1,227.2557830810547,185.7876739501953,8.880668640136719,5.297867774963379,1,-1,-1,-1
541,0,343.9214782714844,349.8119812011719,12.342641830444336,5.693536758422852,1,-1,-1,-1
541,2,133.5784454345703,326.7245788574219,14.576322555541992,6.788115978240967,1,-1,-1,-1
541,1,227.5700225830078,186.06210327148438,9.059427261352539,5.1786956787109375,1,-1,-1,-1
561,0,339.0816955566406,351.1116638183594,12.050039291381836,5.990625381469727,1,-1,-1,-1
561,2,133.8524932861328,335.8484191894531,14.507161140441895,7.474904537200928,1,-1,-1,-1
561,1,227.448486328125,185.37689208984375,8.96873664855957,4.607642650604248,1,-1,-1,-1
581,0,337.60546875,351.5473937988281,11.921347618103027,5.905724048614502,1,-1,-1,-1
581,2,135.31533813476562,332.0294189453125,13.90398120880127,7.757359504699707,1,-1,-1,-1
581,1,222.3934783935547,177.4833984375,8.658802032470703,4.807188987731934,1,-1,-1,-1
601,1,208.30596923828125,157.50880432128906,10.001592636108398,7.1768412590026855,1,-1,-1,-1
601,0,340.6279296875,353.3966369628906,12.875471115112305,7.654921054840088,1,-1,-1,-1
601,2,135.38845825195312,325.2318420410156,14.382542610168457,7.815371036529541,1,-1,-1,-1
621,1,203.6063995361328,154.4232177734375,9.361419677734375,6.693841934204102,1,-1,-1,-1
621,0,355.39447021484375,366.5069274902344,11.68769359588623,6.2677154541015625,1,-1,-1,-1
621,2,135.8911895751953,325.37200927734375,14.34404182434082,7.436151504516602,1,-1,-1,-1
641,0,370.3896484375,380.752197265625,11.4525785446167,5.613537311553955,1,-1,-1,-1
641,1,203.880859375,184.97930908203125,9.290249824523926,6.648590564727783,1,-1,-1,-1
641,2,149.323974609375,322.3674621582031,14.179706573486328,6.574270248413086,1,-1,-1,-1
661,0,382.78759765625,392.5137023925781,10.587244033813477,5.277643203735352,1,-1,-1,-1
661,2,183.78746032714844,313.0153503417969,14.468524932861328,6.236870288848877,1,-1,-1,-1
661,1,205.58914184570312,221.27963256835938,9.854875564575195,5.6747846603393555,1,-1,-1,-1
681,0,393.50390625,402.70562744140625,10.115469932556152,5.077188968658447,1,-1,-1,-1
681,1,207.63168334960938,225.67373657226562,9.347253799438477,5.159132957458496,1,-1,-1,-1
681,2,241.294921875,296.7240295410156,15.037206649780273,6.444780349731445,1,-1,-1,-1
701,1,229.86412048339844,217.3898162841797,9.487974166870117,5.241064548492432,1,-1,-1,-1
701,0,401.0319519042969,409.1273193359375,9.655414581298828,4.433172702789307,1,-1,-1,-1
701,2,313.32073974609375,273.8860168457031,15.292850494384766,10.655437469482422,1,-1,-1,-1
721,0,403.8504333496094,410.392822265625,9.958242416381836,5.0403151512146,1,-1,-1,-1
721,2,352.54083251953125,262.89654541015625,14.414169311523438,9.890738487243652,1,-1,-1,-1
721,1,286.77178955078125,197.1486053466797,10.976511001586914,6.8031182289123535,1,-1,-1,-1
741,0,410.2252197265625,414.6540832519531,9.716642379760742,5.229290962219238,1,-1,-1,-1
741,2,355.08551025390625,262.39654541015625,14.14228343963623,10.68984603881836,1,-1,-1,-1
741,1,319.8055114746094,185.808349609375,9.209939956665039,6.774287700653076,1,-1,-1,-1
761,0,419.60595703125,423.090087890625,9.769112586975098,5.193615436553955,1,-1,-1,-1
761,2,324.39532470703125,271.31201171875,15.375391006469727,10.250213623046875,1,-1,-1,-1
761,1,322.81634521484375,183.5543670654297,9.78970718383789,5.928825378417969,1,-1,-1,-1
781,2,272.30609130859375,287.4734802246094,15.641620635986328,8.697151184082031,1,-1,-1,-1
781,0,430.5509948730469,431.9678649902344,8.599530220031738,3.692014694213867,1,-1,-1,-1
781,1,320.68023681640625,183.31922912597656,9.563969612121582,6.295772552490234,1,-1,-1,-1
801,0,452.04638671875,432.957763671875,8.981496810913086,5.172197341918945,1,-1,-1,-1
801,1,318.30291748046875,184.43850708007812,9.408248901367188,5.732141971588135,1,-1,-1,-1
801,2,229.85252380371094,300.4439392089844,14.844160079956055,6.710655689239502,1,-1,-1,-1
821,2,213.72943115234375,304.2524108886719,14.908896446228027,8.537871360778809,1,-1,-1,-1
821,0,460.28314208984375,433.4501037597656,8.50967788696289,4.402751922607422,1,-1,-1,-1
821,1,318.4743957519531,184.23143005371094,9.792217254638672,5.818055629730225,1,-1,-1,-1
841,2,191.77610778808594,310.1976318359375,15.175413131713867,8.42614459991455,1,-1,-1,-1
841,0,460.042724609375,430.3361511230469,8.680575370788574,4.659567832946777,1,-1,-1,-1
841,1,320.4996337890625,183.33543395996094,9.112147331237793,6.08737850189209,1,-1,-1,-1
861,0,456.958251953125,426.95745849609375,8.87725830078125,4.210895538330078,1,-1,-1,-1
861,2,159.63919067382812,319.08880615234375,14.99367618560791,8.606016159057617,1,-1,-1,-1
861,1,320.59698486328125,182.94378662109375,9.449583053588867,6.426774978637695,1,-1,-1,-1
881,2,123.88237762451172,329.7548522949219,15.030572891235352,7.6502366065979,1,-1,-1,-1
881,3,105.24655151367188,503.7208557128906,7.242584228515625,3.3760974407196045,1,-1,-1,-1
881,1,298.4341735839844,188.82827758789062,9.438353538513184,7.93404483795166,1,-1,-1,-1
881,0,453.29083251953125,413.41387939453125,8.348745346069336,5.067538261413574,1,-1,-1,-1
901,1,239.1399383544922,206.93280029296875,10.790367126464844,7.60975980758667,1,-1,-1,-1
901,2,90.41618347167969,338.37493896484375,15.132930755615234,8.446247100830078,1,-1,-1,-1
901,0,452.30010986328125,404.053466796875,8.342459678649902,4.440796375274658,1,-1,-1,-1
921,1,160.72836303710938,232.15525817871094,11.28933048248291,6.503121376037598,1,-1,-1,-1
921,2,57.11235427856445,348.3122863769531,13.422771453857422,7.324485778808594,1,-1,-1,-1
921,0,453.4705810546875,401.2269287109375,8.074532508850098,4.30792760848999,1,-1,-1,-1
941,2,45.71337890625,351.7056579589844,14.261749267578125,6.951536178588867,1,-1,-1,-1
941,1,108.30028533935547,249.85252380371094,9.651956558227539,5.518063545227051,1,-1,-1,-1
941,0,453.5902404785156,395.6959228515625,7.930852890014648,4.1650285720825195,1,-1,-1,-1
961,2,56.254188537597656,349.0096435546875,14.152020454406738,7.099339485168457,1,-1,-1,-1
961,1,98.665283203125,253.19561767578125,9.402984619140625,6.284621238708496,1,-1,-1,-1
961,0,453.42022705078125,392.37139892578125,8.299870491027832,4.387667179107666,1,-1,-1,-1
981,2,89.25953674316406,340.267578125,14.114553451538086,7.166163444519043,1,-1,-1,-1
981,1,97.60718536376953,254.53427124023438,9.288207054138184,6.016602993011475,1,-1,-1,-1
981,0,458.1142578125,391.9484558105469,8.401076316833496,4.043826580047607,1,-1,-1,-1
1001,1,97.62257385253906,255.0240478515625,9.766700744628906,5.7832112312316895,1,-1,-1,-1
1001,2,135.8004913330078,327.35491943359375,14.938983917236328,6.290085315704346,1,-1,-1,-1
1001,0,481.15570068359375,386.4219055175781,9.082554817199707,4.000911235809326,1,-1,-1,-1
1021,0,518.6655883789062,375.8607177734375,9.206836700439453,4.219259738922119,1,-1,-1,-1
1021,1,98.44417572021484,255.07627868652344,10.108739852905273,5.913490295410156,1,-1,-1,-1
1021,2,203.73483276367188,307.6478576660156,15.85670280456543,7.186447620391846,1,-1,-1,-1
1041,0,563.5443725585938,361.7305908203125,9.38428020477295,5.52684211730957,1,-1,-1,-1
1041,1,99.8973159790039,254.45986938476562,9.472147941589355,6.080191612243652,1,-1,-1,-1
1041,2,256.28369140625,292.0155029296875,15.053001403808594,9.159514427185059,1,-1,-1,-1
1061,2,270.0607604980469,287.75146484375,14.659086227416992,9.731593132019043,1,-1,-1,-1
1061,0,588.23095703125,353.43731689453125,8.119117736816406,5.967249393463135,1,-1,-1,-1
1061,1,102.68909454345703,253.2936248779297,9.489553451538086,5.834925651550293,1,-1,-1,-1
1081,1,126.36967468261719,245.6433868408203,9.667572021484375,5.574490547180176,1,-1,-1,-1
1081,2,256.3919372558594,291.45965576171875,15.023763656616211,10.274211883544922,1,-1,-1,-1
1081,0,587.388671875,344.6467590332031,8.257489204406738,4.882261753082275,1,-1,-1,-1
1101,0,582.7317504882812,339.8592834472656,7.801937103271484,4.833010196685791,1,-1,-1,-1
1101,1,163.46380615234375,232.609375,10.471778869628906,5.997678279876709,1,-1,-1,-1
1101,2,214.7491455078125,303.4400634765625,15.765676498413086,9.847535133361816,1,-1,-1,-1
1121,0,577.7373657226562,339.1475524902344,7.794652938842773,4.6776204109191895,1,-1,-1,-1
1121,1,183.36717224121094,225.33152770996094,9.545083999633789,6.194869041442871,1,-1,-1,-1
1121,2,159.70262145996094,319.1584167480469,15.87104320526123,8.832630157470703,1,-1,-1,-1
1141,0,572.8421020507812,330.5279541015625,8.665183067321777,4.523461818695068,1,-1,-1,-1
1141,1,185.06265258789062,224.66038513183594,9.424280166625977,5.6982340812683105,1,-1,-1,-1
1141,2,102.96863555908203,334.9901428222656,15.494897842407227,7.984777927398682,1,-1,-1,-1
1161,2,56.11993408203125,348.2182312011719,13.770464897155762,8.131852149963379,1,-1,-1,-1
1161,0,568.325927734375,312.6798400878906,8.433868408203125,4.690618515014648,1,-1,-1,-1
1161,1,184.01531982421875,224.78297424316406,9.396125793457031,5.502974033355713,1,-1,-1,-1
1181,2,41.486061096191406,352.85382080078125,13.880091667175293,6.618991851806641,1,-1,-1,-1
1181,0,561.1124267578125,285.4465637207031,9.15218734741211,6.331015586853027,1,-1,-1,-1
1181,1,182.05108642578125,225.27296447753906,9.073699951171875,5.551602840423584,1,-1,-1,-1
1201,2,43.98117446899414,352.0896301269531,13.453767776489258,6.627293109893799,1,-1,-1,-1
1201,0,549.8016967773438,250.47280883789062,10.093673706054688,6.838215351104736,1,-1,-1,-1
1201,1,183.54078674316406,225.1239471435547,8.790704727172852,4.942404747009277,1,-1,-1,-1
1221,2,67.62178039550781,345.1427917480469,13.726566314697266,7.514454364776611,1,-1,-1,-1
1221,0,536.575439453125,206.23245239257812,11.52322769165039,8.415169715881348,1,-1,-1,-1
1221,1,206.4427947998047,217.5230712890625,9.010293960571289,4.7053303718566895,1,-1,-1,-1
1241,1,249.83482360839844,201.0352325439453,9.729202270507812,8.114435195922852,1,-1,-1,-1
1241,2,119.81153869628906,329.9258728027344,14.734335899353027,7.017119884490967,1,-1,-1,-1
1241,0,519.8233642578125,156.51449584960938,13.063844680786133,10.18871784210205,1,-1,-1,-1
1261,1,262.7326965332031,197.0810089111328,9.295337677001953,6.38187837600708,1,-1,-1,-1
1261,0,501.598388671875,104.9865493774414,14.84323501586914,11.244218826293945,1,-1,-1,-1
1261,2,199.740478515625,306.8061828613281,15.610692977905273,7.43801736831665,1,-1,-1,-1
1281,1,259.714599609375,197.3856658935547,9.61642837524414,8.190409660339355,1,-1,-1,-1
1281,2,268.19012451171875,286.09375,13.938896179199219,11.442767143249512,1,-1,-1,-1
1281,0,488.29443359375,67.9863510131836,16.096092224121094,12.693432807922363,1,-1,-1,-1
1301,2,284.3329162597656,281.31793212890625,15.08892822265625,9.85904598236084,1,-1,-1,-1
1301,0,485.00177001953125,63.48316955566406,16.00838851928711,11.776749610900879,1,-1,-1,-1
1301,1,222.56948852539062,210.66722106933594,10.46188735961914,6.812265872955322,1,-1,-1,-1
1321,2,274.02459716796875,284.14630126953125,14.811930656433105,10.158466339111328,1,-1,-1,-1
1321,1,179.1243133544922,226.31927490234375,10.239139556884766,5.591092586517334,1,-1,-1,-1
1321,0,466.6908264160156,69.53681182861328,15.66378402709961,12.66826057434082,1,-1,-1,-1
1341,0,411.78643798828125,87.96531677246094,17.0604305267334,11.413147926330566,1,-1,-1,-1
1341,1,158.2602081298828,233.7227783203125,9.753070831298828,5.4016947746276855,1,-1,-1,-1
1341,2,237.0697021484375,294.49383544921875,16.405532836914062,9.68505859375,1,-1,-1,-1
1361,0,358.63604736328125,106.36209106445312,15.64872932434082,8.551568984985352,1,-1,-1,-1
1361,1,156.2391357421875,235.2433624267578,9.09278678894043,5.910848140716553,1,-1,-1,-1
1361,2,183.1382598876953,309.5740966796875,16.654747009277344,8.620270729064941,1,-1,-1,-1
1381,0,341.90814208984375,118.6590347290039,15.982209205627441,9.694112777709961,1,-1,-1,-1
1381,1,155.79051208496094,236.49893188476562,9.132862091064453,5.795032024383545,1,-1,-1,-1
1381,2,131.2332763671875,324.4692077636719,13.784536361694336,8.266873359680176,1,-1,-1,-1
1401,0,344.9366760253906,148.3665771484375,16.489492416381836,9.960548400878906,1,-1,-1,-1
1401,1,154.72207641601562,237.46603393554688,9.497665405273438,6.033029556274414,1,-1,-1,-1
1401,2,114.5587158203125,329.960205078125,14.110020637512207,7.351891040802002,1,-1,-1,-1
1421,1,154.72129821777344,238.6478729248047,9.772466659545898,6.377687454223633,1,-1,-1,-1
1421,2,113.53762817382812,330.0498962402344,14.305424690246582,8.176569938659668,1,-1,-1,-1
1421,0,348.99700927734375,167.1437530517578,16.910608291625977,10.332873344421387,1,-1,-1,-1
1441,1,155.57154846191406,240.21994018554688,9.000386238098145,5.2664794921875,1,-1,-1,-1
1441,2,108.31157684326172,331.96783447265625,14.459508895874023,7.352969169616699,1,-1,-1,-1
1441,0,354.896484375,190.29727172851562,16.871368408203125,10.264174461364746,1,-1,-1,-1
1461,0,361.09552001953125,207.63389587402344,17.019315719604492,10.541051864624023,1,-1,-1,-1
1461,1,168.03834533691406,237.65394592285156,9.086603164672852,5.207580089569092,1,-1,-1,-1
1461,2,108.705322265625,332.1009826660156,14.074808120727539,6.9969940185546875,1,-1,-1,-1
1481,0,364.36480712890625,213.8917999267578,17.312843322753906,9.967023849487305,1,-1,-1,-1
1481,2,128.64312744140625,326.1725158691406,14.423914909362793,6.983314514160156,1,-1,-1,-1
1481,1,206.02423095703125,226.0863494873047,9.975257873535156,4.95509672164917,1,-1,-1,-1
1501,1,262.0425109863281,207.63815307617188,10.202489852905273,7.01761531829834,1,-1,-1,-1
1501,2,173.8316650390625,313.29449462890625,15.408750534057617,6.320275783538818,1,-1,-1,-1
1501,0,362.46954345703125,214.48245239257812,16.913055419921875,9.708439826965332,1,-1,-1,-1
1521,0,367.35943603515625,239.29275512695312,17.233179092407227,10.043961524963379,1,-1,-1,-1
1521,1,285.5399169921875,200.18727111816406,10.11624813079834,6.31146240234375,1,-1,-1,-1
1521,2,229.69650268554688,295.2031555175781,14.548574447631836,10.717986106872559,1,-1,-1,-1
1541,0,360.4789733886719,245.3976593017578,17.011825561523438,10.999836921691895,1,-1,-1,-1
1541,1,287.17718505859375,199.9239501953125,9.343969345092773,5.010085105895996,1,-1,-1,-1
1541,2,252.9580078125,289.2341003417969,15.724565505981445,7.477788925170898,1,-1,-1,-1
1561,2,269.80755615234375,283.1778869628906,14.760074615478516,9.055695533752441,1,-1,-1,-1
1561,0,337.8478698730469,253.6324462890625,17.327163696289062,8.45091438293457,1,-1,-1,-1
1561,1,280.0635070800781,192.57693481445312,9.56719970703125,5.5401506423950195,1,-1,-1,-1
1581,2,265.9158935546875,284.04010009765625,15.44360637664795,9.219447135925293,1,-1,-1,-1
1581,1,263.4186706542969,173.75039672851562,10.19736385345459,5.757481098175049,1,-1,-1,-1
1581,0,335.8535461425781,259.71490478515625,17.512039184570312,12.072901725769043,1,-1,-1,-1
1601,1,248.9915313720703,156.1916046142578,10.907367706298828,7.377525329589844,1,-1,-1,-1
1601,0,355.3692626953125,287.7385559082031,16.80852508544922,11.08572006225586,1,-1,-1,-1
1601,2,243.727294921875,290.25140380859375,15.8564453125,9.27628231048584,1,-1,-1,-1
1621,0,383.089111328125,322.1539306640625,14.783880233764648,9.693330764770508,1,-1,-1,-1
1621,1,246.05526733398438,155.3777313232422,10.499133110046387,6.736429691314697,1,-1,-1,-1
1621,2,208.20884704589844,300.302978515625,16.293004989624023,9.127860069274902,1,-1,-1,-1
1641,2,167.07098388671875,313.0721740722656,15.482219696044922,7.024466514587402,1,-1,-1,-1
1641,1,246.74420166015625,159.63926696777344,10.161195755004883,6.737339019775391,1,-1,-1,-1
1641,0,410.16241455078125,356.7975769042969,12.579008102416992,7.212441921234131,1,-1,-1,-1
1661,1,252.6748504638672,170.72967529296875,10.542267799377441,7.376297950744629,1,-1,-1,-1
1661,0,431.88134765625,383.4251708984375,11.171247482299805,6.00820779800415,1,-1,-1,-1
1661,2,146.6348419189453,318.85675048828125,14.473132133483887,7.1588592529296875,1,-1,-1,-1
1681,1,267.3048095703125,191.46334838867188,9.684576034545898,7.550866603851318,1,-1,-1,-1
1681,2,147.64974975585938,319.25732421875,14.48514461517334,7.135499954223633,1,-1,-1,-1
1681,0,448.0003662109375,403.1944274902344,10.701200485229492,5.65900993347168,1,-1,-1,-1
1701,1,286.03125,219.41940307617188,8.613323211669922,4.456635475158691,1,-1,-1,-1
1701,2,178.08218383789062,310.4136962890625,14.286487579345703,7.710240840911865,1,-1,-1,-1
1701,0,458.48675537109375,416.0324401855469,10.397476196289062,4.622325897216797,1,-1,-1,-1
1721,1,290.5874938964844,229.5690460205078,8.63563346862793,5.8372015953063965,1,-1,-1,-1
1721,2,252.24266052246094,290.1546936035156,14.931639671325684,6.962825775146484,1,-1,-1,-1
1721,0,460.3076171875,416.7358703613281,10.3904447555542,4.9452924728393555,1,-1,-1,-1
1741,1,278.54425048828125,237.49356079101562,9.167509078979492,5.360220432281494,1,-1,-1,-1
1741,2,344.4483642578125,260.4241638183594,13.694872856140137,13.479109764099121,1,-1,-1,-1
1741,0,460.85369873046875,416.2160339355469,10.514739990234375,4.479618072509766,1,-1,-1,-1
1761,2,377.33355712890625,251.88491821289062,14.699989318847656,10.639208793640137,1,-1,-1,-1
1761,1,268.5967712402344,242.6520538330078,9.005931854248047,5.054449558258057,1,-1,-1,-1
1761,0,464.28106689453125,413.5108947753906,10.342733383178711,5.082889556884766,1,-1,-1,-1
1781,2,382.8046875,250.17091369628906,14.933069229125977,10.059476852416992,1,-1,-1,-1
1781,1,268.3090515136719,242.5757293701172,8.814173698425293,5.299047946929932,1,-1,-1,-1
1781,0,470.4211120605469,411.18841552734375,10.414545059204102,4.311222076416016,1,-1,-1,-1
1801,0,489.4173889160156,404.40338134765625,10.786149978637695,4.698399543762207,1,-1,-1,-1
1801,2,369.9513244628906,254.40489196777344,15.127721786499023,9.619779586791992,1,-1,-1,-1
1801,1,268.9417724609375,241.5899658203125,9.135099411010742,5.127865791320801,1,-1,-1,-1
1821,0,519.3642578125,394.8848876953125,11.092219352722168,4.494604110717773,1,-1,-1,-1
1821,1,268.49993896484375,241.72744750976562,9.244322776794434,4.642841339111328,1,-1,-1,-1
1821,2,341.78009033203125,262.4695739746094,15.398726463317871,9.574621200561523,1,-1,-1,-1
1841,1,285.0706787109375,236.92315673828125,8.917081832885742,4.435986042022705,1,-1,-1,-1
1841,0,553.7463989257812,383.413330078125,10.641149520874023,5.23765230178833,1,-1,-1,-1
1841,2,299.6831970214844,274.03271484375,15.975390434265137,8.776379585266113,1,-1,-1,-1
1861,1,328.54595947265625,223.023193359375,9.8881196975708,5.094221591949463,1,-1,-1,-1
1861,0,573.3112182617188,375.7556457519531,10.131631851196289,6.431954383850098,1,-1,-1,-1
1861,2,251.67950439453125,287.7665100097656,16.53215789794922,8.714089393615723,1,-1,-1,-1
1881,0,575.808837890625,374.4611511230469,8.96046257019043,5.554248332977295,1,-1,-1,-1
1881,2,203.37570190429688,301.3923034667969,16.480697631835938,8.478315353393555,1,-1,-1,-1
1881,1,377.68011474609375,207.9364776611328,9.94393253326416,5.3926682472229,1,-1,-1,-1
1901,2,166.15200805664062,313.0603942871094,14.294364929199219,6.712389945983887,1,-1,-1,-1
1901,0,574.7227783203125,370.52789306640625,9.999578475952148,4.802733898162842,1,-1,-1,-1
1901,1,419.69720458984375,194.4398651123047,8.729048728942871,8.032562255859375,1,-1,-1,-1
1921,0,573.0521240234375,361.1852722167969,10.175872802734375,5.618749618530273,1,-1,-1,-1
1921,1,428.0223083496094,192.17750549316406,8.558831214904785,5.933079242706299,1,-1,-1,-1
1921,2,153.8743896484375,316.4321594238281,14.669803619384766,7.277153015136719,1,-1,-1,-1
1941,0,570.0164184570312,349.0309143066406,10.71920394897461,6.060622215270996,1,-1,-1,-1
1941,1,425.98590087890625,192.42434692382812,9.924543380737305,5.893461227416992,1,-1,-1,-1
1941,2,150.8218994140625,317.7107238769531,14.314523696899414,6.70156717300415,1,-1,-1,-1
1961,2,167.31605529785156,313.06781005859375,14.800613403320312,6.206558704376221,1,-1,-1,-1
1961,0,565.5120239257812,333.7363586425781,11.337055206298828,6.91856575012207,1,-1,-1,-1
1961,1,425.4913635253906,192.52687072753906,9.21568489074707,5.668064117431641,1,-1,-1,-1
1981,0,559.4293823242188,318.6118469238281,11.962924003601074,7.02146053314209,1,-1,-1,-1
1981,1,425.533935546875,191.9462127685547,9.034021377563477,6.549208164215088,1,-1,-1,-1
1981,2,197.42552185058594,302.4172668457031,15.047584533691406,9.948844909667969,1,-1,-1,-1
2001,0,554.8853149414062,303.14410400390625,12.54865837097168,8.114545822143555,1,-1,-1,-1
2001,2,200.90130615234375,288.3845520019531,14.360527038574219,7.894798278808594,1,-1,-1,-1
2001,1,404.45733642578125,197.65325927734375,9.339070320129395,7.643258571624756,1,-1,-1,-1
2021,0,550.1156616210938,288.3818664550781,13.373579978942871,8.54676342010498,1,-1,-1,-1
2021,1,351.0639953613281,214.053466796875,9.901826858520508,5.770656108856201,1,-1,-1,-1
2021,2,199.10836791992188,288.4563293457031,14.461587905883789,7.947882175445557,1,-1,-1,-1
2041,1,298.6065979003906,229.02090454101562,9.844234466552734,6.006059169769287,1,-1,-1,-1
2041,0,546.3283081054688,273.57666015625,14.09427261352539,9.31142520904541,1,-1,-1,-1
2041,2,199.7212371826172,304.7734680175781,14.954059600830078,8.396403312683105,1,-1,-1,-1
2061,0,543.1133422851562,258.2578125,14.28747272491455,9.571305274963379,1,-1,-1,-1
2061,1,250.21546936035156,242.89865112304688,10.414027214050293,5.632644176483154,1,-1,-1,-1
2061,2,201.5916748046875,326.5660400390625,14.836665153503418,8.014656066894531,1,-1,-1,-1
2081,0,539.18603515625,242.7299346923828,15.350570678710938,10.449101448059082,1,-1,-1,-1
2081,2,203.01217651367188,342.6200866699219,15.24441909790039,7.407092571258545,1,-1,-1,-1
2081,1,208.6878204345703,255.45394897460938,9.659112930297852,5.070075035095215,1,-1,-1,-1
2101,0,536.5786743164062,234.44161987304688,15.51384449005127,12.527469635009766,1,-1,-1,-1
2101,2,199.97500610351562,342.16424560546875,14.929161071777344,9.374201774597168,1,-1,-1,-1
2101,1,173.8387451171875,265.574951171875,9.274564743041992,5.096580982208252,1,-1,-1,-1
2121,1,142.8692626953125,274.4881896972656,9.454452514648438,5.759632110595703,1,-1,-1,-1
2121,0,514.8106689453125,241.81744384765625,16.506832122802734,10.734919548034668,1,-1,-1,-1
2121,2,178.2044677734375,347.4046936035156,15.699365615844727,9.43211555480957,1,-1,-1,-1
2141,0,483.5625,250.10406494140625,16.203184127807617,10.259369850158691,1,-1,-1,-1
2141,2,137.54266357421875,359.5510559082031,15.676230430603027,6.8978071212768555,1,-1,-1,-1
2141,1,114.89663696289062,283.268798828125,8.417277336120605,5.167848587036133,1,-1,-1,-1
2161,0,449.3309326171875,260.6236267089844,16.494070053100586,9.942561149597168,1,-1,-1,-1
2161,1,108.18006896972656,284.9122314453125,8.482834815979004,5.3710713386535645,1,-1,-1,-1
2161,2,112.37338256835938,366.1455078125,15.0252103805542,7.0083465576171875,1,-1,-1,-1
2181,0,412.79217529296875,272.26324462890625,15.893296241760254,9.492450714111328,1,-1,-1,-1
2181,1,124.94650268554688,278.9939880371094,8.802702903747559,5.2405476570129395,1,-1,-1,-1
2181,2,111.73416900634766,367.10931396484375,15.202373504638672,7.292497158050537,1,-1,-1,-1
