1,0,273.4296569824219,423.9230041503906,7.032864093780518,3.85650372505188,1,-1,-1,-1
1,1,287.89251708984375,346.9222412109375,6.804035186767578,4.1872382164001465,1,-1,-1,-1
21,0,294.8959655761719,423.3138122558594,7.09934663772583,3.9413065910339355,1,-1,-1,-1
21,1,287.21728515625,345.0550842285156,6.990968704223633,4.595535755157471,1,-1,-1,-1
41,0,340.0252685546875,422.4710693359375,8.017903327941895,3.5110089778900146,1,-1,-1,-1
41,1,286.9469909667969,335.7400207519531,7.155204772949219,4.343033790588379,1,-1,-1,-1
61,0,399.18927001953125,420.9988708496094,7.617552280426025,3.615856409072876,1,-1,-1,-1
61,1,287.1228332519531,325.11614990234375,6.965974807739258,4.669229507446289,1,-1,-1,-1
81,0,443.7034606933594,420.00360107421875,7.234977722167969,4.3661017417907715,1,-1,-1,-1
81,1,286.9884948730469,314.866455078125,6.892602920532227,4.402248382568359,1,-1,-1,-1
101,1,287.2374572753906,313.9076843261719,6.732297420501709,4.206576347351074,1,-1,-1,-1
101,0,451.9677734375,420.56939697265625,6.2870402336120605,4.339439392089844,1,-1,-1,-1
121,0,429.6453857421875,422.2514953613281,6.672615051269531,4.453190326690674,1,-1,-1,-1
121,1,287.0300598144531,313.8014831542969,6.5847086906433105,4.102592945098877,1,-1,-1,-1
141,0,381.6832275390625,424.7043151855469,7.29486083984375,4.266623020172119,1,-1,-1,-1
141,1,286.8692932128906,313.5944519042969,6.523946762084961,3.9999709129333496,1,-1,-1,-1
141,6,89.32220458984375,499.8789367675781,9.15022087097168,4.8787760734558105,1,-1,-1,-1
161,0,321.5824890136719,428.3343505859375,8.352285385131836,3.899580478668213,1,-1,-1,-1
161,1,286.8062744140625,313.41802978515625,6.631804466247559,4.131355285644531,1,-1,-1,-1
161,6,69.43254089355469,489.17138671875,8.39237117767334,4.682717800140381,1,-1,-1,-1
181,6,48.607574462890625,467.50665283203125,8.770730972290039,4.716875076293945,1,-1,-1,-1
181,1,286.37371826171875,313.3086853027344,6.637721538543701,4.302213668823242,1,-1,-1,-1
181,0,270.490478515625,430.7993469238281,6.736294746398926,4.156472206115723,1,-1,-1,-1
201,6,25.30856704711914,436.4060363769531,10.066783905029297,6.755841255187988,1,-1,-1,-1
201,1,286.2257080078125,313.38653564453125,6.424005031585693,4.128584861755371,1,-1,-1,-1
201,0,257.36083984375,433.65765380859375,6.705904960632324,3.744872570037842,1,-1,-1,-1
221,0,271.1324768066406,434.0400695800781,6.906571865081787,4.119919776916504,1,-1,-1,-1
221,1,278.7191162109375,313.4783020019531,7.046830177307129,4.496809959411621,1,-1,-1,-1
241,0,312.5716857910156,434.1972351074219,7.003013610839844,3.631216287612915,1,-1,-1,-1
241,6,38.630863189697266,402.30609130859375,10.428863525390625,6.85184383392334,1,-1,-1,-1
241,1,259.4600830078125,314.07635498046875,7.256245136260986,4.443530559539795,1,-1,-1,-1
261,1,228.7502899169922,315.23516845703125,7.422199726104736,4.730678081512451,1,-1,-1,-1
261,0,345.4901123046875,434.0177917480469,6.447771072387695,3.7385799884796143,1,-1,-1,-1
261,6,102.70780944824219,399.616455078125,11.65597152709961,4.729902744293213,1,-1,-1,-1
281,0,355.595458984375,430.3078918457031,6.2873430252075195,3.271789073944092,1,-1,-1,-1
281,1,194.40353393554688,316.0772705078125,6.733551979064941,5.227810859680176,1,-1,-1,-1
281,6,147.57479858398438,398.25433349609375,10.147109985351562,5.671200275421143,1,-1,-1,-1
301,1,179.0941162109375,317.06768798828125,6.486640453338623,5.124751091003418,1,-1,-1,-1
301,0,363.28857421875,419.9477844238281,6.7777323722839355,4.610753059387207,1,-1,-1,-1
301,6,165.02122497558594,399.4932861328125,9.491033554077148,5.843674182891846,1,-1,-1,-1
321,6,205.002685546875,401.1299133300781,9.662374496459961,6.058903217315674,1,-1,-1,-1
321,0,366.70294189453125,417.1737060546875,7.376846790313721,3.71652889251709,1,-1,-1,-1
321,1,183.73548889160156,316.67120361328125,6.793008327484131,5.673342704772949,1,-1,-1,-1
341,6,215.1492919921875,402.6313171386719,9.86864185333252,4.890883922576904,1,-1,-1,-1
341,0,365.9544372558594,405.8459777832031,6.749026775360107,3.685429096221924,1,-1,-1,-1
341,1,207.80264282226562,316.365478515625,7.517033576965332,5.162071228027344,1,-1,-1,-1
361,6,215.52212524414062,405.8984375,10.225567817687988,6.421197414398193,1,-1,-1,-1
361,0,363.2015686035156,395.946533203125,6.760151386260986,3.4105372428894043,1,-1,-1,-1
361,1,247.35592651367188,315.1951904296875,7.35575008392334,4.485243320465088,1,-1,-1,-1
381,1,298.3569641113281,313.707275390625,7.898879051208496,3.968845844268799,1,-1,-1,-1
381,6,215.31619262695312,426.19488525390625,9.608968734741211,5.9073028564453125,1,-1,-1,-1
381,0,355.3204040527344,396.84210205078125,6.674082279205322,4.771353721618652,1,-1,-1,-1
401,6,215.80523681640625,454.56732177734375,8.692510604858398,5.641895771026611,1,-1,-1,-1
401,1,351.9744567871094,311.52642822265625,7.52847957611084,4.116781711578369,1,-1,-1,-1
401,0,324.244873046875,398.9174499511719,6.885340690612793,3.6915199756622314,1,-1,-1,-1
421,1,388.0035095214844,309.89117431640625,7.189919948577881,4.461114406585693,1,-1,-1,-1
421,0,293.7200012207031,400.09521484375,7.129728317260742,3.9875268936157227,1,-1,-1,-1
421,6,215.3032684326172,483.8825988769531,9.062727928161621,6.189014911651611,1,-1,-1,-1
441,0,414.3584899902344,308.23394775390625,7.027127742767334,4.36264181137085,1,-1,-1,-1
441,1,288.4391174316406,393.1944274902344,6.629323482513428,3.856558084487915,1,-1,-1,-1
441,6,215.41546630859375,508.635986328125,9.613014221191406,3.640458822250366,1,-1,-1,-1
461,0,441.4248352050781,306.28741455078125,6.0596699714660645,5.377552509307861,1,-1,-1,-1
461,1,287.0724792480469,365.03546142578125,6.133934020996094,3.747018337249756,1,-1,-1,-1
481,0,453.358154296875,318.4775085449219,6.891946792602539,5.277215003967285,1,-1,-1,-1
481,1,286.7522888183594,335.5534362792969,6.818140983581543,4.025118350982666,1,-1,-1,-1
501,1,288.49462890625,321.0629577636719,6.130146026611328,3.665160655975342,1,-1,-1,-1
501,0,457.23291015625,337.2808532714844,7.149565696716309,4.042804718017578,1,-1,-1,-1
521,1,307.1617431640625,319.7931823730469,6.539073467254639,3.6454243659973145,1,-1,-1,-1
521,0,456.90631103515625,337.8897399902344,7.08317232131958,4.366902828216553,1,-1,-1,-1
541,1,328.04144287109375,316.0941467285156,5.842554569244385,3.724625587463379,1,-1,-1,-1
541,0,460.3628234863281,351.98895263671875,6.856520652770996,4.880928993225098,1,-1,-1,-1
561,0,463.2000427246094,365.50616455078125,6.827146530151367,4.635624885559082,1,-1,-1,-1
561,1,327.9703369140625,300.0547790527344,5.987820148468018,3.457612991333008,1,-1,-1,-1
581,1,329.9681396484375,293.0249328613281,6.092350006103516,3.23354434967041,1,-1,-1,-1
581,0,457.1929626464844,365.546142578125,6.522994518280029,4.952771186828613,1,-1,-1,-1
601,0,436.2736511230469,367.54388427734375,6.749869346618652,4.3900556564331055,1,-1,-1,-1
601,13,95.75752258300781,483.3811340332031,7.854844093322754,4.747236251831055,1,-1,-1,-1
601,1,332.73333740234375,278.97064208984375,6.635604381561279,4.498493194580078,1,-1,-1,-1
621,0,401.97113037109375,369.2729797363281,7.508886337280273,4.378156661987305,1,-1,-1,-1
621,13,83.64178466796875,452.90155029296875,9.38533878326416,6.8999199867248535,1,-1,-1,-1
621,1,333.369384765625,280.4453430175781,6.74467134475708,4.533051490783691,1,-1,-1,-1
641,13,79.25531005859375,439.126708984375,9.332271575927734,5.073765277862549,1,-1,-1,-1
641,0,358.5047912597656,371.4337463378906,7.811825275421143,4.534904956817627,1,-1,-1,-1
641,1,331.342529296875,295.76092529296875,6.233010768890381,4.249321460723877,1,-1,-1,-1
661,13,70.42717742919922,429.23236083984375,9.074498176574707,5.215803623199463,1,-1,-1,-1
661,1,328.1808166503906,307.5646667480469,5.492773056030273,3.011326789855957,1,-1,-1,-1
661,0,309.8738708496094,373.75115966796875,7.930663108825684,4.620967864990234,1,-1,-1,-1
681,13,54.0244255065918,408.9840087890625,10.343160629272461,6.764989852905273,1,-1,-1,-1
681,1,326.2185974121094,293.6376647949219,5.6768059730529785,3.7169742584228516,1,-1,-1,-1
681,0,259.7620849609375,376.4147033691406,8.339316368103027,4.270936489105225,1,-1,-1,-1
701,0,234.19686889648438,369.49945068359375,7.388260841369629,4.489769458770752,1,-1,-1,-1
701,13,48.40882110595703,401.7358093261719,10.464920043945312,5.978630542755127,1,-1,-1,-1
701,1,327.1884460449219,293.91754150390625,5.902983665466309,3.6509146690368652,1,-1,-1,-1
721,13,48.344974517822266,400.2765197753906,9.845229148864746,5.156369209289551,1,-1,-1,-1
721,1,329.7525634765625,312.2734375,5.851920127868652,3.436410427093506,1,-1,-1,-1
721,0,231.781494140625,333.29620361328125,6.920480251312256,5.834439277648926,1,-1,-1,-1
741,0,231.45932006835938,288.48614501953125,6.746991157531738,6.000013828277588,1,-1,-1,-1
741,13,42.96687316894531,382.0016784667969,9.401403427124023,6.414597034454346,1,-1,-1,-1
741,1,326.215087890625,326.1895751953125,5.98239803314209,4.08399772644043,1,-1,-1,-1
761,1,300.6637878417969,333.9501647949219,6.487495422363281,3.78643798828125,1,-1,-1,-1
761,13,59.922035217285156,361.7664489746094,10.275813102722168,6.781542778015137,1,-1,-1,-1
761,0,233.1512451171875,261.42010498046875,6.032992362976074,5.419804573059082,1,-1,-1,-1
781,0,248.4454345703125,258.2530822753906,6.305369853973389,4.996472358703613,1,-1,-1,-1
781,1,269.34405517578125,346.3249206542969,6.48682165145874,4.350078105926514,1,-1,-1,-1
781,13,123.44974517822266,345.8896179199219,12.48366928100586,6.505767345428467,1,-1,-1,-1
801,0,290.9463195800781,257.2663879394531,7.117480754852295,4.544342994689941,1,-1,-1,-1
801,13,212.60313415527344,330.40716552734375,13.03132438659668,5.421177864074707,1,-1,-1,-1
801,1,246.720703125,367.72882080078125,6.030271530151367,3.4815595149993896,1,-1,-1,-1
821,0,352.2488098144531,254.49774169921875,6.956337928771973,4.8206939697265625,1,-1,-1,-1
821,1,242.4738311767578,379.4809265136719,6.4255218505859375,4.251415729522705,1,-1,-1,-1
821,13,266.9085693359375,317.34637451171875,11.157856941223145,7.724786281585693,1,-1,-1,-1
841,0,386.02154541015625,252.74009704589844,6.32396125793457,5.455501079559326,1,-1,-1,-1
841,1,263.6865539550781,388.5626525878906,6.354461193084717,4.028230667114258,1,-1,-1,-1
841,13,278.05615234375,309.69000244140625,12.0350980758667,7.2809576988220215,1,-1,-1,-1
861,1,297.27178955078125,395.1038818359375,6.160229682922363,3.4171931743621826,1,-1,-1,-1
861,13,284.7293395996094,323.83184814453125,11.694427490234375,6.9798665046691895,1,-1,-1,-1
861,0,391.9668273925781,252.38250732421875,6.524109363555908,4.747743129730225,1,-1,-1,-1
881,1,316.0677185058594,398.1318054199219,5.934213638305664,3.388624906539917,1,-1,-1,-1
881,0,392.83837890625,251.49722290039062,6.308701515197754,4.384416103363037,1,-1,-1,-1
881,13,293.7015686035156,384.08349609375,10.875960350036621,6.321237564086914,1,-1,-1,-1
901,13,299.70086669921875,441.8291015625,11.753082275390625,8.334986686706543,1,-1,-1,-1
901,0,392.35626220703125,251.32058715820312,6.406253814697266,4.138802528381348,1,-1,-1,-1
901,1,319.11663818359375,398.78668212890625,5.386406898498535,3.7809433937072754,1,-1,-1,-1
921,1,318.5595703125,405.1383056640625,5.584092617034912,3.523714780807495,1,-1,-1,-1
921,13,250.2562255859375,453.6375732421875,14.76347827911377,7.703559398651123,1,-1,-1,-1
921,0,391.3858337402344,251.77845764160156,6.357390403747559,3.262765645980835,1,-1,-1,-1
941,1,317.04046630859375,414.3155822753906,5.548577308654785,3.473186731338501,1,-1,-1,-1
941,13,155.3654327392578,452.4390869140625,16.7607364654541,6.945568084716797,1,-1,-1,-1
941,0,392.15643310546875,243.04010009765625,5.963778018951416,3.659731864929199,1,-1,-1,-1
961,1,317.86248779296875,413.911865234375,5.208592891693115,3.248264789581299,1,-1,-1,-1
961,13,64.58544921875,445.62225341796875,12.841060638427734,8.813660621643066,1,-1,-1,-1
961,0,394.411376953125,222.08987426757812,6.628538131713867,4.50607967376709,1,-1,-1,-1
981,13,55.465171813964844,421.9736633300781,12.853572845458984,7.648301124572754,1,-1,-1,-1
981,1,321.00390625,403.7867431640625,5.340826988220215,3.006300687789917,1,-1,-1,-1
981,0,397.7764587402344,197.08216857910156,7.4243059158325195,6.401658058166504,1,-1,-1,-1
1001,13,64.2655258178711,375.49554443359375,12.2105131149292,6.499718189239502,1,-1,-1,-1
1001,1,325.6945495605469,395.9964904785156,6.132059574127197,3.2222907543182373,1,-1,-1,-1
1001,0,398.5954284667969,192.06472778320312,7.807719707489014,6.283369064331055,1,-1,-1,-1
1021,13,69.6354751586914,361.4609680175781,12.298345565795898,5.855762481689453,1,-1,-1,-1
1021,1,334.7262268066406,400.3499450683594,6.079372882843018,3.13927960395813,1,-1,-1,-1
1021,0,396.53704833984375,206.07765197753906,7.871327877044678,6.551731109619141,1,-1,-1,-1
1041,13,71.86920928955078,352.95159912109375,12.764448165893555,8.806529998779297,1,-1,-1,-1
1041,0,391.7393798828125,234.49427795410156,7.311868190765381,5.705578804016113,1,-1,-1,-1
1041,1,346.5972595214844,401.1884765625,6.29136323928833,3.180497884750366,1,-1,-1,-1
1061,0,385.8294372558594,271.72564697265625,6.62780237197876,5.152736663818359,1,-1,-1,-1
1061,13,79.85394287109375,374.8829650878906,12.437519073486328,8.709504127502441,1,-1,-1,-1
1061,1,360.99627685546875,396.9124450683594,7.363830089569092,3.5305964946746826,1,-1,-1,-1
1081,0,379.6209716796875,310.8038024902344,5.6166462898254395,5.022640228271484,1,-1,-1,-1
1081,1,378.0770568847656,369.3483581542969,8.363365173339844,5.900092601776123,1,-1,-1,-1
1081,13,92.6100845336914,413.60479736328125,10.885390281677246,7.590705394744873,1,-1,-1,-1
1101,0,374.060302734375,341.88916015625,6.121917724609375,3.023120641708374,1,-1,-1,-1
1101,13,105.98204803466797,454.186279296875,10.874258041381836,6.775113582611084,1,-1,-1,-1
1101,1,383.593505859375,347.35009765625,9.143892288208008,6.10623025894165,1,-1,-1,-1
1121,0,372.2919921875,356.15362548828125,5.511529445648193,3.4299075603485107,1,-1,-1,-1
1121,1,353.85736083984375,342.0849609375,8.526765823364258,5.53141975402832,1,-1,-1,-1
1121,13,118.3504867553711,487.22039794921875,9.949700355529785,5.3993940353393555,1,-1,-1,-1
1141,0,372.735595703125,365.6166076660156,5.580467224121094,3.6139259338378906,1,-1,-1,-1
1141,1,293.9924621582031,339.2566833496094,9.490979194641113,4.797260284423828,1,-1,-1,-1
1141,13,130.3654022216797,501.5871276855469,8.810384750366211,5.675801753997803,1,-1,-1,-1
1161,13,169.8185577392578,505.820556640625,10.414047241210938,5.475131511688232,1,-1,-1,-1
1161,0,373.8780212402344,378.3796081542969,5.895940780639648,4.038286209106445,1,-1,-1,-1
1161,1,266.2459716796875,339.6353454589844,9.086589813232422,5.455362319946289,1,-1,-1,-1
1181,0,375.1910095214844,389.94769287109375,6.072602272033691,3.925414562225342,1,-1,-1,-1
1181,1,258.4439392089844,351.632080078125,9.02861499786377,5.39044713973999,1,-1,-1,-1
1201,0,376.094482421875,402.6850280761719,5.752255916595459,3.423412322998047,1,-1,-1,-1
1201,1,253.97621154785156,374.0733337402344,8.52575969696045,5.577707290649414,1,-1,-1,-1
1201,13,245.3211669921875,488.4660949707031,10.038738250732422,5.581989288330078,1,-1,-1,-1
1221,1,249.3389892578125,402.58746337890625,7.978538513183594,5.115764617919922,1,-1,-1,-1
1221,0,376.92242431640625,412.9481201171875,6.042945861816406,3.3966987133026123,1,-1,-1,-1
1221,13,241.93557739257812,482.58099365234375,9.238668441772461,5.935979843139648,1,-1,-1,-1
1241,13,202.42434692382812,482.4913024902344,10.734235763549805,6.078802585601807,1,-1,-1,-1
1241,0,375.8145751953125,412.8937072753906,5.580749034881592,3.9266998767852783,1,-1,-1,-1
1241,1,245.5740509033203,431.815673828125,7.715847015380859,4.661490440368652,1,-1,-1,-1
1261,1,242.930908203125,459.4043884277344,7.295269966125488,4.7678093910217285,1,-1,-1,-1
1261,0,360.8355407714844,413.6678771972656,5.351107597351074,4.009432792663574,1,-1,-1,-1
1261,13,141.59657287597656,479.1141357421875,9.148341178894043,6.180239677429199,1,-1,-1,-1
1281,13,127.90142822265625,460.3173828125,8.896364212036133,5.665346145629883,1,-1,-1,-1
1281,0,328.9588623046875,415.3055419921875,5.770936012268066,3.4891324043273926,1,-1,-1,-1
1281,1,240.95492553710938,482.85882568359375,8.156397819519043,4.746525287628174,1,-1,-1,-1
1301,0,292.44842529296875,416.40057373046875,5.970619201660156,3.6403138637542725,1,-1,-1,-1
1301,13,130.50595092773438,421.0645446777344,8.35811710357666,4.806639671325684,1,-1,-1,-1
1321,0,277.83905029296875,418.0413818359375,6.048768997192383,3.176732301712036,1,-1,-1,-1
1321,13,135.1949005126953,405.53216552734375,7.874279499053955,4.2541327476501465,1,-1,-1,-1
1341,0,278.6097412109375,417.9790954589844,6.056670665740967,3.342905282974243,1,-1,-1,-1
1341,13,136.80555725097656,393.51068115234375,7.815892219543457,4.5037736892700195,1,-1,-1,-1
1341,1,263.15863037109375,495.91937255859375,7.730243682861328,3.9837329387664795,1,-1,-1,-1
1361,1,297.91253662109375,494.88232421875,8.416108131408691,3.970458984375,1,-1,-1,-1
1361,0,288.68878173828125,418.1327819824219,6.34652853012085,3.323289394378662,1,-1,-1,-1
1361,13,133.93466186523438,368.2666015625,8.549538612365723,4.299016952514648,1,-1,-1,-1
1381,1,327.2970275878906,493.17523193359375,6.491023063659668,4.153479099273682,1,-1,-1,-1
1381,0,307.8447570800781,417.3010559082031,6.53085994720459,3.4198596477508545,1,-1,-1,-1
1381,13,130.59625244140625,335.8427429199219,9.093666076660156,7.415635585784912,1,-1,-1,-1
1401,1,333.3402099609375,493.226318359375,6.689566612243652,3.8150906562805176,1,-1,-1,-1
1401,0,334.1394348144531,416.5168151855469,6.457024574279785,3.389796733856201,1,-1,-1,-1
1401,13,153.22195434570312,329.99420166015625,9.664796829223633,6.543035984039307,1,-1,-1,-1
1421,1,338.2507629394531,484.6408996582031,7.138006210327148,4.192183971405029,1,-1,-1,-1
1421,0,364.1694641113281,415.6694641113281,6.355565071105957,3.170088052749634,1,-1,-1,-1
1421,13,192.51654052734375,328.1124572753906,8.963825225830078,6.345175266265869,1,-1,-1,-1
1441,1,345.583251953125,469.4022216796875,7.053297996520996,3.955209493637085,1,-1,-1,-1
1441,0,391.626953125,413.5256042480469,5.761903762817383,4.529162883758545,1,-1,-1,-1
1441,13,187.69027709960938,327.6170959472656,9.56667423248291,4.07027530670166,1,-1,-1,-1
1461,13,176.4910888671875,316.8019104003906,9.28879165649414,6.289892196655273,1,-1,-1,-1
1461,1,352.9940185546875,452.48626708984375,6.496169567108154,4.9570393562316895,1,-1,-1,-1
1461,0,399.7354736328125,413.275146484375,5.531421184539795,3.7646484375,1,-1,-1,-1
1481,1,355.6263427734375,451.7982177734375,7.184578895568848,3.5793070793151855,1,-1,-1,-1
1481,0,400.3872985839844,413.3268127441406,5.579348564147949,3.431781053543091,1,-1,-1,-1
1481,13,174.0543975830078,343.91790771484375,9.577977180480957,6.424282073974609,1,-1,-1,-1
1501,1,356.2994384765625,450.61529541015625,6.626441955566406,3.5635154247283936,1,-1,-1,-1
1501,0,405.5997009277344,412.8593444824219,6.084850311279297,3.368670701980591,1,-1,-1,-1
1501,13,172.67782592773438,398.2621154785156,9.974924087524414,5.8715949058532715,1,-1,-1,-1
1521,0,423.2931213378906,411.837158203125,5.890459060668945,3.441483974456787,1,-1,-1,-1
1521,13,171.48672485351562,440.2235107421875,10.451468467712402,5.178959369659424,1,-1,-1,-1
1521,1,358.85418701171875,445.3147277832031,6.554937362670898,3.528434991836548,1,-1,-1,-1
1541,13,172.5271453857422,431.7220153808594,10.882488250732422,5.706506729125977,1,-1,-1,-1
1541,1,361.1773986816406,438.58001708984375,7.56010103225708,4.499783992767334,1,-1,-1,-1
1541,0,450.0453186035156,410.4391174316406,6.329774379730225,3.2392921447753906,1,-1,-1,-1
1561,0,361.9398498535156,438.6128845214844,7.2069091796875,3.7615654468536377,1,-1,-1,-1
1561,13,174.70314025878906,415.3941650390625,10.433576583862305,6.809744358062744,1,-1,-1,-1
1581,31,489.8826599121094,407.91748046875,6.074702739715576,4.147281646728516,1,-1,-1,-1
1581,0,365.60418701171875,429.9062194824219,7.266192436218262,3.855788469314575,1,-1,-1,-1
1581,13,178.09552001953125,428.1447448730469,10.8051118850708,6.897719383239746,1,-1,-1,-1
1601,51,493.03521728515625,407.7381591796875,6.1553497314453125,3.4822239875793457,1,-1,-1,-1
1601,0,371.8065185546875,412.9743347167969,7.510118007659912,4.150507926940918,1,-1,-1,-1
1601,13,180.66835021972656,454.4366455078125,9.778176307678223,6.366842746734619,1,-1,-1,-1
1621,70,505.56719970703125,406.58624267578125,5.6696977615356445,3.638871669769287,1,-1,-1,-1
1621,13,183.01268005371094,481.1027526855469,9.731582641601562,5.151088237762451,1,-1,-1,-1
1621,0,377.0294494628906,397.7421569824219,7.819441795349121,5.239709377288818,1,-1,-1,-1
1641,90,525.4620361328125,405.2552185058594,6.733555316925049,3.7207679748535156,1,-1,-1,-1
1641,13,197.02093505859375,490.9820251464844,9.421478271484375,5.466648578643799,1,-1,-1,-1
1641,0,378.2876281738281,394.64019775390625,7.766534805297852,4.308699607849121,1,-1,-1,-1
1661,0,367.2562255859375,394.6641845703125,7.457308769226074,5.045065402984619,1,-1,-1,-1
1661,13,244.15672302246094,494.36114501953125,11.779462814331055,5.228003025054932,1,-1,-1,-1
1681,0,322.2610168457031,395.7052001953125,8.222867965698242,4.486695766448975,1,-1,-1,-1
1701,84,529.8407592773438,403.68646240234375,6.358656406402588,4.052731513977051,1,-1,-1,-1
1701,0,253.66836547851562,395.83856201171875,9.649042129516602,3.730428457260132,1,-1,-1,-1
1721,84,505.1318664550781,405.2789611816406,6.607544422149658,4.565417289733887,1,-1,-1,-1
1721,0,210.19625854492188,394.90887451171875,7.534066200256348,4.915055751800537,1,-1,-1,-1
1721,96,249.782958984375,493.4736633300781,11.464866638183594,5.450728893280029,1,-1,-1,-1
1741,0,206.19102478027344,396.86181640625,7.608165264129639,4.253591537475586,1,-1,-1,-1
1741,96,188.96194458007812,483.90771484375,11.582733154296875,5.548603057861328,1,-1,-1,-1
1741,84,471.43267822265625,407.6969909667969,6.023675918579102,3.8093202114105225,1,-1,-1,-1
1761,96,112.37873077392578,462.1253662109375,11.487055778503418,5.953668117523193,1,-1,-1,-1
1761,0,215.83343505859375,397.1606750488281,7.771801948547363,4.145118713378906,1,-1,-1,-1
1761,84,429.485595703125,409.9910888671875,6.6311445236206055,3.891305446624756,1,-1,-1,-1
1781,84,388.237548828125,412.12213134765625,6.06874942779541,3.9442057609558105,1,-1,-1,-1
1781,0,226.5191650390625,396.33209228515625,7.668093681335449,4.212723731994629,1,-1,-1,-1
1801,96,68.97586822509766,440.2225036621094,9.526951789855957,5.769010066986084,1,-1,-1,-1
1801,0,227.99160766601562,400.2322692871094,7.958999156951904,4.82692289352417,1,-1,-1,-1
1801,84,372.90966796875,413.82659912109375,5.8852152824401855,3.4872822761535645,1,-1,-1,-1
1821,96,84.03109741210938,439.20166015625,9.099143981933594,5.275885105133057,1,-1,-1,-1
1821,84,372.55218505859375,414.0488586425781,5.6598992347717285,3.4321374893188477,1,-1,-1,-1
1821,0,228.2841796875,415.9407653808594,7.597375869750977,4.646545886993408,1,-1,-1,-1
1841,0,229.45904541015625,439.38909912109375,7.280144214630127,5.182637691497803,1,-1,-1,-1
1841,84,381.4615478515625,413.8308410644531,6.0709452629089355,3.504585027694702,1,-1,-1,-1
1841,96,86.67181396484375,425.8393249511719,9.59851360321045,5.177972316741943,1,-1,-1,-1
1861,97,230.910888671875,460.9994201660156,6.819972038269043,4.212580680847168,1,-1,-1,-1
1861,84,403.10113525390625,412.2616271972656,6.387301445007324,3.787379026412964,1,-1,-1,-1
1861,96,81.8343734741211,393.3432922363281,10.577983856201172,8.57076358795166,1,-1,-1,-1
1881,0,235.00555419921875,468.9940490722656,7.6410064697265625,4.645472526550293,1,-1,-1,-1
1881,84,436.7626647949219,410.3768310546875,6.306626319885254,3.3087236881256104,1,-1,-1,-1
1881,96,89.27099609375,377.24163818359375,9.677515983581543,7.671276569366455,1,-1,-1,-1
1901,0,260.3397216796875,469.6357727050781,7.373485565185547,4.493244647979736,1,-1,-1,-1
1901,96,143.12875366210938,372.59747314453125,11.713093757629395,5.009219169616699,1,-1,-1,-1
1901,84,472.48529052734375,408.01873779296875,6.565323829650879,3.3337979316711426,1,-1,-1,-1
1921,0,497.638671875,405.9223327636719,5.393756866455078,4.248463153839111,1,-1,-1,-1
1921,96,216.3544921875,368.6934509277344,11.481727600097656,4.8011322021484375,1,-1,-1,-1
1921,84,305.2204895019531,469.4552001953125,8.0357084274292,4.138429164886475,1,-1,-1,-1
1941,0,501.95269775390625,405.70880126953125,6.411799430847168,3.653101921081543,1,-1,-1,-1
1941,84,337.36968994140625,469.3092956542969,7.335014343261719,4.177380084991455,1,-1,-1,-1
1941,96,275.3821105957031,364.5992431640625,11.111321449279785,7.551604270935059,1,-1,-1,-1
1961,0,500.3302307128906,405.5347595214844,6.642747402191162,4.088648319244385,1,-1,-1,-1
1961,84,346.7153625488281,466.1773681640625,6.727179527282715,3.8470067977905273,1,-1,-1,-1
1961,96,282.07373046875,363.54022216796875,9.967277526855469,7.347301006317139,1,-1,-1,-1
1981,0,490.2032470703125,405.5789794921875,6.028919219970703,4.227036476135254,1,-1,-1,-1
1981,84,353.5287170410156,457.26641845703125,6.318019866943359,3.4888994693756104,1,-1,-1,-1
1981,96,235.86431884765625,362.8251953125,11.266382217407227,7.140574932098389,1,-1,-1,-1
2001,96,161.6981201171875,360.15362548828125,11.613031387329102,7.9699296951293945,1,-1,-1,-1
2001,84,360.0453186035156,445.7378845214844,7.387697219848633,4.233434200286865,1,-1,-1,-1
2001,0,470.1532287597656,406.9981689453125,6.346582412719727,4.208048343658447,1,-1,-1,-1
2021,96,133.37939453125,375.1251525878906,11.208595275878906,7.207655906677246,1,-1,-1,-1
2021,106,362.6914978027344,441.8786926269531,7.46677827835083,3.8542556762695312,1,-1,-1,-1
2021,84,449.95733642578125,408.0580139160156,6.0024333000183105,4.017383098602295,1,-1,-1,-1
2041,96,122.28118133544922,405.6476745605469,9.938610076904297,7.375805854797363,1,-1,-1,-1
2041,84,358.6438293457031,443.1742248535156,7.535095691680908,4.743129253387451,1,-1,-1,-1
2041,113,444.65594482421875,408.8166809082031,5.865035057067871,4.107173442840576,1,-1,-1,-1
2061,96,127.1246337890625,442.01751708984375,10.085723876953125,6.713982105255127,1,-1,-1,-1
2061,0,435.96978759765625,409.6472473144531,5.7950921058654785,3.9425175189971924,1,-1,-1,-1
2061,84,332.84033203125,446.19476318359375,7.10172700881958,3.525336980819702,1,-1,-1,-1
2081,84,313.88128662109375,448.1611022949219,7.327080249786377,3.745868682861328,1,-1,-1,-1
2081,0,409.7613830566406,411.49884033203125,5.95361328125,3.7447307109832764,1,-1,-1,-1
2081,96,166.16552734375,477.08349609375,9.058826446533203,5.059919357299805,1,-1,-1,-1
2101,84,313.5604248046875,449.59130859375,7.330289363861084,4.8215861320495605,1,-1,-1,-1
2101,96,216.16944885253906,496.3623962402344,9.158418655395508,4.821240425109863,1,-1,-1,-1
2101,0,373.1613464355469,413.75311279296875,6.197297096252441,3.6750333309173584,1,-1,-1,-1
2121,84,312.17132568359375,460.1454772949219,7.14374303817749,3.8209829330444336,1,-1,-1,-1
2121,0,331.6471862792969,415.8680419921875,5.820088863372803,3.3677563667297363,1,-1,-1,-1
2141,84,312.692626953125,467.16998291015625,6.420991897583008,3.698411703109741,1,-1,-1,-1
2141,0,314.6787414550781,411.0767517089844,6.198921203613281,3.278282642364502,1,-1,-1,-1
2161,84,312.82305908203125,464.6211242675781,7.399618625640869,3.8862061500549316,1,-1,-1,-1
2161,96,177.21572875976562,508.8050537109375,10.680874824523926,3.6625607013702393,1,-1,-1,-1
2161,0,313.06158447265625,396.14208984375,5.643097877502441,3.4929120540618896,1,-1,-1,-1
2181,84,313.249267578125,441.7138366699219,6.157018661499023,3.9653992652893066,1,-1,-1,-1
2181,0,312.76727294921875,380.55963134765625,5.73996639251709,3.3947296142578125,1,-1,-1,-1
2181,96,131.21556091308594,496.3174743652344,7.682492733001709,5.2273149490356445,1,-1,-1,-1
2201,96,126.13897705078125,461.73760986328125,8.17905330657959,5.053346633911133,1,-1,-1,-1
2201,84,312.8014831542969,411.9005432128906,5.955177307128906,3.4426774978637695,1,-1,-1,-1
2201,0,312.8106384277344,367.3474426269531,5.186297416687012,3.356348752975464,1,-1,-1,-1
2221,84,313.5259094238281,401.8948669433594,6.475902557373047,3.4994587898254395,1,-1,-1,-1
2221,0,312.8893737792969,365.34112548828125,5.483075141906738,3.1572072505950928,1,-1,-1,-1
2221,96,129.82180786132812,427.5691223144531,7.333610534667969,4.776398181915283,1,-1,-1,-1
2241,84,330.06805419921875,402.00933837890625,6.44366979598999,3.5586068630218506,1,-1,-1,-1
2241,0,313.7655029296875,364.25946044921875,5.14945125579834,3.152862071990967,1,-1,-1,-1
2241,96,132.11920166015625,399.83795166015625,7.460911273956299,4.612160682678223,1,-1,-1,-1
2261,0,314.9063720703125,360.15496826171875,6.183159828186035,3.220715284347534,1,-1,-1,-1
2261,84,357.0082092285156,401.956787109375,6.954458236694336,4.11791467666626,1,-1,-1,-1
2261,96,132.2440185546875,380.6920166015625,6.839195251464844,4.622347831726074,1,-1,-1,-1
2281,0,317.73089599609375,352.9314270019531,6.0076751708984375,3.3163018226623535,1,-1,-1,-1
2281,84,362.7676086425781,402.16741943359375,6.86679744720459,3.625065326690674,1,-1,-1,-1
2281,96,144.64173889160156,378.563720703125,6.95570182800293,4.665117263793945,1,-1,-1,-1
2301,84,365.0547790527344,400.3666687011719,6.678495407104492,3.2973692417144775,1,-1,-1,-1
2301,0,322.0882568359375,340.6404113769531,5.739882469177246,3.125802755355835,1,-1,-1,-1
2301,96,178.36819458007812,380.133056640625,6.993781089782715,4.4287238121032715,1,-1,-1,-1
2321,0,327.9988098144531,323.366455078125,5.78563117980957,3.4972634315490723,1,-1,-1,-1
2321,84,370.04736328125,389.28521728515625,6.533875465393066,4.099002361297607,1,-1,-1,-1
2321,96,188.74795532226562,380.1276550292969,6.817956924438477,3.6503827571868896,1,-1,-1,-1
2340,96,190.76876831054688,372.1217346191406,7.078364372253418,3.6744987964630127,1,-1,-1,-1
2340,0,335.4212951660156,301.1512451171875,5.809148788452148,3.686408281326294,1,-1,-1,-1
2340,84,372.4029541015625,384.8394775390625,6.79496955871582,3.394721746444702,1,-1,-1,-1
