1,0,409.1969299316406,295.0890808105469,7.252677917480469,4.712762832641602,1,-1,-1,-1
1,1,353.08831787109375,328.4222412109375,6.433570384979248,4.122890472412109,1,-1,-1,-1
1,2,203.53395080566406,266.6894836425781,8.016637802124023,4.7752251625061035,1,-1,-1,-1
21,1,353.47772216796875,332.2770690917969,6.890864372253418,4.203698635101318,1,-1,-1,-1
21,0,204.9410400390625,276.8787841796875,8.968280792236328,6.555972099304199,1,-1,-1,-1
21,6,385.84808349609375,270.4616394042969,8.143928527832031,5.876606464385986,1,-1,-1,-1
41,1,364.7774658203125,331.3020935058594,7.292574882507324,4.4427032470703125,1,-1,-1,-1
41,0,370.5947570800781,263.39898681640625,8.502666473388672,5.139662742614746,1,-1,-1,-1
41,6,206.7825164794922,293.6604919433594,7.952585220336914,4.6197733879089355,1,-1,-1,-1
61,1,400.52490234375,329.3990783691406,7.434092044830322,4.594256401062012,1,-1,-1,-1
61,19,369.26373291015625,265.7200622558594,7.786018371582031,4.718401908874512,1,-1,-1,-1
61,6,208.6109619140625,311.1457824707031,7.912736415863037,4.887235641479492,1,-1,-1,-1
81,37,218.03125,338.9287414550781,8.351656913757324,4.516775131225586,1,-1,-1,-1
81,0,354.36468505859375,266.7525939941406,8.407455444335938,4.708625793457031,1,-1,-1,-1
81,6,452.1794128417969,327.6482849121094,7.776350498199463,3.8327159881591797,1,-1,-1,-1
101,6,259.96087646484375,339.3530578613281,9.770461082458496,4.882776260375977,1,-1,-1,-1
101,0,348.99285888671875,268.2850646972656,8.238950729370117,4.5036845207214355,1,-1,-1,-1
121,0,354.8108215332031,268.870849609375,8.241813659667969,5.130604267120361,1,-1,-1,-1
121,6,326.65521240234375,337.7551574707031,8.65501594543457,5.238799095153809,1,-1,-1,-1
121,48,499.02142333984375,325.5585021972656,6.676429748535156,5.044871807098389,1,-1,-1,-1
141,0,392.5770568847656,267.8966064453125,8.664083480834961,4.246062755584717,1,-1,-1,-1
141,6,361.9542236328125,336.6048583984375,7.345550060272217,5.266384601593018,1,-1,-1,-1
141,48,496.51483154296875,325.5093078613281,6.093317031860352,5.323763847351074,1,-1,-1,-1
161,6,354.48529052734375,335.6131591796875,8.188264846801758,5.304539680480957,1,-1,-1,-1
161,0,441.228271484375,265.94000244140625,7.754986763000488,5.381872177124023,1,-1,-1,-1
161,48,476.52667236328125,326.3809814453125,6.2659759521484375,5.278925895690918,1,-1,-1,-1
181,0,455.8839416503906,265.408203125,6.65440034866333,5.092836380004883,1,-1,-1,-1
181,48,442.9313659667969,328.9068603515625,7.360665321350098,4.094828128814697,1,-1,-1,-1
181,6,312.4129638671875,335.3247375488281,8.543724060058594,5.349545001983643,1,-1,-1,-1
201,48,417.8736572265625,329.281982421875,6.985988616943359,4.1627516746521,1,-1,-1,-1
201,6,240.2313995361328,335.4197692871094,9.841901779174805,5.005259037017822,1,-1,-1,-1
201,0,434.55694580078125,265.6028137207031,7.391681671142578,4.782794952392578,1,-1,-1,-1
221,0,408.2364196777344,264.66693115234375,7.5684494972229,4.34406852722168,1,-1,-1,-1
221,48,410.40167236328125,329.35675048828125,6.809744358062744,3.9691312313079834,1,-1,-1,-1
221,6,156.78811645507812,331.2379455566406,8.161883354187012,6.32149076461792,1,-1,-1,-1
241,0,407.3238830566406,266.0831298828125,7.357293128967285,4.5987548828125,1,-1,-1,-1
241,48,417.42132568359375,328.8080749511719,6.9833855628967285,4.189203262329102,1,-1,-1,-1
241,6,120.06413269042969,338.9314270019531,7.952992916107178,5.560418605804443,1,-1,-1,-1
261,0,395.3860778808594,266.9879455566406,7.6107401847839355,5.006689071655273,1,-1,-1,-1
261,48,442.182861328125,327.2093200683594,7.217619895935059,4.263601779937744,1,-1,-1,-1
261,6,110.64743041992188,375.74249267578125,8.601853370666504,5.753826141357422,1,-1,-1,-1
281,0,360.2834777832031,267.03472900390625,8.315753936767578,5.226675510406494,1,-1,-1,-1
281,48,460.4432678222656,325.9921875,6.542410373687744,5.020767688751221,1,-1,-1,-1
281,6,108.56861114501953,413.5954895019531,9.040618896484375,5.891205787658691,1,-1,-1,-1
301,6,108.91064453125,429.57904052734375,9.064278602600098,6.557648658752441,1,-1,-1,-1
301,48,463.096923828125,326.0808410644531,6.8160247802734375,4.544835090637207,1,-1,-1,-1
301,0,348.1427001953125,273.1255798339844,7.51587438583374,4.41916036605835,1,-1,-1,-1
321,6,116.08602905273438,445.1196594238281,8.35533618927002,5.272445201873779,1,-1,-1,-1
321,0,351.2451171875,305.7933654785156,7.9506306648254395,5.194593906402588,1,-1,-1,-1
321,48,463.60406494140625,326.1107482910156,6.525224685668945,3.834847927093506,1,-1,-1,-1
341,6,120.8922119140625,443.9649963378906,8.63132095336914,4.76359748840332,1,-1,-1,-1
341,48,466.9978332519531,317.3209533691406,6.389192581176758,3.495898962020874,1,-1,-1,-1
341,0,355.99591064453125,348.87933349609375,7.942233562469482,5.150020599365234,1,-1,-1,-1
361,48,473.96295166015625,298.0863952636719,6.783790588378906,3.9963202476501465,1,-1,-1,-1
361,6,121.8172607421875,426.4322204589844,8.92633056640625,4.894976615905762,1,-1,-1,-1
361,0,356.9610595703125,379.83966064453125,8.236783981323242,4.151880264282227,1,-1,-1,-1
381,48,482.454345703125,274.05902099609375,8.058687210083008,6.607794761657715,1,-1,-1,-1
381,0,357.5638122558594,382.8642272949219,8.562524795532227,4.258523941040039,1,-1,-1,-1
381,6,116.73193359375,392.9483642578125,8.877856254577637,5.112196445465088,1,-1,-1,-1
401,48,492.3528747558594,283.55145263671875,7.621013641357422,7.191506862640381,1,-1,-1,-1
401,0,357.40460205078125,359.7956237792969,7.707705497741699,4.059207439422607,1,-1,-1,-1
401,6,110.3169174194336,351.32916259765625,10.445392608642578,8.346031188964844,1,-1,-1,-1
421,0,361.1328125,328.1826477050781,7.781190395355225,3.6301870346069336,1,-1,-1,-1
421,6,112.40714263916016,321.3642578125,10.02092456817627,5.975618839263916,1,-1,-1,-1
421,48,500.49835205078125,316.39874267578125,7.771670341491699,6.489151477813721,1,-1,-1,-1
441,48,507.03448486328125,353.82794189453125,8.780343055725098,5.842409610748291,1,-1,-1,-1
441,0,373.4369201660156,302.95587158203125,8.095571517944336,4.522508144378662,1,-1,-1,-1
441,6,113.6458740234375,318.9228515625,9.904305458068848,6.0159220695495605,1,-1,-1,-1
461,0,387.8728942871094,265.6242980957031,9.051836967468262,6.475329399108887,1,-1,-1,-1
461,48,514.5739135742188,391.6329040527344,8.463824272155762,5.305130958557129,1,-1,-1,-1
461,6,111.81806945800781,353.13677978515625,9.886651992797852,6.192418098449707,1,-1,-1,-1
481,48,516.2122802734375,406.51458740234375,9.16783618927002,4.83752965927124,1,-1,-1,-1
481,6,105.61552429199219,409.2218017578125,10.776848793029785,6.514695167541504,1,-1,-1,-1
481,0,396.61529541015625,244.9910125732422,9.446577072143555,6.769383907318115,1,-1,-1,-1
501,48,518.71728515625,404.1462097167969,8.816825866699219,3.9926578998565674,1,-1,-1,-1
501,6,101.77010345458984,456.35406494140625,11.549824714660645,7.136160850524902,1,-1,-1,-1
501,0,399.1903381347656,243.94625854492188,9.774614334106445,5.648796081542969,1,-1,-1,-1
521,48,525.8759155273438,392.8288269042969,9.320806503295898,4.591825008392334,1,-1,-1,-1
521,0,399.203125,248.7139434814453,9.58851432800293,6.852510452270508,1,-1,-1,-1
521,6,103.8699951171875,470.6736145019531,10.819862365722656,5.370820045471191,1,-1,-1,-1
541,48,539.7144165039062,371.8871765136719,9.088221549987793,4.983588695526123,1,-1,-1,-1
541,6,101.54339599609375,459.5873718261719,11.012362480163574,5.622270107269287,1,-1,-1,-1
541,0,393.1504821777344,272.7284240722656,9.14101791381836,5.621227741241455,1,-1,-1,-1
561,0,386.87042236328125,298.6851806640625,8.621002197265625,5.333972454071045,1,-1,-1,-1
561,6,92.54679870605469,430.48785400390625,10.83411979675293,5.758542537689209,1,-1,-1,-1
561,48,556.8067016601562,339.6307678222656,9.070549011230469,8.848957061767578,1,-1,-1,-1
581,48,574.0305786132812,343.9140319824219,10.02173900604248,8.656401634216309,1,-1,-1,-1
581,0,384.8545837402344,318.0155944824219,8.305689811706543,3.75449800491333,1,-1,-1,-1
581,6,81.5182113647461,384.7880859375,13.180398941040039,8.870084762573242,1,-1,-1,-1
601,48,585.4943237304688,378.03509521484375,10.285850524902344,6.625050067901611,1,-1,-1,-1
601,0,387.12359619140625,319.9517822265625,8.430749893188477,4.798799514770508,1,-1,-1,-1
601,6,82.72064208984375,351.9471130371094,13.119425773620605,7.528646469116211,1,-1,-1,-1
621,0,388.7889099121094,320.14739990234375,8.512051582336426,4.6725687980651855,1,-1,-1,-1
621,48,583.3344116210938,383.14990234375,10.804797172546387,7.056872367858887,1,-1,-1,-1
621,6,85.00729370117188,330.2076416015625,13.222406387329102,7.803914546966553,1,-1,-1,-1
641,0,379.0983581542969,320.76318359375,8.213081359863281,5.20362663269043,1,-1,-1,-1
641,6,84.90702819824219,349.2796325683594,13.47673511505127,7.20899772644043,1,-1,-1,-1
641,48,564.2725219726562,384.4966735839844,10.366559982299805,6.949257850646973,1,-1,-1,-1
661,48,529.0796508789062,386.4639587402344,10.753007888793945,6.892241954803467,1,-1,-1,-1
661,0,343.61737060546875,321.4388122558594,8.819546699523926,4.566506862640381,1,-1,-1,-1
661,6,81.68701171875,384.3228759765625,12.996801376342773,6.814419746398926,1,-1,-1,-1
681,6,77.67951202392578,421.78558349609375,14.052180290222168,6.742731094360352,1,-1,-1,-1
681,0,314.8745422363281,321.73681640625,8.520702362060547,5.0195088386535645,1,-1,-1,-1
681,48,479.7256774902344,389.0600891113281,11.089122772216797,6.141654968261719,1,-1,-1,-1
701,6,76.4640884399414,423.5021667480469,14.540218353271484,7.2183098793029785,1,-1,-1,-1
701,0,315.26971435546875,323.86932373046875,8.404298782348633,4.7269697189331055,1,-1,-1,-1
701,48,431.58929443359375,390.2630615234375,11.215376853942871,6.607990741729736,1,-1,-1,-1
721,0,339.5865478515625,325.381591796875,8.761455535888672,4.549911022186279,1,-1,-1,-1
721,48,413.06829833984375,391.5586242675781,10.420302391052246,6.166780471801758,1,-1,-1,-1
721,6,92.7665786743164,415.8451843261719,14.966787338256836,9.379837989807129,1,-1,-1,-1
741,0,373.663818359375,326.49822998046875,8.171659469604492,5.276998043060303,1,-1,-1,-1
741,48,387.12078857421875,390.369384765625,10.98498821258545,6.612900257110596,1,-1,-1,-1
741,6,101.47212982177734,416.9342956542969,14.557727813720703,7.106616973876953,1,-1,-1,-1
761,0,380.59637451171875,327.24261474609375,7.963538646697998,4.9940290451049805,1,-1,-1,-1
761,6,104.201416015625,417.9395446777344,13.686826705932617,6.385478973388672,1,-1,-1,-1
761,48,347.5592041015625,387.859375,10.902832984924316,5.969910621643066,1,-1,-1,-1
781,0,363.05718994140625,328.36004638671875,8.018268585205078,5.437404632568359,1,-1,-1,-1
781,6,102.31832885742188,414.3856201171875,13.523234367370605,6.678854465484619,1,-1,-1,-1
781,48,301.78033447265625,384.08544921875,11.001788139343262,7.391072750091553,1,-1,-1,-1
801,0,313.36395263671875,329.4097900390625,9.308481216430664,4.036164283752441,1,-1,-1,-1
801,6,125.57707214355469,409.5010070800781,13.545967102050781,8.869170188903809,1,-1,-1,-1
801,48,293.8008728027344,385.05706787109375,10.771339416503906,6.546986103057861,1,-1,-1,-1
821,6,209.117919921875,408.6219177246094,15.686700820922852,6.613747596740723,1,-1,-1,-1
821,48,326.57666015625,385.0986328125,11.240792274475098,5.837749004364014,1,-1,-1,-1
821,0,268.8934631347656,328.3860168457031,8.167556762695312,5.1764349937438965,1,-1,-1,-1
841,6,309.1064758300781,407.4400329589844,14.08714485168457,7.906426429748535,1,-1,-1,-1
841,48,385.6564025878906,382.9795227050781,10.7947998046875,7.96712064743042,1,-1,-1,-1
841,0,262.3721618652344,331.57891845703125,8.637689590454102,5.535919666290283,1,-1,-1,-1
861,6,335.3767395019531,406.5651550292969,12.6091947555542,8.335193634033203,1,-1,-1,-1
861,48,410.20751953125,384.67095947265625,10.571338653564453,5.046842575073242,1,-1,-1,-1
861,0,261.46539306640625,345.57257080078125,8.587607383728027,5.3501105308532715,1,-1,-1,-1
881,48,431.3084716796875,383.8448486328125,11.354204177856445,5.545766830444336,1,-1,-1,-1
881,6,312.7489013671875,405.8013916015625,14.602526664733887,8.279269218444824,1,-1,-1,-1
881,0,260.8578186035156,368.7239990234375,8.21601676940918,4.345044136047363,1,-1,-1,-1
901,6,302.2294006347656,424.9591064453125,13.777750968933105,8.31345272064209,1,-1,-1,-1
901,0,261.51348876953125,389.1580810546875,6.615993976593018,3.7957828044891357,1,-1,-1,-1
901,48,471.9390563964844,381.1783752441406,9.953890800476074,7.352067470550537,1,-1,-1,-1
921,48,489.9344482421875,381.4557800292969,10.833982467651367,6.70669412612915,1,-1,-1,-1
921,6,289.63214111328125,461.4178771972656,12.506914138793945,8.467011451721191,1,-1,-1,-1
921,0,263.23712158203125,393.88104248046875,7.45069694519043,3.680938959121704,1,-1,-1,-1
941,6,496.7120666503906,401.9599609375,10.68748664855957,6.417899131774902,1,-1,-1,-1
941,0,273.5213928222656,393.52850341796875,7.290027618408203,4.071987152099609,1,-1,-1,-1
961,6,498.87261962890625,425.4390563964844,11.81926155090332,5.6690449714660645,1,-1,-1,-1
961,0,293.9489440917969,394.0339660644531,7.280529022216797,4.153822898864746,1,-1,-1,-1
981,0,298.764404296875,394.4707336425781,7.558990001678467,3.6073784828186035,1,-1,-1,-1
981,6,499.7662048339844,429.78277587890625,11.653470993041992,6.713344097137451,1,-1,-1,-1
1001,0,303.1855163574219,395.19085693359375,7.606340408325195,3.6826422214508057,1,-1,-1,-1
1001,6,503.780517578125,451.5640869140625,12.30123519897461,5.74632453918457,1,-1,-1,-1
1021,0,315.59228515625,395.6200256347656,7.28300666809082,3.8071467876434326,1,-1,-1,-1
1021,6,503.7344055175781,447.33563232421875,11.967130661010742,5.855119705200195,1,-1,-1,-1
1041,6,501.0885314941406,427.8506774902344,11.236533164978027,5.870418548583984,1,-1,-1,-1
1041,0,344.8927307128906,395.7335205078125,7.720609664916992,3.368649959564209,1,-1,-1,-1
1061,0,376.11041259765625,395.1214294433594,7.168009281158447,4.448896408081055,1,-1,-1,-1
1061,6,502.678466796875,433.8746337890625,11.849992752075195,6.563695430755615,1,-1,-1,-1
1061,58,66.91185760498047,479.22283935546875,11.65732479095459,8.134424209594727,1,-1,-1,-1
1081,0,384.82806396484375,393.0697937011719,7.127740859985352,3.4728214740753174,1,-1,-1,-1
1081,6,504.21270751953125,440.91448974609375,12.616849899291992,5.874141216278076,1,-1,-1,-1
1081,58,73.85150909423828,468.3547668457031,12.053132057189941,6.969270706176758,1,-1,-1,-1
1101,0,395.3003234863281,377.2887878417969,7.892010688781738,3.881784439086914,1,-1,-1,-1
1101,6,498.88568115234375,440.04669189453125,11.389463424682617,7.207730293273926,1,-1,-1,-1
1101,58,103.07574462890625,468.6759033203125,12.864947319030762,7.595266342163086,1,-1,-1,-1
1121,0,409.2657775878906,351.83001708984375,7.842586040496826,4.5405192375183105,1,-1,-1,-1
1121,6,473.2779541015625,441.39520263671875,12.035724639892578,7.494268417358398,1,-1,-1,-1
1121,63,123.59236907958984,482.57073974609375,11.449865341186523,5.29843807220459,1,-1,-1,-1
1141,0,419.3337707519531,333.86260986328125,7.803171157836914,4.997472763061523,1,-1,-1,-1
1141,6,425.767578125,443.9838562011719,12.490754127502441,6.793216228485107,1,-1,-1,-1
1141,81,130.0513916015625,485.25738525390625,11.42401123046875,5.260035991668701,1,-1,-1,-1
1161,0,410.5062255859375,330.2444152832031,8.147981643676758,6.269242763519287,1,-1,-1,-1
1161,6,374.74224853515625,445.4261779785156,11.812592506408691,7.324413776397705,1,-1,-1,-1
1161,88,131.7649688720703,483.11871337890625,11.730498313903809,6.1010026931762695,1,-1,-1,-1
1181,0,367.2987365722656,328.408203125,8.525463104248047,5.661084175109863,1,-1,-1,-1
1181,6,364.4802551269531,447.005126953125,12.141843795776367,6.034613132476807,1,-1,-1,-1
1181,88,132.9110870361328,474.63995361328125,11.769529342651367,6.091176986694336,1,-1,-1,-1
1201,0,300.9308166503906,325.4989318847656,9.358274459838867,6.327834606170654,1,-1,-1,-1
1201,88,135.73165893554688,434.8245544433594,10.449125289916992,5.990074157714844,1,-1,-1,-1
1201,6,386.18365478515625,445.2989196777344,12.263206481933594,6.302776336669922,1,-1,-1,-1
1221,88,137.12681579589844,407.251220703125,10.625710487365723,5.394667625427246,1,-1,-1,-1
1221,6,431.97845458984375,442.9888000488281,12.60478401184082,5.538745403289795,1,-1,-1,-1
1221,0,274.7855529785156,327.6403503417969,8.619481086730957,4.811196327209473,1,-1,-1,-1
1241,0,273.7574768066406,331.7157287597656,8.774650573730469,5.904780387878418,1,-1,-1,-1
1241,88,136.7460479736328,400.79241943359375,10.506181716918945,5.313854694366455,1,-1,-1,-1
1241,6,479.41522216796875,439.226806640625,11.195381164550781,7.684446811676025,1,-1,-1,-1
1261,6,500.2795715332031,439.3628845214844,12.364582061767578,5.732309341430664,1,-1,-1,-1
1261,0,274.1995544433594,352.38519287109375,8.442548751831055,5.9644856452941895,1,-1,-1,-1
1261,88,136.86814880371094,387.81768798828125,9.982452392578125,5.384064674377441,1,-1,-1,-1
1281,6,533.86083984375,437.0646667480469,13.380471229553223,6.135902404785156,1,-1,-1,-1
1281,88,158.08612060546875,387.9969482421875,11.08367919921875,5.472923755645752,1,-1,-1,-1
1281,0,273.5487365722656,382.5792236328125,7.821468353271484,4.754216194152832,1,-1,-1,-1
1301,6,207.61962890625,389.1015930175781,10.033589363098145,6.496857643127441,1,-1,-1,-1
1301,0,272.29901123046875,412.9824523925781,6.902611255645752,4.514911651611328,1,-1,-1,-1
1301,88,585.742431640625,432.841552734375,13.090137481689453,5.316044330596924,1,-1,-1,-1
1321,6,228.02574157714844,390.3956298828125,10.580548286437988,5.027988910675049,1,-1,-1,-1
1321,0,270.4435119628906,437.6010437011719,7.000543594360352,3.693549156188965,1,-1,-1,-1
1341,0,270.8353576660156,449.2401428222656,6.7503886222839355,3.95636248588562,1,-1,-1,-1
1341,6,244.94207763671875,390.4849548339844,10.019363403320312,4.818210124969482,1,-1,-1,-1
1361,0,285.0415954589844,450.4847412109375,7.514603137969971,4.2223358154296875,1,-1,-1,-1
1361,6,261.1648864746094,389.90948486328125,9.942183494567871,4.4476094245910645,1,-1,-1,-1
1381,0,325.2656555175781,450.9277038574219,7.821960926055908,3.7970478534698486,1,-1,-1,-1
1381,6,276.45404052734375,389.2387390136719,10.508685111999512,4.711854934692383,1,-1,-1,-1
1401,0,367.7816162109375,450.7699279785156,7.150445938110352,4.222363471984863,1,-1,-1,-1
1401,6,293.37567138671875,388.32208251953125,9.839254379272461,5.021303176879883,1,-1,-1,-1
1421,101,605.0216674804688,392.8624267578125,11.523414611816406,6.956389904022217,1,-1,-1,-1
1421,0,380.31243896484375,452.1380310058594,7.065511703491211,3.561201333999634,1,-1,-1,-1
1421,6,299.1503601074219,387.9429626464844,9.128046989440918,6.4001665115356445,1,-1,-1,-1
1441,6,259.69537353515625,389.10260009765625,10.707931518554688,6.359576225280762,1,-1,-1,-1
1441,101,565.4991455078125,395.9862365722656,12.116593360900879,6.884143829345703,1,-1,-1,-1
1441,0,378.24481201171875,452.79888916015625,7.025308609008789,4.5811333656311035,1,-1,-1,-1
1461,0,349.6778869628906,454.80615234375,7.465842247009277,4.277363300323486,1,-1,-1,-1
1461,101,553.5789794921875,396.654541015625,10.669732093811035,7.238256454467773,1,-1,-1,-1
1461,6,178.2221221923828,389.0771789550781,12.458224296569824,5.692929744720459,1,-1,-1,-1
1481,0,303.4142761230469,456.72845458984375,7.922048091888428,3.727304458618164,1,-1,-1,-1
1481,101,526.5455322265625,397.8818664550781,11.758122444152832,7.747817039489746,1,-1,-1,-1
1481,6,84.18446350097656,384.9552307128906,11.019760131835938,6.3407301902771,1,-1,-1,-1
1501,6,44.58858108520508,385.1800537109375,10.463628768920898,6.05996561050415,1,-1,-1,-1
1501,0,250.36123657226562,458.982666015625,8.057716369628906,4.151244163513184,1,-1,-1,-1
1501,101,476.90740966796875,401.75445556640625,11.970867156982422,5.37876558303833,1,-1,-1,-1
1521,0,210.87319946289062,457.99627685546875,7.741062641143799,4.634429454803467,1,-1,-1,-1
1521,6,38.55613327026367,398.8953552246094,11.085756301879883,6.397250175476074,1,-1,-1,-1
1521,101,426.26702880859375,403.8533935546875,11.758247375488281,6.560189247131348,1,-1,-1,-1
1541,0,214.70611572265625,460.330810546875,6.973285675048828,4.571702003479004,1,-1,-1,-1
1541,6,36.383079528808594,447.4112243652344,10.789947509765625,6.435856342315674,1,-1,-1,-1
1541,101,371.1047668457031,405.13726806640625,11.415159225463867,7.150108814239502,1,-1,-1,-1
1561,0,247.0901336669922,462.21710205078125,7.875028610229492,4.008363246917725,1,-1,-1,-1
1561,104,247.15206909179688,462.17779541015625,7.817920684814453,4.143041133880615,1,-1,-1,-1
1561,101,349.40478515625,406.7476501464844,11.151836395263672,5.785843372344971,1,-1,-1,-1
1581,0,283.9307861328125,462.51177978515625,7.916717529296875,4.084658145904541,1,-1,-1,-1
1581,101,358.75,406.3290710449219,10.984359741210938,5.8812761306762695,1,-1,-1,-1
1581,6,75.68402099609375,469.37274169921875,11.996171951293945,6.968873977661133,1,-1,-1,-1
1601,0,319.9786071777344,462.06915283203125,7.576251983642578,3.513662099838257,1,-1,-1,-1
1601,101,395.3614807128906,405.14697265625,11.256996154785156,5.667588233947754,1,-1,-1,-1
1601,6,157.0110626220703,472.1094055175781,12.908988952636719,5.869511127471924,1,-1,-1,-1
1621,0,358.89959716796875,459.9258728027344,7.647695064544678,4.135034084320068,1,-1,-1,-1
1621,6,254.3748779296875,471.1114501953125,12.66288948059082,6.703103542327881,1,-1,-1,-1
1621,101,446.5888977050781,401.7479553222656,10.164104461669922,7.742342948913574,1,-1,-1,-1
1641,6,296.086181640625,470.333984375,10.886634826660156,7.085895538330078,1,-1,-1,-1
1641,0,376.76708984375,458.77947998046875,7.268957614898682,3.8471760749816895,1,-1,-1,-1
1641,101,471.2237548828125,402.00518798828125,10.735891342163086,5.509316444396973,1,-1,-1,-1
1661,101,499.90814208984375,400.73583984375,11.508371353149414,5.535272121429443,1,-1,-1,-1
1661,0,281.050048828125,471.63897705078125,11.564189910888672,7.073357582092285,1,-1,-1,-1
1681,0,378.0654296875,471.0400695800781,6.859273433685303,4.654909133911133,1,-1,-1,-1
1681,101,541.9708862304688,397.7994079589844,12.22927474975586,5.686373233795166,1,-1,-1,-1
1681,6,219.0675506591797,473.17840576171875,12.417720794677734,6.881138801574707,1,-1,-1,-1
1701,0,369.6406555175781,486.2939758300781,6.296848773956299,4.534979820251465,1,-1,-1,-1
1701,101,574.1309814453125,395.5436706542969,10.742053985595703,7.184488773345947,1,-1,-1,-1
1701,6,122.06940460205078,470.7427673339844,13.183432579040527,6.480276107788086,1,-1,-1,-1
1721,0,340.66900634765625,499.9895324707031,7.57081413269043,4.570226669311523,1,-1,-1,-1
1721,101,581.6358032226562,395.8243103027344,12.39118766784668,5.712292671203613,1,-1,-1,-1
1721,6,66.66934967041016,466.340576171875,10.67049789428711,7.44636869430542,1,-1,-1,-1
1741,0,297.33349609375,508.7926940917969,8.903666496276855,3.491320848464966,1,-1,-1,-1
1741,101,599.8941650390625,394.2345275878906,11.438374519348145,5.5147385597229,1,-1,-1,-1
1741,6,84.61614990234375,469.352294921875,10.360929489135742,6.648499488830566,1,-1,-1,-1
1761,101,617.4327392578125,392.5415344238281,11.328333854675293,6.827571868896484,1,-1,-1,-1
1761,6,156.36026000976562,472.6700744628906,13.45782470703125,5.928168296813965,1,-1,-1,-1
1781,101,620.1718139648438,392.6171875,11.635913848876953,5.695614814758301,1,-1,-1,-1
1781,6,246.38906860351562,472.5622863769531,13.531155586242676,6.956317901611328,1,-1,-1,-1
1801,101,637.0821533203125,390.8614807128906,3.51938533782959,6.320207118988037,1,-1,-1,-1
1801,6,282.7637939453125,472.8997802734375,10.399803161621094,6.7588300704956055,1,-1,-1,-1
1821,6,266.25006103515625,474.2731628417969,10.88364028930664,6.469067573547363,1,-1,-1,-1
1841,6,203.35836791992188,475.455322265625,12.83613109588623,6.645242691040039,1,-1,-1,-1
1861,6,135.96177673339844,472.8047180175781,9.902617454528809,6.490140914916992,1,-1,-1,-1
1881,6,125.14218139648438,463.6159362792969,10.461792945861816,5.76483154296875,1,-1,-1,-1
1901,6,130.69371032714844,424.6941223144531,10.339012145996094,5.6248369216918945,1,-1,-1,-1
1921,108,445.24041748046875,501.6920471191406,5.627327919006348,3.42212176322937,1,-1,-1,-1
1921,6,139.95556640625,413.3125915527344,9.655473709106445,4.695638656616211,1,-1,-1,-1
1941,110,588.5557250976562,395.8435974121094,11.896357536315918,5.221601486206055,1,-1,-1,-1
1941,108,436.110107421875,500.6107177734375,5.333457946777344,3.465928316116333,1,-1,-1,-1
1941,6,142.5515594482422,403.1854553222656,10.074019432067871,4.695410251617432,1,-1,-1,-1
1961,110,550.8284912109375,398.1680603027344,12.021947860717773,6.220242023468018,1,-1,-1,-1
1961,108,405.966552734375,498.3566589355469,6.247498989105225,3.6671395301818848,1,-1,-1,-1
1961,6,137.84927368164062,374.29852294921875,10.51947021484375,4.736147880554199,1,-1,-1,-1
1981,110,529.3619384765625,393.5611267089844,10.67357063293457,5.526052474975586,1,-1,-1,-1
1981,108,356.70654296875,498.32342529296875,8.036506652832031,4.113048553466797,1,-1,-1,-1
1981,115,129.12387084960938,325.04229736328125,12.057238578796387,9.439794540405273,1,-1,-1,-1
2001,110,525.2977905273438,370.0459289550781,11.182328224182129,6.339864730834961,1,-1,-1,-1
2001,108,297.76678466796875,498.7117614746094,9.50570011138916,4.257938385009766,1,-1,-1,-1
2001,6,129.94432067871094,298.94512939453125,11.93941593170166,7.2566022872924805,1,-1,-1,-1
2021,110,524.3126831054688,353.6664123535156,9.75790786743164,6.155872344970703,1,-1,-1,-1
2021,6,132.39007568359375,291.4027099609375,11.577826499938965,5.2382330894470215,1,-1,-1,-1
2021,108,240.2728271484375,498.112060546875,8.346580505371094,4.102117538452148,1,-1,-1,-1
2041,108,191.66571044921875,495.5736083984375,7.6620378494262695,3.936727285385132,1,-1,-1,-1
2041,6,132.1061248779297,278.1761779785156,12.582304000854492,8.544816017150879,1,-1,-1,-1
2041,110,521.5164794921875,339.5333251953125,11.089933395385742,6.401248931884766,1,-1,-1,-1
2061,6,134.05001831054688,275.53460693359375,12.251838684082031,7.031635761260986,1,-1,-1,-1
2061,110,518.9071044921875,322.32177734375,10.426202774047852,6.340685844421387,1,-1,-1,-1
2061,108,152.073974609375,484.2269287109375,7.407462120056152,4.672549247741699,1,-1,-1,-1
2081,108,115.56704711914062,465.9565734863281,7.055034160614014,4.688697338104248,1,-1,-1,-1
2081,110,515.014892578125,302.7621765136719,10.525390625,6.804140090942383,1,-1,-1,-1
2081,6,138.22216796875,256.7230224609375,11.346558570861816,6.649447441101074,1,-1,-1,-1
2101,110,79.06209564208984,440.253662109375,8.027888298034668,5.072874069213867,1,-1,-1,-1
2101,6,140.0863800048828,247.64088439941406,12.766494750976562,7.939153671264648,1,-1,-1,-1
2101,108,513.981689453125,295.75323486328125,9.955774307250977,6.313974857330322,1,-1,-1,-1
2121,108,50.651145935058594,412.7756652832031,8.209521293640137,6.296362400054932,1,-1,-1,-1
2121,6,143.99720764160156,236.1554412841797,11.872184753417969,6.93897819519043,1,-1,-1,-1
2121,110,516.896728515625,308.5257263183594,10.65340518951416,6.512254238128662,1,-1,-1,-1
2141,108,42.252708435058594,400.91558837890625,7.513732433319092,5.3683247566223145,1,-1,-1,-1
2141,6,146.845947265625,238.1210174560547,12.030532836914062,7.410804271697998,1,-1,-1,-1
2141,110,521.2330322265625,331.9129638671875,10.561333656311035,7.287973880767822,1,-1,-1,-1
2161,110,525.5532836914062,360.4478759765625,10.772843360900879,6.6306939125061035,1,-1,-1,-1
2161,6,147.9141387939453,286.125244140625,11.832939147949219,8.33187484741211,1,-1,-1,-1
2161,108,66.1845932006836,398.4263916015625,8.657308578491211,5.1830339431762695,1,-1,-1,-1
2181,110,530.0714721679688,386.3007507324219,11.207508087158203,6.498298645019531,1,-1,-1,-1
2181,108,95.45982360839844,396.26446533203125,7.713466644287109,5.440958023071289,1,-1,-1,-1
2181,6,145.45602416992188,350.49853515625,12.603628158569336,7.791110515594482,1,-1,-1,-1
2201,110,530.7730102539062,388.662841796875,11.167940139770508,6.848756790161133,1,-1,-1,-1
2201,108,100.97860717773438,397.7430114746094,7.751801490783691,5.075583457946777,1,-1,-1,-1
2201,6,146.0357666015625,385.758056640625,13.065483093261719,6.283733367919922,1,-1,-1,-1
2217,110,522.697509765625,388.32708740234375,10.755317687988281,7.899733066558838,1,-1,-1,-1
2217,6,146.86587524414062,415.8629150390625,12.709942817687988,6.7717604637146,1,-1,-1,-1
2217,108,100.87083435058594,415.6074523925781,7.9875640869140625,5.254039287567139,1,-1,-1,-1
