1,0,324.95025634765625,252.9765625,6.874854564666748,4.232649326324463,1,-1,-1,-1
1,1,202.573486328125,418.88043212890625,10.019447326660156,5.135603427886963,1,-1,-1,-1
1,2,444.43896484375,360.3327331542969,11.834187507629395,5.711753845214844,1,-1,-1,-1
21,0,324.76568603515625,253.35609436035156,7.0205397605896,4.127348899841309,1,-1,-1,-1
21,6,205.3158416748047,419.4095153808594,9.78696346282959,5.038632869720459,1,-1,-1,-1
21,2,446.2610168457031,363.77325439453125,11.389094352722168,6.290075778961182,1,-1,-1,-1
41,0,325.247314453125,253.85562133789062,7.024818420410156,4.24785852432251,1,-1,-1,-1
41,2,442.6144104003906,368.22491455078125,11.280920028686523,7.281505107879639,1,-1,-1,-1
41,6,207.3571014404297,421.60748291015625,9.056497573852539,4.538367748260498,1,-1,-1,-1
61,0,325.7934875488281,260.3999938964844,7.234432220458984,5.411448955535889,1,-1,-1,-1
61,2,429.3831787109375,385.5140380859375,11.290214538574219,7.017664432525635,1,-1,-1,-1
61,6,207.4295196533203,421.30865478515625,8.99682903289795,4.658947467803955,1,-1,-1,-1
81,2,411.0221862792969,410.13311767578125,9.93282413482666,5.411628246307373,1,-1,-1,-1
81,6,207.65133666992188,425.7330017089844,9.826559066772461,6.580286026000977,1,-1,-1,-1
81,0,327.39642333984375,273.4071044921875,6.451680660247803,5.023150444030762,1,-1,-1,-1
101,36,209.17080688476562,445.3739318847656,9.763545036315918,6.66145133972168,1,-1,-1,-1
101,6,397.8607482910156,425.8959045410156,10.69327163696289,4.073746204376221,1,-1,-1,-1
101,0,308.8231506347656,285.5032958984375,6.457643032073975,3.9703593254089355,1,-1,-1,-1
121,6,212.08633422851562,472.1588134765625,9.044677734375,4.933676242828369,1,-1,-1,-1
121,56,395.6490478515625,428.35357666015625,9.794713973999023,4.5971598625183105,1,-1,-1,-1
121,0,294.1969299316406,292.2646789550781,6.697563171386719,3.8015432357788086,1,-1,-1,-1
141,6,212.46405029296875,484.65313720703125,9.870434761047363,5.512212753295898,1,-1,-1,-1
141,0,292.86810302734375,293.2728271484375,6.326658248901367,3.698432445526123,1,-1,-1,-1
141,72,395.3968505859375,428.2700500488281,9.593050956726074,4.845362186431885,1,-1,-1,-1
161,6,216.5585174560547,486.3855895996094,8.852005958557129,6.159486770629883,1,-1,-1,-1
161,72,395.3926086425781,428.3246765136719,9.61785888671875,4.8891472816467285,1,-1,-1,-1
161,0,292.915283203125,293.5625915527344,6.6961259841918945,3.803791046142578,1,-1,-1,-1
161,73,395.32080078125,428.3608093261719,9.707684516906738,4.8587775230407715,1,-1,-1,-1
181,0,293.4942321777344,293.6006164550781,6.4260406494140625,3.9281253814697266,1,-1,-1,-1
181,72,395.11944580078125,428.7185363769531,9.420597076416016,4.796603202819824,1,-1,-1,-1
181,6,247.71417236328125,485.652587890625,9.026871681213379,5.520341396331787,1,-1,-1,-1
201,0,288.18572998046875,293.9933776855469,6.43244743347168,4.2325053215026855,1,-1,-1,-1
201,72,394.2732238769531,428.76123046875,10.03840446472168,5.136102199554443,1,-1,-1,-1
201,6,256.541259765625,485.86883544921875,8.924202919006348,5.796310901641846,1,-1,-1,-1
221,0,278.1708679199219,295.1675109863281,6.703985214233398,3.905179738998413,1,-1,-1,-1
221,72,393.57684326171875,429.016845703125,10.053643226623535,5.036387920379639,1,-1,-1,-1
221,6,223.35523986816406,486.9978332519531,10.993192672729492,5.430510997772217,1,-1,-1,-1
241,6,202.1704864501953,487.8005676269531,9.47226333618164,5.0908074378967285,1,-1,-1,-1
241,72,393.1009521484375,429.0111083984375,10.338420867919922,4.924091339111328,1,-1,-1,-1
241,0,266.5530700683594,295.8312072753906,6.461705207824707,3.792670726776123,1,-1,-1,-1
261,6,178.3504638671875,488.19415283203125,10.001117706298828,5.1219024658203125,1,-1,-1,-1
261,72,393.7629699707031,428.7083435058594,9.795376777648926,5.114981651306152,1,-1,-1,-1
261,0,261.876953125,296.1577453613281,6.6672043800354,3.627856731414795,1,-1,-1,-1
281,6,156.31680297851562,488.44189453125,9.009294509887695,4.439715385437012,1,-1,-1,-1
281,72,394.9908142089844,428.7984924316406,9.61152458190918,4.904716491699219,1,-1,-1,-1
281,0,261.5435791015625,295.7356872558594,7.190068244934082,3.8866238594055176,1,-1,-1,-1
301,0,273.8229064941406,294.2231750488281,6.673591136932373,4.174508571624756,1,-1,-1,-1
301,72,395.2939453125,428.777099609375,10.154556274414062,4.955290794372559,1,-1,-1,-1
301,6,148.7036590576172,481.9658508300781,8.84001350402832,4.8417816162109375,1,-1,-1,-1
321,0,304.5429382324219,291.9078063964844,6.735846519470215,3.7140843868255615,1,-1,-1,-1
321,72,395.65087890625,428.6448669433594,10.166242599487305,4.843847274780273,1,-1,-1,-1
321,6,141.0792236328125,465.701171875,9.31965446472168,6.05631685256958,1,-1,-1,-1
341,6,138.72439575195312,458.5704040527344,9.506563186645508,5.471060276031494,1,-1,-1,-1
341,72,396.49713134765625,428.37213134765625,10.344728469848633,4.686473846435547,1,-1,-1,-1
341,0,343.3062438964844,288.7753601074219,7.032688140869141,3.5554420948028564,1,-1,-1,-1
361,0,368.02581787109375,286.5215759277344,6.063712120056152,4.3390045166015625,1,-1,-1,-1
361,6,132.61976623535156,439.06707763671875,9.619233131408691,4.86937952041626,1,-1,-1,-1
361,72,396.798828125,427.6000671386719,10.556110382080078,5.2697014808654785,1,-1,-1,-1
381,0,367.2492980957031,286.4319763183594,5.831396579742432,4.631519317626953,1,-1,-1,-1
381,72,396.99432373046875,427.26220703125,10.782052993774414,5.531140327453613,1,-1,-1,-1
381,6,121.55154418945312,404.1956481933594,9.954795837402344,5.763428688049316,1,-1,-1,-1
401,72,400.207275390625,426.8006286621094,10.21551513671875,5.707643032073975,1,-1,-1,-1
401,6,113.45997619628906,370.0247802734375,10.2278413772583,8.341503143310547,1,-1,-1,-1
401,0,341.8396301269531,289.2617492675781,6.449930191040039,4.35750675201416,1,-1,-1,-1
421,72,421.18524169921875,427.0438232421875,10.113580703735352,5.923897743225098,1,-1,-1,-1
421,0,300.10711669921875,293.1043701171875,6.281698226928711,4.300059795379639,1,-1,-1,-1
421,6,151.4139862060547,358.35699462890625,11.607948303222656,7.22076416015625,1,-1,-1,-1
441,72,206.88375854492188,352.37493896484375,11.567139625549316,7.79303503036499,1,-1,-1,-1
441,0,285.9615783691406,295.3167724609375,6.608474254608154,4.176473140716553,1,-1,-1,-1
441,6,459.4884948730469,427.322265625,10.580636978149414,5.316884994506836,1,-1,-1,-1
461,84,215.58721923828125,370.3058776855469,10.8104887008667,6.249218463897705,1,-1,-1,-1
461,6,504.3999938964844,427.5986022949219,11.324417114257812,5.09160041809082,1,-1,-1,-1
461,0,282.88690185546875,295.7547302246094,6.601547718048096,4.113847732543945,1,-1,-1,-1
481,72,546.1366577148438,426.7431335449219,9.131145477294922,6.728443145751953,1,-1,-1,-1
481,6,212.61590576171875,429.5967712402344,11.823007583618164,6.619688987731934,1,-1,-1,-1
481,0,273.48114013671875,296.5791015625,6.581874847412109,3.8692893981933594,1,-1,-1,-1
501,72,208.13612365722656,459.1265563964844,12.838540077209473,7.507526397705078,1,-1,-1,-1
501,6,559.621826171875,427.34686279296875,9.55221939086914,5.436668395996094,1,-1,-1,-1
501,0,271.3314514160156,296.75762939453125,6.188257217407227,3.784811019897461,1,-1,-1,-1
521,6,560.201904296875,427.3721923828125,9.841323852539062,5.319273948669434,1,-1,-1,-1
521,72,209.85989379882812,477.6168518066406,12.650104522705078,7.733773708343506,1,-1,-1,-1
521,0,270.16876220703125,296.7420959472656,6.437808036804199,3.8043277263641357,1,-1,-1,-1
541,72,552.6582641601562,426.9346923828125,9.99816608428955,5.632375717163086,1,-1,-1,-1
541,6,214.4315185546875,506.0868225097656,10.936197280883789,5.24901819229126,1,-1,-1,-1
541,0,268.6303405761719,297.11444091796875,6.465765953063965,3.5852248668670654,1,-1,-1,-1
561,6,536.3932495117188,427.02239990234375,10.200000762939453,5.3613128662109375,1,-1,-1,-1
561,0,268.4659729003906,297.229736328125,6.514281749725342,3.6021149158477783,1,-1,-1,-1
581,6,513.2705078125,426.9481201171875,10.328265190124512,5.020061016082764,1,-1,-1,-1
581,0,268.73468017578125,297.2318420410156,6.362359046936035,3.619798183441162,1,-1,-1,-1
601,6,484.2817687988281,426.9933776855469,10.692480087280273,5.374341011047363,1,-1,-1,-1
601,0,268.98138427734375,296.6585998535156,6.617879867553711,3.9877116680145264,1,-1,-1,-1
621,0,268.81536865234375,292.7955017089844,6.681780815124512,3.5907516479492188,1,-1,-1,-1
621,6,455.91082763671875,426.7141418457031,10.337081909179688,5.895824909210205,1,-1,-1,-1
621,86,220.33197021484375,497.76190185546875,9.638442993164062,6.044081211090088,1,-1,-1,-1
641,0,267.4045104980469,284.0571594238281,6.607579231262207,3.547480821609497,1,-1,-1,-1
641,6,443.89508056640625,427.2358093261719,9.913697242736816,5.4930853843688965,1,-1,-1,-1
641,87,220.28787231445312,476.19464111328125,8.854474067687988,4.7622971534729,1,-1,-1,-1
661,0,265.87652587890625,274.2179260253906,7.0878071784973145,4.158402919769287,1,-1,-1,-1
661,6,424.2538757324219,427.0975341796875,10.04810905456543,5.285048007965088,1,-1,-1,-1
661,87,218.67138671875,472.2735900878906,9.368675231933594,4.962323188781738,1,-1,-1,-1
681,87,218.44003295898438,448.7547912597656,8.165487289428711,4.844309329986572,1,-1,-1,-1
681,0,265.1058654785156,266.16229248046875,6.415653228759766,4.279093265533447,1,-1,-1,-1
681,6,392.0231628417969,426.60797119140625,10.827503204345703,5.053304195404053,1,-1,-1,-1
701,87,206.78701782226562,440.98291015625,8.42496395111084,5.304358959197998,1,-1,-1,-1
701,6,361.6422119140625,425.629150390625,10.575939178466797,5.530827045440674,1,-1,-1,-1
701,0,263.67376708984375,259.5296630859375,7.365760326385498,4.841573238372803,1,-1,-1,-1
721,6,357.14599609375,424.7166748046875,10.353548049926758,5.998715877532959,1,-1,-1,-1
721,0,263.7094421386719,257.9941711425781,7.207755088806152,4.593972206115723,1,-1,-1,-1
721,87,162.97216796875,440.8430480957031,8.712944984436035,5.542892932891846,1,-1,-1,-1
741,6,375.7906494140625,425.4933166503906,10.589027404785156,5.455907821655273,1,-1,-1,-1
741,0,264.24639892578125,259.08782958984375,7.333742141723633,4.402234077453613,1,-1,-1,-1
741,87,137.74142456054688,437.1725158691406,8.471071243286133,4.862918853759766,1,-1,-1,-1
761,6,413.56805419921875,426.4631042480469,11.213621139526367,5.386341094970703,1,-1,-1,-1
761,0,264.3044738769531,256.66046142578125,7.338095664978027,4.225597381591797,1,-1,-1,-1
761,87,118.4135513305664,420.35504150390625,8.967399597167969,4.548496723175049,1,-1,-1,-1
781,0,263.1109313964844,249.23013305664062,7.079422950744629,4.909733772277832,1,-1,-1,-1
781,89,96.8800277709961,390.0035095214844,8.980585098266602,5.218137264251709,1,-1,-1,-1
781,87,464.3861083984375,426.99578857421875,10.903292655944824,5.007381916046143,1,-1,-1,-1
801,87,496.42913818359375,427.5516052246094,10.91374397277832,5.142684459686279,1,-1,-1,-1
801,6,83.68119049072266,363.7141418457031,9.163016319274902,7.576535701751709,1,-1,-1,-1
801,0,262.3721923828125,246.74176025390625,7.363271236419678,4.172471523284912,1,-1,-1,-1
821,6,511.2092590332031,426.7715759277344,10.35855770111084,5.934267997741699,1,-1,-1,-1
821,0,261.7868347167969,242.69552612304688,7.340061187744141,4.669289588928223,1,-1,-1,-1
821,87,114.62889099121094,353.9615783691406,9.28895378112793,6.832574367523193,1,-1,-1,-1
841,6,518.3685302734375,426.8903503417969,10.569633483886719,5.48398494720459,1,-1,-1,-1
841,87,183.8979949951172,346.8430480957031,10.689335823059082,6.758632659912109,1,-1,-1,-1
841,0,261.09307861328125,240.1341094970703,7.568979740142822,4.552358627319336,1,-1,-1,-1
861,6,533.9747314453125,426.74945068359375,9.663323402404785,5.602656364440918,1,-1,-1,-1
861,87,218.00070190429688,346.80059814453125,10.610947608947754,5.180842399597168,1,-1,-1,-1
861,0,261.1996154785156,240.204345703125,7.49727201461792,4.453872203826904,1,-1,-1,-1
881,87,540.4765625,426.9422607421875,10.618847846984863,5.374792575836182,1,-1,-1,-1
881,6,221.7771759033203,351.5335388183594,10.108270645141602,6.319751739501953,1,-1,-1,-1
881,0,264.9791259765625,239.9095916748047,6.915468215942383,4.806564807891846,1,-1,-1,-1
901,0,291.6424560546875,237.3313446044922,7.692336559295654,4.136577606201172,1,-1,-1,-1
901,6,223.37051391601562,373.16485595703125,8.653823852539062,3.8522298336029053,1,-1,-1,-1
901,87,540.6920776367188,426.9742431640625,10.427107810974121,4.948843479156494,1,-1,-1,-1
921,0,313.74139404296875,235.09815979003906,6.937108039855957,4.514747142791748,1,-1,-1,-1
921,6,223.63648986816406,379.0627746582031,8.984829902648926,4.378725528717041,1,-1,-1,-1
921,87,540.5315551757812,427.0477294921875,9.617358207702637,4.794661521911621,1,-1,-1,-1
941,0,315.87945556640625,234.6534423828125,7.096766948699951,4.232613563537598,1,-1,-1,-1
941,6,224.83908081054688,363.2498474121094,8.837257385253906,4.92661714553833,1,-1,-1,-1
941,87,534.4635009765625,426.79351806640625,9.301983833312988,5.394059658050537,1,-1,-1,-1
961,87,520.582763671875,426.8930358886719,10.5567626953125,5.584500789642334,1,-1,-1,-1
961,0,315.1053771972656,223.95591735839844,7.247365951538086,3.3935065269470215,1,-1,-1,-1
961,6,225.42788696289062,323.7442321777344,8.661218643188477,5.476743698120117,1,-1,-1,-1
981,87,517.7041015625,427.01629638671875,10.252740859985352,5.243006706237793,1,-1,-1,-1
981,0,310.6705017089844,193.5440216064453,7.810691833496094,5.022439002990723,1,-1,-1,-1
981,6,226.41343688964844,308.9974060058594,8.55134391784668,3.559459686279297,1,-1,-1,-1
1001,87,518.3641967773438,427.2135314941406,10.485249519348145,5.242098808288574,1,-1,-1,-1
1001,6,227.35511779785156,290.1330871582031,9.092281341552734,6.6278486251831055,1,-1,-1,-1
1001,0,308.0,167.55517578125,8.380460739135742,5.771178722381592,1,-1,-1,-1
1021,87,518.4984741210938,427.2084655761719,10.144220352172852,5.212372779846191,1,-1,-1,-1
1021,6,226.43212890625,291.6558532714844,9.52006721496582,6.540914058685303,1,-1,-1,-1
1021,0,308.2867126464844,164.0734100341797,8.4385404586792,5.320822715759277,1,-1,-1,-1
1041,87,517.7198486328125,427.13800048828125,10.492466926574707,5.080181121826172,1,-1,-1,-1
1041,6,225.96839904785156,316.71710205078125,9.15828800201416,6.678646564483643,1,-1,-1,-1
1041,0,309.6982727050781,173.76658630371094,7.800511360168457,5.413834571838379,1,-1,-1,-1
1061,87,517.147216796875,427.0751037597656,10.593262672424316,5.214845657348633,1,-1,-1,-1
1061,0,312.1736145019531,207.18472290039062,8.276620864868164,5.605103492736816,1,-1,-1,-1
1061,6,227.23556518554688,353.9772033691406,8.169821739196777,6.031269550323486,1,-1,-1,-1
1081,87,516.868408203125,427.244873046875,10.622607231140137,5.207103252410889,1,-1,-1,-1
1081,0,308.8284606933594,242.90635681152344,7.864872932434082,7.464691162109375,1,-1,-1,-1
1081,6,229.96945190429688,394.3592529296875,7.135512351989746,5.116718292236328,1,-1,-1,-1
1101,87,515.9347534179688,427.41259765625,10.308972358703613,5.270223617553711,1,-1,-1,-1
1101,0,267.5828552246094,273.0322265625,9.379594802856445,5.720961093902588,1,-1,-1,-1
1101,6,233.11141967773438,427.31689453125,6.554989337921143,3.7591357231140137,1,-1,-1,-1
1121,87,507.4310302734375,427.6333312988281,10.305113792419434,5.445598602294922,1,-1,-1,-1
1121,6,227.03411865234375,441.7113037109375,7.184290409088135,4.416497707366943,1,-1,-1,-1
1121,0,220.28955078125,280.58642578125,8.721502304077148,5.425166606903076,1,-1,-1,-1
1141,87,488.4989929199219,427.6306457519531,10.093650817871094,5.361262321472168,1,-1,-1,-1
1141,6,197.803466796875,447.47906494140625,7.650473594665527,3.88852596282959,1,-1,-1,-1
1141,0,208.1470947265625,281.99114990234375,8.18382453918457,4.942962646484375,1,-1,-1,-1
1161,0,208.6770477294922,282.2286071777344,7.898719310760498,5.058526515960693,1,-1,-1,-1
1161,6,174.31570434570312,447.6252136230469,7.046478271484375,3.7663094997406006,1,-1,-1,-1
1161,87,457.07965087890625,427.91790771484375,9.916272163391113,5.092233180999756,1,-1,-1,-1
1181,87,420.85498046875,427.69281005859375,10.091827392578125,5.318917274475098,1,-1,-1,-1
1181,0,223.169189453125,280.88482666015625,8.150764465332031,5.3770575523376465,1,-1,-1,-1
1181,6,160.80477905273438,437.508056640625,6.972213268280029,4.172911643981934,1,-1,-1,-1
1201,0,241.76043701171875,278.7265319824219,8.492466926574707,5.441651344299316,1,-1,-1,-1
1201,87,377.720947265625,425.9940490722656,10.62860107421875,6.655108451843262,1,-1,-1,-1
1201,6,146.78732299804688,417.5704650878906,7.353749752044678,4.536823749542236,1,-1,-1,-1
1221,87,359.98681640625,419.58978271484375,9.563820838928223,5.306900978088379,1,-1,-1,-1
1221,0,281.36944580078125,274.38043212890625,9.212091445922852,5.148096084594727,1,-1,-1,-1
1221,6,130.3380889892578,387.3447570800781,7.598790168762207,4.626851558685303,1,-1,-1,-1
1241,6,108.24286651611328,364.7593688964844,8.681037902832031,4.575990676879883,1,-1,-1,-1
1241,87,357.78466796875,404.0672302246094,9.754040718078613,5.385830402374268,1,-1,-1,-1
1241,0,302.1031799316406,272.6382751464844,8.582507133483887,4.658621311187744,1,-1,-1,-1
1261,6,83.52815246582031,364.7420959472656,9.491857528686523,7.335282325744629,1,-1,-1,-1
1261,0,304.214111328125,272.5617370605469,8.4274263381958,4.407246112823486,1,-1,-1,-1
1261,87,357.115234375,389.023681640625,9.859684944152832,5.258040904998779,1,-1,-1,-1
1281,6,64.54772186279297,399.8277282714844,10.892606735229492,7.480484485626221,1,-1,-1,-1
1281,0,302.5574645996094,273.0273132324219,8.82286262512207,5.515338897705078,1,-1,-1,-1
1281,87,356.71856689453125,387.4640808105469,10.105466842651367,5.3257060050964355,1,-1,-1,-1
1301,6,56.772071838378906,448.66143798828125,10.48327350616455,6.690267086029053,1,-1,-1,-1
1301,87,367.8476257324219,387.4733581542969,10.388446807861328,5.728048801422119,1,-1,-1,-1
1301,0,302.598388671875,279.57421875,8.481792449951172,5.78827428817749,1,-1,-1,-1
1321,87,402.2005920410156,388.34381103515625,10.497847557067871,6.07319450378418,1,-1,-1,-1
1321,0,304.7098693847656,299.16424560546875,8.241739273071289,6.354786396026611,1,-1,-1,-1
1321,6,85.80929565429688,459.31597900390625,11.928775787353516,6.519794464111328,1,-1,-1,-1
1341,0,308.33026123046875,331.855224609375,8.005548477172852,5.999844074249268,1,-1,-1,-1
1341,6,152.85890197753906,458.04931640625,12.949121475219727,6.080644607543945,1,-1,-1,-1
1341,87,444.4761962890625,388.896240234375,8.780797958374023,6.945617198944092,1,-1,-1,-1
1361,6,200.45758056640625,459.4336242675781,12.324115753173828,7.1066575050354,1,-1,-1,-1
1361,0,294.5820617675781,366.345458984375,7.212238311767578,5.3953657150268555,1,-1,-1,-1
1361,87,456.7290954589844,390.567626953125,9.641214370727539,4.901557922363281,1,-1,-1,-1
1381,0,257.206298828125,395.4183044433594,7.927186489105225,3.870858907699585,1,-1,-1,-1
1381,6,233.88760375976562,473.3691101074219,11.549696922302246,5.870169639587402,1,-1,-1,-1
1381,87,457.57403564453125,390.5108337402344,9.143153190612793,4.946904182434082,1,-1,-1,-1
1401,0,226.6592254638672,415.2124328613281,6.215106964111328,3.622304916381836,1,-1,-1,-1
1401,6,240.2729034423828,486.4110412597656,11.159687042236328,6.480254650115967,1,-1,-1,-1
1401,87,456.8618469238281,390.2567138671875,9.332512855529785,4.91569185256958,1,-1,-1,-1
1421,0,217.12416076660156,419.98846435546875,6.989577293395996,3.528729200363159,1,-1,-1,-1
1421,6,234.8109130859375,493.8159484863281,11.329326629638672,5.37069845199585,1,-1,-1,-1
1421,87,456.77020263671875,390.17962646484375,9.401169776916504,4.990612983703613,1,-1,-1,-1
1441,6,232.11981201171875,459.7538757324219,9.391175270080566,5.6224236488342285,1,-1,-1,-1
1441,0,212.50054931640625,414.4367370605469,6.523921489715576,3.729365825653076,1,-1,-1,-1
1441,87,456.691650390625,390.32525634765625,9.559855461120605,5.018831253051758,1,-1,-1,-1
1461,0,204.7508544921875,400.6956787109375,6.702783107757568,3.8495705127716064,1,-1,-1,-1
1461,6,230.24366760253906,422.9344482421875,8.768499374389648,6.0535664558410645,1,-1,-1,-1
1461,87,456.67901611328125,390.41693115234375,9.654213905334473,4.943697929382324,1,-1,-1,-1
1481,0,200.7227783203125,392.7570495605469,6.758652210235596,3.7024459838867188,1,-1,-1,-1
1481,6,208.48049926757812,420.1654052734375,9.104796409606934,6.210901737213135,1,-1,-1,-1
1481,87,456.4259338378906,390.3807373046875,9.678797721862793,5.095524787902832,1,-1,-1,-1
1501,0,196.66775512695312,384.8578796386719,6.970648288726807,3.423879384994507,1,-1,-1,-1
1501,6,149.0008544921875,425.5408935546875,9.847249031066895,4.788901329040527,1,-1,-1,-1
1501,87,456.4048767089844,390.4004211425781,9.808996200561523,5.061806678771973,1,-1,-1,-1
1521,0,187.76268005371094,366.600830078125,7.278486251831055,4.156292915344238,1,-1,-1,-1
1521,6,104.99832916259766,425.5350036621094,8.998598098754883,4.758060455322266,1,-1,-1,-1
1521,87,456.64520263671875,390.3681335449219,9.676801681518555,4.848869323730469,1,-1,-1,-1
1541,6,69.19505310058594,409.76104736328125,9.59460163116455,5.131446838378906,1,-1,-1,-1
1541,0,176.3837432861328,339.6961364746094,7.489972114562988,4.871100425720215,1,-1,-1,-1
1541,87,456.7925720214844,390.27484130859375,9.554755210876465,4.805052757263184,1,-1,-1,-1
1561,0,181.28074645996094,312.0118408203125,8.136107444763184,5.779248237609863,1,-1,-1,-1
1561,6,27.37560272216797,375.90460205078125,10.23541259765625,8.384920120239258,1,-1,-1,-1
1561,87,456.82220458984375,390.072265625,9.399835586547852,4.732112884521484,1,-1,-1,-1
1581,6,12.60399341583252,359.4660949707031,9.399456024169922,7.421405792236328,1,-1,-1,-1
1581,0,223.28515625,286.1820983886719,8.94506549835205,5.122586250305176,1,-1,-1,-1
1581,87,457.6944274902344,395.968017578125,9.602265357971191,5.30587911605835,1,-1,-1,-1
1601,0,298.49169921875,261.2779846191406,11.014127731323242,5.119789123535156,1,-1,-1,-1
1601,6,47.8603515625,350.5064392089844,10.70359992980957,6.9675798416137695,1,-1,-1,-1
1601,87,458.181884765625,401.0394592285156,9.777584075927734,4.857802391052246,1,-1,-1,-1
1621,0,388.11376953125,236.4197998046875,12.02716064453125,5.693453311920166,1,-1,-1,-1
1621,6,128.14767456054688,341.55487060546875,13.084623336791992,5.458883762359619,1,-1,-1,-1
1621,87,453.93951416015625,400.8522644042969,9.77105712890625,5.158750534057617,1,-1,-1,-1
1641,6,203.59402465820312,333.1024169921875,11.672249794006348,8.222382545471191,1,-1,-1,-1
1641,0,447.9352111816406,221.16624450683594,8.240816116333008,7.214785099029541,1,-1,-1,-1
1641,87,438.4779052734375,400.3284606933594,10.332045555114746,5.211413860321045,1,-1,-1,-1
1661,6,228.03240966796875,364.43878173828125,11.018820762634277,7.017106533050537,1,-1,-1,-1
1661,87,414.0615539550781,399.6808166503906,10.102764129638672,4.778000831604004,1,-1,-1,-1
1661,0,446.79937744140625,216.25357055664062,8.819808006286621,6.239694595336914,1,-1,-1,-1
1681,87,389.19818115234375,394.715576171875,9.601624488830566,5.6999430656433105,1,-1,-1,-1
1681,6,231.17547607421875,412.9538879394531,10.601119995117188,7.290725231170654,1,-1,-1,-1
1681,0,407.47174072265625,215.97645568847656,8.907824516296387,5.842911243438721,1,-1,-1,-1
1701,87,382.6943359375,370.0293273925781,9.760455131530762,5.773303985595703,1,-1,-1,-1
1701,0,351.03680419921875,217.84315490722656,9.652206420898438,6.594729423522949,1,-1,-1,-1
1701,6,184.72640991210938,421.52313232421875,12.771076202392578,6.235649108886719,1,-1,-1,-1
1721,87,382.1470642089844,356.1883239746094,9.097715377807617,5.149621963500977,1,-1,-1,-1
1721,0,329.0271301269531,220.85540771484375,9.40595817565918,6.759692192077637,1,-1,-1,-1
1721,6,145.53599548339844,422.72027587890625,11.654292106628418,7.757144451141357,1,-1,-1,-1
1741,0,287.6678771972656,225.99928283691406,9.978067398071289,6.37669038772583,1,-1,-1,-1
1741,87,384.29852294921875,355.5208740234375,9.619707107543945,5.723235130310059,1,-1,-1,-1
1741,6,143.49391174316406,440.43194580078125,11.108583450317383,7.550834655761719,1,-1,-1,-1
1761,87,401.7675476074219,355.8618469238281,10.251052856445312,6.054008960723877,1,-1,-1,-1
1761,0,225.99343872070312,232.53123474121094,10.377644538879395,6.233619213104248,1,-1,-1,-1
1761,6,156.52603149414062,469.1763916015625,11.449060440063477,7.412650108337402,1,-1,-1,-1
1781,6,176.274169921875,499.6907958984375,11.188394546508789,7.014087677001953,1,-1,-1,-1
1781,0,163.29351806640625,240.1920166015625,8.809391021728516,5.8005805015563965,1,-1,-1,-1
1781,87,438.5396728515625,357.1598815917969,10.820536613464355,5.367309093475342,1,-1,-1,-1
1801,87,481.891845703125,357.85479736328125,8.704825401306152,7.388913154602051,1,-1,-1,-1
1801,0,145.3086395263672,242.49916076660156,9.50851821899414,5.875861167907715,1,-1,-1,-1
1821,0,156.3125762939453,239.92982482910156,8.934502601623535,6.269142150878906,1,-1,-1,-1
1821,87,494.7027587890625,360.13677978515625,8.899740219116211,5.267818927764893,1,-1,-1,-1
1841,0,201.76895141601562,233.31756591796875,10.336984634399414,6.142387390136719,1,-1,-1,-1
1841,87,495.3634948730469,360.38275146484375,9.44063663482666,5.341403007507324,1,-1,-1,-1
1861,0,280.2481994628906,226.03224182128906,11.526360511779785,5.397881031036377,1,-1,-1,-1
1861,87,492.2393798828125,360.6614990234375,9.064454078674316,5.160898685455322,1,-1,-1,-1
1881,87,481.54400634765625,360.28131103515625,9.375444412231445,5.2815446853637695,1,-1,-1,-1
1881,0,356.55157470703125,226.18576049804688,11.23127555847168,5.833693504333496,1,-1,-1,-1
1901,0,408.57843017578125,232.83840942382812,9.176018714904785,5.891244411468506,1,-1,-1,-1
1901,87,462.9844665527344,359.8760986328125,9.188772201538086,5.162012100219727,1,-1,-1,-1
1921,87,435.78778076171875,358.5355224609375,9.257155418395996,4.871978759765625,1,-1,-1,-1
1921,0,412.92388916015625,237.19252014160156,8.071325302124023,7.0245256423950195,1,-1,-1,-1
1941,87,401.21038818359375,356.2621154785156,9.374730110168457,6.602599620819092,1,-1,-1,-1
1941,0,373.2803039550781,244.75991821289062,9.34904956817627,5.97365665435791,1,-1,-1,-1
1961,0,306.7654724121094,253.7095184326172,10.474504470825195,5.828954696655273,1,-1,-1,-1
1961,87,385.96875,366.4691467285156,9.329022407531738,6.105125904083252,1,-1,-1,-1
1981,0,242.14703369140625,262.90478515625,10.363205909729004,6.165002346038818,1,-1,-1,-1
1981,87,387.7587890625,388.34466552734375,9.755249977111816,5.542190074920654,1,-1,-1,-1
1981,100,140.09727478027344,497.35791015625,9.530984878540039,4.703820705413818,1,-1,-1,-1
2001,87,391.0653076171875,404.672607421875,9.574226379394531,4.951379776000977,1,-1,-1,-1
2001,0,197.44961547851562,283.07562255859375,9.529257774353027,6.866015911102295,1,-1,-1,-1
2001,100,104.23867797851562,465.77032470703125,9.964311599731445,5.712230205535889,1,-1,-1,-1
2021,0,173.2095947265625,317.5987243652344,8.528407096862793,6.802033424377441,1,-1,-1,-1
2021,100,62.988670349121094,422.49676513671875,10.829898834228516,8.432085037231445,1,-1,-1,-1
2021,87,390.4168701171875,399.7580871582031,9.516145706176758,4.631289482116699,1,-1,-1,-1
2041,100,55.87299728393555,400.0233459472656,11.034473419189453,8.041850090026855,1,-1,-1,-1
2041,87,387.9443054199219,385.8714294433594,9.936860084533691,4.973729133605957,1,-1,-1,-1
2041,0,165.1520538330078,358.2729187011719,7.599069595336914,5.315191745758057,1,-1,-1,-1
2061,87,388.40399169921875,387.550537109375,9.669042587280273,4.9430694580078125,1,-1,-1,-1
2061,0,172.6416015625,392.5953369140625,6.8231892585754395,5.37404203414917,1,-1,-1,-1
2061,100,77.97802734375,384.2272033691406,11.590155601501465,7.110638618469238,1,-1,-1,-1
2081,87,391.71136474609375,413.1441650390625,9.16462230682373,5.350534439086914,1,-1,-1,-1
2081,0,206.4531707763672,419.6067199707031,7.266819477081299,4.374070644378662,1,-1,-1,-1
2081,100,83.50160217285156,337.5422058105469,11.51272964477539,8.092530250549316,1,-1,-1,-1
2101,0,249.92845153808594,438.9351806640625,6.783627510070801,4.092998027801514,1,-1,-1,-1
2101,100,89.91522216796875,285.337646484375,11.842007637023926,7.953667640686035,1,-1,-1,-1
2101,87,394.2603759765625,440.9495849609375,10.197981834411621,5.273417949676514,1,-1,-1,-1
2121,0,272.3993225097656,449.58367919921875,6.580810070037842,3.6468863487243652,1,-1,-1,-1
2121,100,98.23604583740234,235.84085083007812,10.803208351135254,7.587324619293213,1,-1,-1,-1
2121,87,393.18304443359375,435.2317810058594,10.353011131286621,5.573358058929443,1,-1,-1,-1
2141,0,280.7259216308594,448.58892822265625,6.627324104309082,3.68050217628479,1,-1,-1,-1
2141,87,388.8277587890625,409.7672119140625,9.811073303222656,5.131161212921143,1,-1,-1,-1
2141,100,104.82738494873047,188.27249145507812,11.04236125946045,8.593852996826172,1,-1,-1,-1
2161,0,283.5585632324219,437.9747314453125,6.459939002990723,3.621248245239258,1,-1,-1,-1
2161,87,386.9334411621094,392.91949462890625,9.390238761901855,4.994420528411865,1,-1,-1,-1
2161,100,110.60370635986328,145.56466674804688,10.267071723937988,8.781901359558105,1,-1,-1,-1
2181,0,280.53961181640625,419.1937561035156,6.73537540435791,4.189764022827148,1,-1,-1,-1
2181,87,388.8482971191406,392.4756164550781,9.817625045776367,5.517477989196777,1,-1,-1,-1
2181,100,115.61239624023438,105.88257598876953,10.535333633422852,8.842470169067383,1,-1,-1,-1
2201,87,410.6021728515625,393.01458740234375,9.694500923156738,5.729526042938232,1,-1,-1,-1
2201,0,258.71063232421875,401.1664123535156,7.229365348815918,4.18353271484375,1,-1,-1,-1
2201,100,121.3804931640625,82.26576232910156,9.43220329284668,6.705182075500488,1,-1,-1,-1
2221,0,215.781982421875,387.7663879394531,8.008435249328613,3.6914570331573486,1,-1,-1,-1
2221,100,142.69129943847656,65.1064224243164,9.872023582458496,5.994039058685303,1,-1,-1,-1
2221,87,452.57177734375,394.52655029296875,10.498231887817383,5.2746100425720215,1,-1,-1,-1
2241,87,507.5401306152344,395.737060546875,10.32063102722168,5.678866863250732,1,-1,-1,-1
2241,0,173.7563934326172,374.2205505371094,8.016728401184082,3.6520869731903076,1,-1,-1,-1
2241,100,178.136474609375,37.321537017822266,10.322751998901367,9.22611141204834,1,-1,-1,-1
2261,87,539.905517578125,397.6783752441406,9.666972160339355,6.5201568603515625,1,-1,-1,-1
2261,0,141.0921173095703,358.2430419921875,7.88081693649292,6.050027847290039,1,-1,-1,-1
2261,100,188.39892578125,37.2625617980957,10.488137245178223,8.352339744567871,1,-1,-1,-1
2281,87,554.5352783203125,421.3114318847656,9.311206817626953,5.545199394226074,1,-1,-1,-1
2281,0,133.74826049804688,358.0191955566406,7.920358180999756,4.5863494873046875,1,-1,-1,-1
2281,100,189.40277099609375,40.14922332763672,10.541326522827148,6.869062423706055,1,-1,-1,-1
2301,87,554.2649536132812,423.860107421875,9.539019584655762,5.260967254638672,1,-1,-1,-1
2301,0,140.47381591796875,354.6165771484375,7.500791072845459,4.918729782104492,1,-1,-1,-1
2301,100,189.8945770263672,43.08344650268555,10.248560905456543,7.85767126083374,1,-1,-1,-1
2321,100,196.79592895507812,71.74992370605469,9.671985626220703,8.0191068649292,1,-1,-1,-1
2321,0,169.41983032226562,347.2677917480469,8.364739418029785,5.718053817749023,1,-1,-1,-1
2321,87,548.5305786132812,401.97833251953125,9.454338073730469,5.260591983795166,1,-1,-1,-1
2329,100,201.51368713378906,89.82261657714844,9.41592025756836,8.048088073730469,1,-1,-1,-1
2329,0,178.3134307861328,346.0131530761719,8.130440711975098,5.918285369873047,1,-1,-1,-1
2329,87,546.489990234375,393.7871398925781,9.314349174499512,5.440214157104492,1,-1,-1,-1
