1,0,295.169677734375,279.87109375,19.78582000732422,6.492809295654297,1,-1,-1,-1
1,1,188.78811645507812,234.73614501953125,112.63343811035156,39.629302978515625,1,-1,-1,-1
21,0,291.349609375,276.20379638671875,22.667448043823242,6.4673590660095215,1,-1,-1,-1
21,1,188.1158447265625,235.326904296875,110.90408325195312,38.85150909423828,1,-1,-1,-1
41,0,291.7284851074219,276.3777160644531,21.316387176513672,6.12816047668457,1,-1,-1,-1
41,1,186.5751953125,234.81463623046875,108.2569808959961,38.36894226074219,1,-1,-1,-1
61,1,285.4104919433594,236.9254913330078,110.63421630859375,42.912567138671875,1,-1,-1,-1
61,0,292.2641296386719,276.9327697753906,19.7147216796875,5.858266830444336,1,-1,-1,-1
81,1,570.0048217773438,243.57566833496094,70.03319549560547,28.431182861328125,1,-1,-1,-1
81,0,292.45123291015625,277.29547119140625,21.56247329711914,6.038458824157715,1,-1,-1,-1
101,1,208.27500915527344,264.8605041503906,7.945166110992432,4.224390983581543,1,-1,-1,-1
101,0,292.1894836425781,277.6859130859375,21.114320755004883,5.227916717529297,1,-1,-1,-1
121,0,292.7517395019531,277.3872985839844,21.96894645690918,5.81385612487793,1,-1,-1,-1
121,1,208.72824096679688,241.24317932128906,8.530377388000488,4.054137229919434,1,-1,-1,-1
141,3,539.79541015625,242.470703125,95.93062591552734,28.23590087890625,1,-1,-1,-1
141,0,292.64898681640625,277.2528991699219,22.543676376342773,6.094593048095703,1,-1,-1,-1
141,1,209.14047241210938,229.3955535888672,8.44537353515625,3.940803050994873,1,-1,-1,-1
161,0,293.86798095703125,288.1277770996094,23.09827995300293,7.25795316696167,1,-1,-1,-1
161,3,39.81951141357422,231.4689178466797,120.56465911865234,36.05083084106445,1,-1,-1,-1
161,1,209.64462280273438,199.6339111328125,8.421412467956543,4.450065612792969,1,-1,-1,-1
181,0,292.97637939453125,321.9002685546875,20.29852294921875,7.799544334411621,1,-1,-1,-1
181,1,210.23760986328125,180.9984130859375,8.214396476745605,3.6280202865600586,1,-1,-1,-1
201,0,242.02481079101562,323.38433837890625,20.871641159057617,6.464570045471191,1,-1,-1,-1
201,1,209.93040466308594,180.9917755126953,8.114025115966797,3.329926013946533,1,-1,-1,-1
221,5,0.09869575500488281,231.01980590820312,120.90911102294922,44.64997863769531,1,-1,-1,-1
221,0,195.69908142089844,321.08038330078125,21.88658905029297,8.667527198791504,1,-1,-1,-1
221,1,209.94497680664062,181.3435821533203,7.9013824462890625,3.4736440181732178,1,-1,-1,-1
241,5,503.05865478515625,244.6876983642578,109.097900390625,44.67355728149414,1,-1,-1,-1
241,0,227.87538146972656,322.6149597167969,22.08601951599121,8.291987419128418,1,-1,-1,-1
241,1,211.09861755371094,181.25416564941406,8.5664644241333,4.930147647857666,1,-1,-1,-1
261,0,327.21392822265625,314.31903076171875,23.641721725463867,7.256111145019531,1,-1,-1,-1
261,1,230.16339111328125,182.95326232910156,8.071868896484375,3.189821243286133,1,-1,-1,-1
281,0,395.58538818359375,251.6551055908203,22.196537017822266,8.572021484375,1,-1,-1,-1
281,1,241.22100830078125,183.26651000976562,7.728499412536621,3.614240884780884,1,-1,-1,-1
301,7,600.0012817382812,139.24407958984375,39.6787109375,24.75339126586914,1,-1,-1,-1
301,0,388.1394958496094,247.5621795654297,21.924570083618164,8.396871566772461,1,-1,-1,-1
301,1,221.65859985351562,181.9435577392578,8.241228103637695,4.02634859085083,1,-1,-1,-1
321,0,305.44696044921875,249.0375518798828,22.240047454833984,8.732013702392578,1,-1,-1,-1
321,1,184.80801391601562,179.8018798828125,7.972691059112549,4.3224005699157715,1,-1,-1,-1
321,7,596.7525634765625,242.13412475585938,42.89380645751953,21.538057327270508,1,-1,-1,-1
341,7,578.5077514648438,260.0244140625,60.422725677490234,23.328187942504883,1,-1,-1,-1
341,1,170.208984375,179.44488525390625,7.9178924560546875,4.283844470977783,1,-1,-1,-1
341,0,167.15802001953125,291.0680236816406,18.799226760864258,7.468017101287842,1,-1,-1,-1
361,7,538.338623046875,295.78509521484375,78.04888153076172,24.052288055419922,1,-1,-1,-1
361,1,179.24964904785156,180.15081787109375,8.043149948120117,4.717211723327637,1,-1,-1,-1
361,0,50.77179718017578,302.7847595214844,13.435139656066895,6.3698201179504395,1,-1,-1,-1
381,7,487.6864013671875,314.3602600097656,52.538509368896484,16.546796798706055,1,-1,-1,-1
381,0,22.321319580078125,298.7152099609375,17.056425094604492,7.085235595703125,1,-1,-1,-1
381,1,208.69918823242188,182.41925048828125,8.316391944885254,4.362278938293457,1,-1,-1,-1
401,0,65.92152404785156,298.9744567871094,16.677471160888672,7.284083366394043,1,-1,-1,-1
401,7,434.76177978515625,332.2538146972656,41.99626541137695,12.800297737121582,1,-1,-1,-1
401,1,244.34996032714844,196.04214477539062,8.752718925476074,3.548265218734741,1,-1,-1,-1
421,7,385.6646728515625,345.8492736816406,32.51612091064453,10.404747009277344,1,-1,-1,-1
421,1,272.13427734375,241.0393524169922,7.531449317932129,3.5528621673583984,1,-1,-1,-1
421,0,106.52198028564453,301.4069519042969,19.255855560302734,6.911985874176025,1,-1,-1,-1
441,7,356.43695068359375,350.66412353515625,24.831588745117188,8.061319351196289,1,-1,-1,-1
461,0,198.25059509277344,235.23867797851562,21.921764373779297,5.981645584106445,1,-1,-1,-1
461,7,337.5929260253906,284.33551025390625,18.769954681396484,8.400555610656738,1,-1,-1,-1
481,7,324.6436767578125,231.8607177734375,15.837613105773926,7.221771717071533,1,-1,-1,-1
481,0,243.43142700195312,211.219482421875,19.619129180908203,6.913563251495361,1,-1,-1,-1
501,0,240.762939453125,203.90338134765625,19.93049430847168,6.844147205352783,1,-1,-1,-1
501,7,320.3597412109375,194.26718139648438,15.552562713623047,6.62528133392334,1,-1,-1,-1
521,0,235.0230255126953,267.36083984375,19.132904052734375,7.56092643737793,1,-1,-1,-1
521,7,313.784423828125,197.22459411621094,14.113290786743164,4.909719944000244,1,-1,-1,-1
541,7,292.9394226074219,197.6093292236328,14.127588272094727,5.165658473968506,1,-1,-1,-1
541,0,262.4295654296875,315.54034423828125,21.904769897460938,7.210662364959717,1,-1,-1,-1
561,7,259.5062561035156,197.25379943847656,14.805267333984375,5.216701984405518,1,-1,-1,-1
561,0,332.6877136230469,322.56732177734375,26.295700073242188,8.271958351135254,1,-1,-1,-1
581,0,398.80450439453125,290.5919189453125,22.57769775390625,8.393997192382812,1,-1,-1,-1
581,7,233.9915771484375,199.2030487060547,13.439498901367188,5.988262176513672,1,-1,-1,-1
601,0,394.8489074707031,258.9195251464844,27.7574462890625,9.43359661102295,1,-1,-1,-1
601,7,228.59378051757812,216.65301513671875,14.221906661987305,4.650347709655762,1,-1,-1,-1
621,7,229.73187255859375,212.8302001953125,14.400754928588867,4.486455917358398,1,-1,-1,-1
621,0,353.1415100097656,296.26904296875,26.993488311767578,11.905386924743652,1,-1,-1,-1
641,0,286.5369567871094,279.5365295410156,39.971004486083984,13.322739601135254,1,-1,-1,-1
641,7,226.82191467285156,198.8722381591797,15.511241912841797,7.812200546264648,1,-1,-1,-1
661,0,221.40719604492188,248.7652587890625,49.09330368041992,15.875244140625,1,-1,-1,-1
661,7,228.4838104248047,193.50588989257812,16.139667510986328,8.082575798034668,1,-1,-1,-1
681,7,264.4436950683594,192.81683349609375,16.076257705688477,7.436025142669678,1,-1,-1,-1
681,0,201.39657592773438,234.0791778564453,57.66395568847656,15.936259269714355,1,-1,-1,-1
701,0,194.57061767578125,218.93006896972656,73.04769134521484,17.73422622680664,1,-1,-1,-1
701,7,323.64862060546875,193.9630126953125,18.05539321899414,5.598918914794922,1,-1,-1,-1
721,0,207.57286071777344,189.9591522216797,64.76235961914062,24.342670440673828,1,-1,-1,-1
721,7,357.8432922363281,191.4236297607422,17.629833221435547,4.623702526092529,1,-1,-1,-1
741,8,165.78451538085938,235.4586944580078,8.040419578552246,4.239753246307373,1,-1,-1,-1
741,7,380.69061279296875,183.30039978027344,16.095413208007812,6.8433518409729,1,-1,-1,-1
741,0,260.4226989746094,180.1988067626953,74.69403076171875,20.66022491455078,1,-1,-1,-1
761,8,167.0933380126953,199.70803833007812,7.369775295257568,3.8762991428375244,1,-1,-1,-1
761,0,361.828369140625,168.87698364257812,73.58031463623047,26.94980812072754,1,-1,-1,-1
781,8,165.75392150878906,187.02760314941406,7.852170467376709,3.7461154460906982,1,-1,-1,-1
781,0,390.0080871582031,220.16177368164062,86.46656799316406,21.46038055419922,1,-1,-1,-1
781,7,342.3764343261719,175.7080535888672,18.860570907592773,4.890932559967041,1,-1,-1,-1
801,8,164.59286499023438,192.28981018066406,8.143710136413574,4.304274559020996,1,-1,-1,-1
801,0,411.4421081542969,236.6326446533203,77.79843139648438,23.166418075561523,1,-1,-1,-1
801,7,333.27752685546875,160.34634399414062,19.050161361694336,9.737481117248535,1,-1,-1,-1
821,8,163.100830078125,219.39309692382812,8.453310012817383,3.867302656173706,1,-1,-1,-1
821,0,427.5784912109375,251.64236450195312,80.31639099121094,24.320999145507812,1,-1,-1,-1
821,7,324.1004638671875,153.15011596679688,20.209596633911133,8.258535385131836,1,-1,-1,-1
841,0,459.0487976074219,274.8981628417969,65.55555725097656,21.597803115844727,1,-1,-1,-1
841,7,283.821044921875,146.97207641601562,21.304271697998047,8.105062484741211,1,-1,-1,-1
841,8,164.61642456054688,232.76718139648438,8.897710800170898,4.64689302444458,1,-1,-1,-1
861,7,231.3084259033203,142.14120483398438,22.57646942138672,5.867753982543945,1,-1,-1,-1
861,8,186.19979858398438,232.9527587890625,8.321983337402344,4.577258110046387,1,-1,-1,-1
861,0,505.2600402832031,314.2174072265625,109.32952880859375,27.51303482055664,1,-1,-1,-1
881,8,225.81787109375,233.88966369628906,9.065025329589844,4.751225471496582,1,-1,-1,-1
881,0,416.82867431640625,304.35687255859375,121.46101379394531,32.9116096496582,1,-1,-1,-1
881,7,196.3974609375,120.18146514892578,21.398408889770508,12.521526336669922,1,-1,-1,-1
901,0,330.99639892578125,294.8122253417969,117.32295989990234,38.98916244506836,1,-1,-1,-1
901,8,282.2155456542969,236.6942138671875,9.553665161132812,3.9923627376556396,1,-1,-1,-1
901,7,182.40126037597656,136.13037109375,22.743759155273438,12.268887519836426,1,-1,-1,-1
921,8,340.46270751953125,240.16232299804688,8.274147987365723,3.579218864440918,1,-1,-1,-1
921,0,353.58135986328125,281.8067626953125,135.3302459716797,37.20752716064453,1,-1,-1,-1
921,7,183.5079803466797,195.56222534179688,22.45536994934082,8.762130737304688,1,-1,-1,-1
941,8,370.8317565917969,265.0866394042969,8.287059783935547,4.238814830780029,1,-1,-1,-1
941,7,180.91326904296875,245.92294311523438,22.866188049316406,7.713043689727783,1,-1,-1,-1
961,8,377.0675048828125,280.2012634277344,7.2140212059021,3.412135601043701,1,-1,-1,-1
961,7,185.36619567871094,252.03152465820312,23.81037712097168,7.952943801879883,1,-1,-1,-1
981,7,225.0686492919922,252.24118041992188,24.04928970336914,9.528929710388184,1,-1,-1,-1
1001,7,307.9585266113281,254.3871307373047,25.222246170043945,8.518532752990723,1,-1,-1,-1
1001,8,365.0372314453125,319.18377685546875,12.048186302185059,5.770272731781006,1,-1,-1,-1
1021,7,425.617919921875,257.2914733886719,27.82402229309082,6.561507701873779,1,-1,-1,-1
1021,8,304.28521728515625,94.35575866699219,238.3879852294922,89.46627044677734,1,-1,-1,-1
1041,7,509.3080139160156,258.7113342285156,21.42925262451172,8.871826171875,1,-1,-1,-1
1061,7,505.9020690917969,257.6069030761719,22.191272735595703,8.552976608276367,1,-1,-1,-1
1061,8,194.2669677734375,246.4884490966797,208.15611267089844,69.6012954711914,1,-1,-1,-1
1081,8,323.9002990722656,254.56427001953125,185.87466430664062,71.81189727783203,1,-1,-1,-1
1081,7,443.4808349609375,256.0932312011719,16.219398498535156,6.129679203033447,1,-1,-1,-1
1101,8,315.435302734375,271.0542907714844,126.28565979003906,44.38666534423828,1,-1,-1,-1
1101,7,308.2896728515625,254.15402221679688,23.983964920043945,6.3097686767578125,1,-1,-1,-1
1121,7,188.20193481445312,250.0287628173828,23.733692169189453,10.28935432434082,1,-1,-1,-1
1121,8,206.64207458496094,266.7791442871094,205.14505004882812,60.551048278808594,1,-1,-1,-1
1141,8,412.0460510253906,267.90966796875,161.0594024658203,70.32745361328125,1,-1,-1,-1
1141,7,156.39280700683594,248.500244140625,22.915752410888672,10.715249061584473,1,-1,-1,-1
1161,7,191.3682403564453,249.60345458984375,23.545854568481445,9.974203109741211,1,-1,-1,-1
1161,8,191.95025634765625,230.50283813476562,7.751867294311523,3.812485933303833,1,-1,-1,-1
1181,7,273.5129699707031,251.84182739257812,23.26213836669922,8.673042297363281,1,-1,-1,-1
1181,8,195.01608276367188,212.5149688720703,7.689173221588135,4.278520584106445,1,-1,-1,-1
1201,7,356.4424133300781,255.15838623046875,24.9964542388916,6.875430583953857,1,-1,-1,-1
1201,8,208.60533142089844,213.7218780517578,8.228358268737793,4.253704071044922,1,-1,-1,-1
1221,7,393.41845703125,250.02427673339844,27.40963363647461,6.035312175750732,1,-1,-1,-1
1221,8,217.1623992919922,214.11216735839844,7.978524208068848,4.721548080444336,1,-1,-1,-1
1241,7,422.4545593261719,263.08282470703125,23.799543380737305,11.296685218811035,1,-1,-1,-1
1241,8,241.51206970214844,216.1790313720703,7.335730075836182,3.2796669006347656,1,-1,-1,-1
1261,8,251.80967712402344,215.6540985107422,7.905495643615723,4.03860330581665,1,-1,-1,-1
1261,7,423.18536376953125,314.2135314941406,23.633426666259766,6.994717121124268,1,-1,-1,-1
1281,8,260.66046142578125,215.3156280517578,7.986420631408691,3.6540257930755615,1,-1,-1,-1
1281,7,418.76092529296875,348.21875,24.141408920288086,6.864042282104492,1,-1,-1,-1
1301,8,264.4199523925781,214.52676391601562,7.598631858825684,4.066816806793213,1,-1,-1,-1
1301,7,418.1763000488281,362.0003967285156,24.45360565185547,6.9893999099731445,1,-1,-1,-1
1321,8,280.69744873046875,220.7653045654297,7.383546829223633,4.102682113647461,1,-1,-1,-1
1321,7,407.3038024902344,361.79449462890625,23.68375587463379,7.281060218811035,1,-1,-1,-1
1341,8,285.5777893066406,257.812255859375,7.608333587646484,3.8256189823150635,1,-1,-1,-1
1341,7,361.3119812011719,361.42633056640625,21.090986251831055,7.419173240661621,1,-1,-1,-1
1361,11,312.60565185546875,0.8795781135559082,21.44268798828125,10.675374984741211,1,-1,-1,-1
1361,7,259.5828552246094,300.4651184082031,27.968978881835938,12.1016206741333,1,-1,-1,-1
1381,7,129.41517639160156,243.06036376953125,29.130603790283203,15.476433753967285,1,-1,-1,-1
1381,11,344.4406433105469,0.06981134414672852,20.1449031829834,5.936161994934082,1,-1,-1,-1
1401,11,344.43951416015625,70.20658111572266,22.78343391418457,11.548687934875488,1,-1,-1,-1
1401,7,81.12430572509766,243.36207580566406,23.5378360748291,11.335807800292969,1,-1,-1,-1
1401,8,258.309814453125,305.7158508300781,14.221687316894531,7.271948337554932,1,-1,-1,-1
1421,7,120.21682739257812,233.8596649169922,25.849281311035156,11.183920860290527,1,-1,-1,-1
1421,11,341.97393798828125,183.47714233398438,24.236860275268555,9.056225776672363,1,-1,-1,-1
1421,8,257.9406433105469,306.1431884765625,14.272332191467285,7.204010963439941,1,-1,-1,-1
1441,11,344.53143310546875,256.98748779296875,25.056381225585938,7.649446964263916,1,-1,-1,-1
1441,7,223.42291259765625,209.76242065429688,27.710865020751953,10.126396179199219,1,-1,-1,-1
1441,8,257.91888427734375,306.37994384765625,13.831792831420898,6.961188316345215,1,-1,-1,-1
1461,11,342.5511169433594,274.57470703125,25.335426330566406,9.640458106994629,1,-1,-1,-1
1461,7,358.0105895996094,195.1168975830078,25.324981689453125,13.460869789123535,1,-1,-1,-1
1461,8,258.0121154785156,306.7290954589844,12.914371490478516,6.518459320068359,1,-1,-1,-1
1481,11,273.55242919921875,211.8287811279297,24.68773078918457,12.577038764953613,1,-1,-1,-1
1481,14,171.7981719970703,263.1002502441406,7.865217208862305,4.072761535644531,1,-1,-1,-1
1481,7,404.1775817871094,196.6924285888672,25.79932975769043,11.937017440795898,1,-1,-1,-1
1481,8,257.7725524902344,306.8460388183594,13.096693992614746,6.6530632972717285,1,-1,-1,-1
1501,11,256.4373474121094,148.5633544921875,23.79232406616211,8.46154499053955,1,-1,-1,-1
1501,14,199.59327697753906,257.5933837890625,6.883525371551514,3.724947929382324,1,-1,-1,-1
1501,7,366.6668701171875,190.98770141601562,26.596107482910156,10.737275123596191,1,-1,-1,-1
1521,7,272.08685302734375,196.7377166748047,28.06769371032715,12.330495834350586,1,-1,-1,-1
1521,11,257.8822326660156,145.5400848388672,24.367990493774414,7.819794178009033,1,-1,-1,-1
1521,14,241.71817016601562,255.0154571533203,8.020277976989746,4.147246360778809,1,-1,-1,-1
1541,11,257.4800109863281,160.92201232910156,23.911815643310547,8.396714210510254,1,-1,-1,-1
1541,7,136.6471710205078,231.95394897460938,29.28472137451172,7.536130428314209,1,-1,-1,-1
1541,14,284.4921875,256.36383056640625,7.476356506347656,3.5342326164245605,1,-1,-1,-1
1561,7,34.19563293457031,229.3392333984375,22.58842658996582,10.580140113830566,1,-1,-1,-1
1561,14,297.02325439453125,255.79238891601562,6.973499298095703,3.5421273708343506,1,-1,-1,-1
1561,11,252.775146484375,240.29660034179688,22.836162567138672,11.823674201965332,1,-1,-1,-1
1581,7,28.175432205200195,228.77633666992188,22.666797637939453,9.997411727905273,1,-1,-1,-1
1581,11,234.53509521484375,294.1832580566406,20.716136932373047,7.102475166320801,1,-1,-1,-1
1581,14,301.8238525390625,251.55381774902344,7.129714012145996,3.87499737739563,1,-1,-1,-1
1601,14,301.1419372558594,271.7165832519531,7.094688415527344,3.391273021697998,1,-1,-1,-1
1601,7,86.05706787109375,228.5880889892578,24.989633560180664,11.0867280960083,1,-1,-1,-1
1601,11,229.6654052734375,302.30419921875,17.523731231689453,6.390806674957275,1,-1,-1,-1
1621,7,201.20040893554688,267.3251037597656,28.530176162719727,11.506093978881836,1,-1,-1,-1
1621,11,231.05201721191406,303.1097412109375,18.313884735107422,5.627742290496826,1,-1,-1,-1
1641,7,333.77081298828125,303.29266357421875,23.411781311035156,8.930477142333984,1,-1,-1,-1
1641,11,231.98825073242188,303.2885437011719,19.103679656982422,5.608128547668457,1,-1,-1,-1
1661,7,363.841552734375,302.2895202636719,22.654836654663086,7.48622989654541,1,-1,-1,-1
1661,11,235.750732421875,318.2546691894531,16.269390106201172,6.482161998748779,1,-1,-1,-1
1681,7,360.6769104003906,303.3802185058594,22.15461540222168,6.264003753662109,1,-1,-1,-1
1681,11,232.1611785888672,343.5451354980469,17.28998565673828,5.477097988128662,1,-1,-1,-1
1701,7,358.7149353027344,303.1211853027344,22.668033599853516,6.853620529174805,1,-1,-1,-1
1701,11,226.9526824951172,346.78143310546875,15.83370590209961,6.2470173835754395,1,-1,-1,-1
1721,7,356.2809753417969,304.6856994628906,22.551538467407227,9.155182838439941,1,-1,-1,-1
1721,11,213.70150756835938,351.0270690917969,16.93547248840332,6.648465156555176,1,-1,-1,-1
1741,7,351.8094177246094,329.79913330078125,21.514507293701172,7.766844749450684,1,-1,-1,-1
1741,20,203.90684509277344,239.18203735351562,7.1990203857421875,3.9484949111938477,1,-1,-1,-1
1741,11,257.2649841308594,307.4719543457031,12.094840049743652,6.663908958435059,1,-1,-1,-1
1761,7,351.58868408203125,317.6593017578125,22.35105323791504,8.720002174377441,1,-1,-1,-1
1761,20,203.48953247070312,224.7779998779297,7.794546127319336,4.3622541427612305,1,-1,-1,-1
1761,11,257.5992126464844,306.9979248046875,12.335884094238281,6.468440055847168,1,-1,-1,-1
1781,7,349.9688415527344,246.8623809814453,25.526769638061523,7.128772735595703,1,-1,-1,-1
1781,11,208.60745239257812,312.1629943847656,12.28795051574707,4.896923542022705,1,-1,-1,-1
1781,20,220.31768798828125,216.781494140625,7.408164024353027,3.048959970474243,1,-1,-1,-1
1801,20,229.7359619140625,216.99131774902344,7.454718589782715,3.652904748916626,1,-1,-1,-1
1801,7,355.0499267578125,238.92153930664062,27.8978328704834,6.598315238952637,1,-1,-1,-1
1801,22,354.829345703125,238.93560791015625,28.14785385131836,6.655747413635254,1,-1,-1,-1
1801,11,207.35739135742188,313.328125,13.765960693359375,5.617772102355957,1,-1,-1,-1
1821,7,362.46417236328125,280.82916259765625,24.405681610107422,8.867469787597656,1,-1,-1,-1
1821,20,235.086181640625,217.95526123046875,7.9456048011779785,3.072736978530884,1,-1,-1,-1
1821,11,206.86463928222656,334.349853515625,12.854263305664062,6.017336368560791,1,-1,-1,-1
1841,7,363.5902099609375,283.989501953125,27.277355194091797,7.149891376495361,1,-1,-1,-1
1841,20,237.4758758544922,217.39883422851562,7.54416561126709,3.786543369293213,1,-1,-1,-1
1861,7,370.0787353515625,276.4040832519531,30.60330581665039,8.656149864196777,1,-1,-1,-1
1861,20,247.52078247070312,217.9332733154297,7.254654884338379,2.89766001701355,1,-1,-1,-1
1861,11,258.27276611328125,306.30206298828125,12.313343048095703,6.5156025886535645,1,-1,-1,-1
1881,20,258.010009765625,217.45179748535156,7.6512556076049805,3.655233383178711,1,-1,-1,-1
1881,7,344.677001953125,265.9047546386719,32.24818420410156,12.495522499084473,1,-1,-1,-1
1881,11,258.2081298828125,306.29681396484375,12.505279541015625,6.546823024749756,1,-1,-1,-1
1901,20,270.207763671875,218.8543701171875,7.528285026550293,3.7008211612701416,1,-1,-1,-1
1901,11,363.4678649902344,343.2455749511719,13.394561767578125,5.712346076965332,1,-1,-1,-1
1901,7,260.1019287109375,253.18272399902344,32.3582878112793,16.392114639282227,1,-1,-1,-1
1921,20,272.3465270996094,247.85736083984375,7.675817489624023,3.673827886581421,1,-1,-1,-1
1921,11,355.7117919921875,343.8189697265625,11.566776275634766,4.764195919036865,1,-1,-1,-1
1921,7,216.98602294921875,254.0177764892578,42.09204864501953,9.806918144226074,1,-1,-1,-1
1941,20,276.01434326171875,275.2395935058594,8.23904800415039,4.247127532958984,1,-1,-1,-1
1941,7,207.33499145507812,245.24871826171875,43.41307830810547,9.781935691833496,1,-1,-1,-1
1941,11,345.17315673828125,343.60772705078125,13.1433687210083,5.557859420776367,1,-1,-1,-1
1961,20,282.5649719238281,270.5399169921875,7.8393144607543945,3.261538505554199,1,-1,-1,-1
1961,7,207.10069274902344,239.948486328125,36.03913879394531,15.725979804992676,1,-1,-1,-1
1961,11,344.99578857421875,343.3819580078125,12.948556900024414,5.422051906585693,1,-1,-1,-1
1981,7,206.2283477783203,288.2672424316406,38.47356414794922,10.645380020141602,1,-1,-1,-1
1981,20,287.8675842285156,265.36370849609375,7.5079450607299805,4.015212535858154,1,-1,-1,-1
2001,11,364.08746337890625,338.1091003417969,11.471649169921875,5.614016532897949,1,-1,-1,-1
2001,7,206.82736206054688,287.01531982421875,39.6373176574707,10.84622859954834,1,-1,-1,-1
2001,20,285.907958984375,247.83213806152344,7.940648078918457,4.362936496734619,1,-1,-1,-1
2021,20,283.27978515625,215.2410125732422,7.436832904815674,3.5796422958374023,1,-1,-1,-1
2021,11,363.1300048828125,338.5271911621094,13.040481567382812,5.696372032165527,1,-1,-1,-1
2021,7,202.96080017089844,278.1529235839844,45.1453857421875,11.919323921203613,1,-1,-1,-1
2041,20,280.7561950683594,211.68115234375,6.946145057678223,3.463362216949463,1,-1,-1,-1
2041,11,360.5693054199219,338.9458312988281,13.431888580322266,6.342705249786377,1,-1,-1,-1
2041,7,192.7172088623047,255.5119171142578,48.57074737548828,19.727155685424805,1,-1,-1,-1
2061,20,289.870361328125,216.49612426757812,7.230138778686523,4.286565780639648,1,-1,-1,-1
2061,11,333.1452941894531,337.9361267089844,14.793944358825684,6.027732849121094,1,-1,-1,-1
2061,7,183.98745727539062,241.38963317871094,59.083900451660156,18.444255828857422,1,-1,-1,-1
2081,20,305.1269226074219,220.72264099121094,6.585202217102051,3.2621350288391113,1,-1,-1,-1
2081,11,328.9352722167969,338.0615234375,13.30695915222168,5.490321636199951,1,-1,-1,-1
2081,7,171.60763549804688,234.6545867919922,61.28753662109375,24.997495651245117,1,-1,-1,-1
2101,20,297.6672058105469,220.02047729492188,7.879183292388916,3.59505033493042,1,-1,-1,-1
2101,7,162.7812957763672,278.0816955566406,67.55665588378906,23.86540985107422,1,-1,-1,-1
2101,11,329.0586853027344,337.9609680175781,13.265148162841797,5.461361885070801,1,-1,-1,-1
2121,20,273.46820068359375,213.99392700195312,8.006147384643555,3.8803188800811768,1,-1,-1,-1
2121,7,157.8383331298828,277.1150207519531,81.17311096191406,20.998117446899414,1,-1,-1,-1
2121,11,329.7632141113281,337.92974853515625,12.435195922851562,5.675180912017822,1,-1,-1,-1
2141,7,143.64154052734375,296.2007751464844,75.57582092285156,25.272192001342773,1,-1,-1,-1
2141,11,330.3402099609375,344.363525390625,12.659045219421387,5.849340438842773,1,-1,-1,-1
2141,20,226.26449584960938,200.97743225097656,8.699749946594238,4.961413383483887,1,-1,-1,-1
2145,7,140.5623016357422,309.23687744140625,78.65434265136719,27.298017501831055,1,-1,-1,-1
2145,11,331.36907958984375,343.65313720703125,11.976069450378418,5.779782295227051,1,-1,-1,-1
2145,20,217.5782470703125,198.63624572753906,8.591370582580566,4.844881534576416,1,-1,-1,-1
