1,0,254.90647888183594,176.71365356445312,8.377195358276367,3.7435343265533447,1,-1,-1,-1
1,1,135.05377197265625,320.9268798828125,100.17622375488281,20.624942779541016,1,-1,-1,-1
1,2,320.4519348144531,346.2904052734375,16.468015670776367,6.639334201812744,1,-1,-1,-1
21,0,250.75445556640625,176.29124450683594,8.161871910095215,3.2222890853881836,1,-1,-1,-1
21,1,138.03323364257812,320.3829650878906,101.19746398925781,20.835872650146484,1,-1,-1,-1
21,2,318.55096435546875,346.3672790527344,15.684508323669434,6.526771545410156,1,-1,-1,-1
41,0,250.59388732910156,176.72598266601562,8.171602249145508,3.124924421310425,1,-1,-1,-1
41,1,141.32643127441406,319.70654296875,97.34452056884766,20.829660415649414,1,-1,-1,-1
41,2,323.973388671875,356.15313720703125,13.490463256835938,6.31415319442749,1,-1,-1,-1
61,0,250.55931091308594,176.7532958984375,8.255138397216797,3.2116520404815674,1,-1,-1,-1
61,1,135.09066772460938,318.0973205566406,104.33796691894531,21.86519432067871,1,-1,-1,-1
61,2,321.4802551269531,362.71099853515625,18.37682342529297,6.330562591552734,1,-1,-1,-1
81,0,249.8145751953125,176.8380584716797,8.487496376037598,3.4891357421875,1,-1,-1,-1
81,1,138.1647491455078,318.9549560546875,101.30732727050781,21.030561447143555,1,-1,-1,-1
81,2,337.6033935546875,360.59722900390625,18.075054168701172,6.393142223358154,1,-1,-1,-1
101,0,248.49668884277344,177.1922149658203,9.27394962310791,4.641483783721924,1,-1,-1,-1
101,2,345.2414245605469,359.8019104003906,21.56725311279297,6.749378204345703,1,-1,-1,-1
101,1,164.15127563476562,317.54534912109375,96.76347351074219,29.05541229248047,1,-1,-1,-1
121,0,247.1715545654297,183.1740264892578,7.814750671386719,3.5938711166381836,1,-1,-1,-1
121,1,349.2392272949219,322.062744140625,86.26783752441406,20.78498649597168,1,-1,-1,-1
121,2,340.8617858886719,359.18988037109375,20.716846466064453,7.879889011383057,1,-1,-1,-1
141,0,246.77688598632812,185.060546875,7.916382789611816,3.345918655395508,1,-1,-1,-1
141,2,281.87847900390625,358.2614440917969,20.292518615722656,7.182636737823486,1,-1,-1,-1
161,0,242.484375,182.11203002929688,8.218596458435059,4.182292461395264,1,-1,-1,-1
161,2,264.9764709472656,357.07244873046875,20.58606719970703,7.117231845855713,1,-1,-1,-1
181,0,239.03173828125,176.7747344970703,8.996237754821777,4.62942361831665,1,-1,-1,-1
181,2,274.0172119140625,354.4171447753906,19.77161979675293,7.139765739440918,1,-1,-1,-1
201,3,350.87078857421875,319.9464111328125,88.19084930419922,23.92535972595215,1,-1,-1,-1
201,0,235.03829956054688,198.5181121826172,8.81226634979248,4.443643569946289,1,-1,-1,-1
201,2,283.1330871582031,353.7851867675781,23.25019073486328,7.252279281616211,1,-1,-1,-1
221,3,6.462664604187012,311.1524353027344,81.1195297241211,31.932052612304688,1,-1,-1,-1
221,0,232.951171875,249.94232177734375,9.260306358337402,5.6030473709106445,1,-1,-1,-1
221,2,284.99383544921875,363.24468994140625,25.73621940612793,7.137117862701416,1,-1,-1,-1
241,0,257.0892028808594,267.6779479980469,9.385560035705566,3.908259391784668,1,-1,-1,-1
241,3,-0.1330554485321045,320.3098449707031,27.212631225585938,14.069106101989746,1,-1,-1,-1
241,2,302.5474548339844,378.8262939453125,12.932502746582031,5.34197998046875,1,-1,-1,-1
261,3,0.007090568542480469,321.515625,43.8361701965332,13.752914428710938,1,-1,-1,-1
261,0,287.1583251953125,267.920654296875,8.35790729522705,3.638345956802368,1,-1,-1,-1
281,2,303.8303527832031,294.3362121582031,21.47539520263672,7.2150726318359375,1,-1,-1,-1
281,0,285.726806640625,267.79656982421875,8.380720138549805,3.8815877437591553,1,-1,-1,-1
281,3,45.40259552001953,315.5473937988281,104.14863586425781,22.741273880004883,1,-1,-1,-1
301,0,253.34133911132812,267.3010559082031,9.594947814941406,4.260951519012451,1,-1,-1,-1
301,3,228.22035217285156,319.4644470214844,107.90570068359375,24.935749053955078,1,-1,-1,-1
301,2,301.0340576171875,290.7017517089844,22.507770538330078,7.056822299957275,1,-1,-1,-1
321,2,304.03973388671875,255.4283905029297,23.85366439819336,6.498142242431641,1,-1,-1,-1
321,0,199.80044555664062,266.5289611816406,9.219250679016113,3.9330151081085205,1,-1,-1,-1
321,3,423.065673828125,320.048828125,84.18722534179688,25.537063598632812,1,-1,-1,-1
341,0,165.21871948242188,266.94464111328125,8.93209171295166,4.982694625854492,1,-1,-1,-1
341,3,394.3834228515625,318.2032165527344,83.5871810913086,27.000761032104492,1,-1,-1,-1
361,0,165.99789428710938,267.51165771484375,8.80988883972168,4.983760356903076,1,-1,-1,-1
361,3,229.3989715576172,318.1356201171875,91.71017456054688,25.86618423461914,1,-1,-1,-1
381,0,195.1806640625,269.5948486328125,8.690241813659668,4.350400924682617,1,-1,-1,-1
381,2,254.4690704345703,328.7332763671875,18.695344924926758,7.4202094078063965,1,-1,-1,-1
381,3,103.7356948852539,305.8036804199219,97.47029113769531,28.87847328186035,1,-1,-1,-1
401,0,214.8850860595703,266.5707092285156,8.274611473083496,3.472851276397705,1,-1,-1,-1
401,2,183.81613159179688,346.57379150390625,27.94378662109375,9.322113037109375,1,-1,-1,-1
401,3,42.62663269042969,258.8926086425781,74.07569122314453,22.240047454833984,1,-1,-1,-1
421,2,208.26962280273438,348.29193115234375,24.64726448059082,9.241647720336914,1,-1,-1,-1
421,0,215.91062927246094,241.0731964111328,7.88796854019165,3.330061435699463,1,-1,-1,-1
421,3,43.55200958251953,294.9653625488281,92.06221008300781,25.734159469604492,1,-1,-1,-1
441,0,215.04653930664062,237.93296813964844,8.609633445739746,3.9143877029418945,1,-1,-1,-1
441,2,316.80865478515625,350.9935302734375,16.36799430847168,6.445514678955078,1,-1,-1,-1
441,3,162.60719299316406,297.655029296875,82.88544464111328,25.50642204284668,1,-1,-1,-1
461,2,390.54815673828125,352.93731689453125,23.522279739379883,7.436493396759033,1,-1,-1,-1
461,3,403.06024169921875,301.7266540527344,77.89794921875,23.727832794189453,1,-1,-1,-1
461,0,215.84902954101562,234.75831604003906,8.699938774108887,3.6647322177886963,1,-1,-1,-1
481,2,383.30877685546875,353.8400573730469,19.13457679748535,6.790422439575195,1,-1,-1,-1
481,0,216.81085205078125,221.70408630371094,8.83095932006836,4.166175365447998,1,-1,-1,-1
501,2,301.78057861328125,353.1742248535156,20.61002540588379,7.096872329711914,1,-1,-1,-1
501,0,225.34201049804688,222.28514099121094,8.502089500427246,3.555290699005127,1,-1,-1,-1
521,2,248.16696166992188,352.1519470214844,23.152393341064453,8.601430892944336,1,-1,-1,-1
521,0,223.76046752929688,222.54354858398438,8.748266220092773,4.396094799041748,1,-1,-1,-1
541,5,605.1072998046875,208.76870727539062,34.9383544921875,21.85104751586914,1,-1,-1,-1
541,2,224.66055297851562,352.4707946777344,22.097749710083008,7.564625263214111,1,-1,-1,-1
541,0,208.28689575195312,221.8441925048828,8.936939239501953,4.149714946746826,1,-1,-1,-1
561,2,491.7872619628906,268.4543151855469,28.449321746826172,11.424334526062012,1,-1,-1,-1
561,0,199.84373474121094,221.13839721679688,7.806477069854736,4.215480327606201,1,-1,-1,-1
581,2,427.4143981933594,300.08917236328125,21.638181686401367,8.212347030639648,1,-1,-1,-1
581,0,201.11453247070312,221.4730682373047,8.41045093536377,3.6716907024383545,1,-1,-1,-1
581,6,226.46856689453125,202.9576873779297,17.17584228515625,9.728734016418457,1,-1,-1,-1
601,2,390.019775390625,321.3511657714844,18.021547317504883,7.155605316162109,1,-1,-1,-1
601,6,236.4659423828125,100.86441802978516,17.69668197631836,10.2203950881958,1,-1,-1,-1
601,0,205.37686157226562,221.7589111328125,8.831500053405762,3.6608998775482178,1,-1,-1,-1
641,2,334.03582763671875,336.8824157714844,14.311576843261719,5.312671661376953,1,-1,-1,-1
641,6,369.8489685058594,148.92276000976562,18.117694854736328,10.209962844848633,1,-1,-1,-1
641,0,215.44908142089844,221.93678283691406,8.664894104003906,5.08317756652832,1,-1,-1,-1
661,0,236.0452117919922,223.8310089111328,8.423596382141113,3.7219412326812744,1,-1,-1,-1
661,6,487.705322265625,193.18869018554688,20.405067443847656,5.767280101776123,1,-1,-1,-1
661,2,283.77667236328125,338.4144287109375,15.394288063049316,6.63556432723999,1,-1,-1,-1
681,0,239.29490661621094,223.61448669433594,8.148515701293945,3.5393664836883545,1,-1,-1,-1
681,2,268.9989929199219,339.1990661621094,15.339608192443848,6.3590407371521,1,-1,-1,-1
681,6,558.8809814453125,198.44390869140625,18.271039962768555,6.436453342437744,1,-1,-1,-1
701,0,236.0359344482422,230.0126495361328,8.142146110534668,4.239295959472656,1,-1,-1,-1
701,2,263.42657470703125,337.9104919433594,15.350448608398438,5.8950724601745605,1,-1,-1,-1
701,6,560.2962646484375,197.26708984375,17.42650604248047,6.75379753112793,1,-1,-1,-1
721,6,503.973876953125,193.53770446777344,18.871931076049805,6.327319145202637,1,-1,-1,-1
721,2,257.59771728515625,333.35711669921875,16.906660079956055,6.504918575286865,1,-1,-1,-1
721,0,235.37997436523438,247.722900390625,9.088722229003906,5.177825450897217,1,-1,-1,-1
741,0,253.22508239746094,248.95327758789062,8.20909309387207,3.9724693298339844,1,-1,-1,-1
741,6,393.1817932128906,188.36952209472656,19.83148193359375,6.614475727081299,1,-1,-1,-1
741,2,161.99273681640625,330.17303466796875,12.518810272216797,5.478973865509033,1,-1,-1,-1
761,6,284.3133544921875,180.62059020996094,18.577077865600586,8.375800132751465,1,-1,-1,-1
761,0,250.77676391601562,248.75169372558594,8.446589469909668,3.561295747756958,1,-1,-1,-1
761,2,257.59930419921875,255.85894775390625,13.34799575805664,5.259586811065674,1,-1,-1,-1
781,2,258.9071960449219,276.93084716796875,13.29715347290039,4.848127365112305,1,-1,-1,-1
781,6,256.7054138183594,180.6725311279297,17.733795166015625,6.396527290344238,1,-1,-1,-1
781,0,244.8409881591797,248.81224060058594,8.602670669555664,3.9416797161102295,1,-1,-1,-1
801,6,258.7495422363281,214.8794403076172,18.56075668334961,7.109866619110107,1,-1,-1,-1
801,0,231.79656982421875,248.91876220703125,8.47799301147461,3.936302900314331,1,-1,-1,-1
801,2,257.9397277832031,305.4210205078125,15.726932525634766,6.910541534423828,1,-1,-1,-1
821,0,196.0673370361328,248.2908935546875,8.709155082702637,4.2788848876953125,1,-1,-1,-1
821,6,273.484375,263.2688293457031,19.745561599731445,9.826740264892578,1,-1,-1,-1
821,2,261.2095947265625,305.75006103515625,18.169082641601562,6.737913608551025,1,-1,-1,-1
841,0,180.4686279296875,241.09262084960938,9.128175735473633,4.176937580108643,1,-1,-1,-1
841,2,280.7968444824219,306.8894958496094,23.22409439086914,7.533621311187744,1,-1,-1,-1
861,0,180.79290771484375,218.1468505859375,8.151971817016602,3.966726064682007,1,-1,-1,-1
861,6,271.3798522949219,334.463623046875,21.656999588012695,7.464978218078613,1,-1,-1,-1
861,2,317.82073974609375,304.7481994628906,16.40662384033203,6.4392781257629395,1,-1,-1,-1
881,2,343.3616638183594,300.4212341308594,14.119443893432617,5.710235118865967,1,-1,-1,-1
881,0,182.99423217773438,216.73753356933594,8.39306640625,4.481149196624756,1,-1,-1,-1
881,6,284.459228515625,348.7323303222656,27.556249618530273,8.41763973236084,1,-1,-1,-1
901,2,349.19384765625,296.93853759765625,14.25891399383545,5.595914840698242,1,-1,-1,-1
901,0,193.094970703125,218.1910858154297,8.448354721069336,3.618163585662842,1,-1,-1,-1
901,6,297.8162841796875,365.3421630859375,29.311317443847656,8.033852577209473,1,-1,-1,-1
921,2,327.6290588378906,294.20941162109375,16.4667911529541,5.9369120597839355,1,-1,-1,-1
921,0,194.655029296875,218.690673828125,9.248910903930664,4.078209400177002,1,-1,-1,-1
941,2,310.2237243652344,289.43902587890625,16.577280044555664,6.366071701049805,1,-1,-1,-1
941,6,356.844970703125,369.72222900390625,21.087610244750977,7.946509838104248,1,-1,-1,-1
941,0,200.30093383789062,219.16519165039062,8.228776931762695,3.822824478149414,1,-1,-1,-1
961,6,373.191162109375,368.0982360839844,49.37935256958008,13.930022239685059,1,-1,-1,-1
961,2,301.94818115234375,261.1687927246094,16.098466873168945,8.282828330993652,1,-1,-1,-1
961,0,209.18588256835938,219.1475067138672,8.10128402709961,3.61576247215271,1,-1,-1,-1
981,2,300.69525146484375,186.54339599609375,17.286256790161133,7.137352466583252,1,-1,-1,-1
981,0,219.8256072998047,219.20118713378906,8.602075576782227,3.714402675628662,1,-1,-1,-1
981,6,427.0185546875,369.60272216796875,46.690250396728516,15.319239616394043,1,-1,-1,-1
1001,2,301.74676513671875,177.83766174316406,17.980653762817383,5.80497932434082,1,-1,-1,-1
1001,0,221.4908447265625,218.59844970703125,8.616575241088867,4.2598676681518555,1,-1,-1,-1
1021,6,131.50880432128906,185.7823944091797,50.35309600830078,25.88603401184082,1,-1,-1,-1
1021,2,302.6596984863281,176.1558074951172,16.865793228149414,6.331760883331299,1,-1,-1,-1
1021,0,224.1407928466797,218.4885711669922,8.72170639038086,3.585775136947632,1,-1,-1,-1
1041,0,230.97845458984375,218.33555603027344,7.959344387054443,4.044105529785156,1,-1,-1,-1
1041,6,147.02073669433594,175.7997589111328,50.31291580200195,25.50861930847168,1,-1,-1,-1
1041,2,292.47406005859375,175.16156005859375,17.669713973999023,7.764069080352783,1,-1,-1,-1
1061,2,258.93621826171875,176.05197143554688,18.28473663330078,4.680950164794922,1,-1,-1,-1
1061,0,260.5358581542969,218.77606201171875,8.880585670471191,4.340108394622803,1,-1,-1,-1
1061,6,318.2159423828125,196.98263549804688,55.82529067993164,25.537485122680664,1,-1,-1,-1
1081,0,301.400390625,220.07540893554688,8.20040225982666,3.8542211055755615,1,-1,-1,-1
1081,2,232.71694946289062,166.13966369628906,19.54277229309082,5.415778636932373,1,-1,-1,-1
1081,6,561.5962524414062,239.02735900878906,42.89302444458008,13.306349754333496,1,-1,-1,-1
1101,0,314.5624084472656,219.59671020507812,8.343454360961914,3.868791103363037,1,-1,-1,-1
1101,2,214.60317993164062,149.25343322753906,19.439218521118164,9.834766387939453,1,-1,-1,-1
1101,6,610.5564575195312,241.52447509765625,28.82623291015625,13.62802791595459,1,-1,-1,-1
1121,0,318.9595031738281,221.99032592773438,7.670348167419434,3.579998731613159,1,-1,-1,-1
1121,6,501.03662109375,234.64321899414062,51.11824417114258,19.568857192993164,1,-1,-1,-1
1121,2,211.3611602783203,192.4344024658203,19.21337890625,8.993813514709473,1,-1,-1,-1
1141,0,318.1648864746094,246.4214324951172,8.01273250579834,3.4708597660064697,1,-1,-1,-1
1141,6,259.8897399902344,226.61109924316406,48.687286376953125,21.667707443237305,1,-1,-1,-1
1141,2,217.7810516357422,214.70013427734375,20.992172241210938,8.00036907196045,1,-1,-1,-1
1161,0,316.3042907714844,245.1800994873047,8.625768661499023,3.827582359313965,1,-1,-1,-1
1161,2,257.22210693359375,215.52671813964844,21.44324493408203,7.9440226554870605,1,-1,-1,-1
1161,6,104.31419372558594,237.8109588623047,47.68883514404297,14.68460464477539,1,-1,-1,-1
1181,6,23.228275299072266,220.225830078125,40.56850051879883,14.709625244140625,1,-1,-1,-1
1181,0,315.1614990234375,223.24200439453125,8.847288131713867,3.527021884918213,1,-1,-1,-1
1181,2,330.6681823730469,216.8912353515625,21.498863220214844,7.7522430419921875,1,-1,-1,-1
1201,0,315.0632629394531,211.8789520263672,7.995316982269287,3.716029167175293,1,-1,-1,-1
1201,6,-0.029549598693847656,206.19845581054688,17.564002990722656,16.893922805786133,1,-1,-1,-1
1201,2,401.61968994140625,217.51426696777344,20.201213836669922,9.49724006652832,1,-1,-1,-1
1221,0,303.1562805175781,212.0426483154297,8.072446823120117,3.75411057472229,1,-1,-1,-1
1221,6,0.14219999313354492,209.64479064941406,15.706918716430664,7.112109661102295,1,-1,-1,-1
1221,2,402.3684387207031,217.3688201904297,19.768136978149414,8.39478874206543,1,-1,-1,-1
1241,0,269.9311218261719,212.0690460205078,8.485664367675781,3.956778049468994,1,-1,-1,-1
1241,6,-0.28254032135009766,55.051334381103516,31.528648376464844,18.5878963470459,1,-1,-1,-1
1241,2,354.1636962890625,217.06642150878906,20.527774810791016,7.282617568969727,1,-1,-1,-1
1261,6,15.162796974182129,15.4707670211792,40.82789993286133,23.42165184020996,1,-1,-1,-1
1261,2,277.0196228027344,216.3136749267578,21.411264419555664,6.45069694519043,1,-1,-1,-1
1261,0,223.43177795410156,204.733642578125,8.160637855529785,3.3382112979888916,1,-1,-1,-1
1281,0,197.68777465820312,163.82980346679688,8.155649185180664,4.770589828491211,1,-1,-1,-1
1281,2,215.29495239257812,214.75314331054688,20.649169921875,8.84977912902832,1,-1,-1,-1
1281,6,152.2124786376953,22.974369049072266,43.412078857421875,23.01060676574707,1,-1,-1,-1
1301,6,377.18548583984375,52.48065185546875,42.747589111328125,24.05091667175293,1,-1,-1,-1
1301,2,213.33831787109375,214.79257202148438,20.430511474609375,8.846738815307617,1,-1,-1,-1
1301,0,200.99632263183594,135.32521057128906,8.147717475891113,4.688477993011475,1,-1,-1,-1
1321,2,259.63232421875,216.6756591796875,20.771400451660156,6.631258964538574,1,-1,-1,-1
1321,6,475.5320739746094,134.80978393554688,29.075397491455078,16.198047637939453,1,-1,-1,-1
1321,0,216.63626098632812,134.6604766845703,7.841844081878662,3.598991632461548,1,-1,-1,-1
1341,6,459.72637939453125,207.11651611328125,22.931468963623047,11.341204643249512,1,-1,-1,-1
1341,2,301.5489196777344,216.86392211914062,20.77890396118164,7.372288227081299,1,-1,-1,-1
1341,0,218.9591064453125,135.60252380371094,8.567456245422363,3.7990775108337402,1,-1,-1,-1
1361,2,292.2586364746094,216.37539672851562,20.91977310180664,7.323476791381836,1,-1,-1,-1
1361,6,431.18408203125,253.25311279296875,17.16902732849121,7.251396179199219,1,-1,-1,-1
1361,0,218.37051391601562,130.2349853515625,8.736166954040527,4.021986961364746,1,-1,-1,-1
1381,2,249.88088989257812,216.25550842285156,20.978172302246094,6.470786094665527,1,-1,-1,-1
1381,6,388.88140869140625,268.58636474609375,16.2663631439209,6.0519866943359375,1,-1,-1,-1
1381,0,224.811279296875,109.77586364746094,8.36471939086914,4.762731075286865,1,-1,-1,-1
1401,6,313.3041687011719,272.2486572265625,15.966367721557617,6.131181240081787,1,-1,-1,-1
1401,0,241.03189086914062,122.76676177978516,8.151745796203613,3.90372896194458,1,-1,-1,-1
1401,2,214.89401245117188,216.30557250976562,21.666534423828125,5.684940814971924,1,-1,-1,-1
1421,6,228.509521484375,266.2890930175781,16.292556762695312,6.149498462677002,1,-1,-1,-1
1421,0,245.60955810546875,165.36441040039062,7.933766841888428,4.549403190612793,1,-1,-1,-1
1421,2,203.4847412109375,209.83804321289062,22.63616943359375,5.929937362670898,1,-1,-1,-1
1441,0,245.18295288085938,202.17269897460938,8.406505584716797,3.542865753173828,1,-1,-1,-1
1441,6,161.8607940673828,253.58633422851562,17.056318283081055,8.404464721679688,1,-1,-1,-1
1441,2,187.5953826904297,191.2460479736328,24.351198196411133,6.242331504821777,1,-1,-1,-1
1461,0,247.17071533203125,206.93687438964844,7.659669876098633,3.85099196434021,1,-1,-1,-1
1461,6,142.4649658203125,251.52508544921875,15.898839950561523,8.827897071838379,1,-1,-1,-1
1461,2,169.26576232910156,160.85031127929688,23.871591567993164,13.297057151794434,1,-1,-1,-1
1481,0,248.4085693359375,207.623291015625,8.629842758178711,3.7370030879974365,1,-1,-1,-1
1481,6,149.32968139648438,263.595703125,12.548221588134766,6.889343738555908,1,-1,-1,-1
1481,2,164.89138793945312,156.77947998046875,25.110382080078125,14.411140441894531,1,-1,-1,-1
1501,0,244.7164306640625,207.07354736328125,8.985949516296387,4.022550106048584,1,-1,-1,-1
1501,2,169.74453735351562,173.97930908203125,28.615427017211914,6.418503761291504,1,-1,-1,-1
1521,0,234.60824584960938,204.7400360107422,8.43276596069336,4.301891803741455,1,-1,-1,-1
1521,2,166.71287536621094,170.4147186279297,27.794639587402344,6.625200271606445,1,-1,-1,-1
1541,6,161.2894287109375,302.2319641113281,9.286906242370605,4.824415683746338,1,-1,-1,-1
1541,14,228.20562744140625,207.88943481445312,9.107255935668945,3.718876838684082,1,-1,-1,-1
1541,0,228.2689666748047,208.00189208984375,8.97354507446289,3.505033016204834,1,-1,-1,-1
1541,2,153.40159606933594,145.87454223632812,26.763202667236328,11.388870239257812,1,-1,-1,-1
1561,0,225.07110595703125,244.9995574951172,8.485616683959961,4.484471321105957,1,-1,-1,-1
1561,2,142.1878662109375,133.5167999267578,26.87833595275879,13.249207496643066,1,-1,-1,-1
1581,0,224.84902954101562,270.8343505859375,8.645795822143555,3.9296422004699707,1,-1,-1,-1
1581,2,133.95457458496094,159.4374237060547,30.408056259155273,11.31458568572998,1,-1,-1,-1
1601,0,225.27870178222656,271.65399169921875,8.77060317993164,3.5746474266052246,1,-1,-1,-1
1601,2,131.99717712402344,188.75253295898438,31.55195426940918,10.2658109664917,1,-1,-1,-1
1621,0,226.15826416015625,272.6612548828125,8.691194534301758,3.414889335632324,1,-1,-1,-1
1621,16,354.2447204589844,335.98321533203125,11.189664840698242,5.495407581329346,1,-1,-1,-1
1621,2,131.2763671875,214.5909881591797,31.684913635253906,9.817401885986328,1,-1,-1,-1
1641,0,225.902099609375,273.998291015625,9.500160217285156,3.533268690109253,1,-1,-1,-1
1641,2,131.48336791992188,240.33978271484375,30.94211769104004,9.721085548400879,1,-1,-1,-1
1661,0,225.93528747558594,274.4446716308594,9.313140869140625,3.8471484184265137,1,-1,-1,-1
1661,2,132.46896362304688,254.41941833496094,30.296886444091797,9.432516098022461,1,-1,-1,-1
1681,0,225.5699920654297,274.66888427734375,7.76045036315918,3.309215784072876,1,-1,-1,-1
1681,27,365.5231018066406,330.392578125,12.453596115112305,5.816355228424072,1,-1,-1,-1
1681,2,132.37789916992188,253.99473571777344,30.37123680114746,9.051721572875977,1,-1,-1,-1
1701,0,226.18934631347656,274.1632080078125,8.144511222839355,3.6802215576171875,1,-1,-1,-1
1701,27,334.1907958984375,329.7809143066406,10.513224601745605,5.220088481903076,1,-1,-1,-1
1701,2,128.40386962890625,252.0155487060547,32.003517150878906,7.921908378601074,1,-1,-1,-1
1721,0,226.10781860351562,273.56536865234375,9.437931060791016,3.7048354148864746,1,-1,-1,-1
1721,2,121.40541076660156,243.12191772460938,31.304309844970703,10.632444381713867,1,-1,-1,-1
1741,0,226.1856231689453,272.8406982421875,9.102009773254395,3.776536464691162,1,-1,-1,-1
1741,27,333.47491455078125,327.8255310058594,10.30364990234375,4.81419038772583,1,-1,-1,-1
1741,2,118.02412414550781,239.22862243652344,30.98369789123535,10.73703384399414,1,-1,-1,-1
1761,0,228.1007537841797,272.5115966796875,9.608057975769043,4.6736907958984375,1,-1,-1,-1
1761,27,338.3542175292969,326.3757019042969,11.746587753295898,5.508665084838867,1,-1,-1,-1
1761,2,128.94290161132812,237.91355895996094,34.82384490966797,13.85669994354248,1,-1,-1,-1
1781,0,240.40042114257812,276.72833251953125,8.373931884765625,3.6912174224853516,1,-1,-1,-1
1781,2,183.25189208984375,240.71253967285156,33.643768310546875,11.26520824432373,1,-1,-1,-1
1801,0,245.21011352539062,276.71636962890625,7.964219093322754,4.322817802429199,1,-1,-1,-1
1801,27,348.4360046386719,322.57257080078125,12.47359848022461,6.079994201660156,1,-1,-1,-1
1801,2,194.51400756835938,241.28887939453125,32.610877990722656,10.09149169921875,1,-1,-1,-1
1821,0,256.0128173828125,276.7117004394531,7.949578762054443,3.6332459449768066,1,-1,-1,-1
1821,27,350.4661865234375,322.8145446777344,12.571883201599121,5.868133068084717,1,-1,-1,-1
1821,2,189.85169982910156,241.78851318359375,33.39939498901367,9.896915435791016,1,-1,-1,-1
1841,0,258.5334777832031,276.6475524902344,8.382156372070312,3.8701043128967285,1,-1,-1,-1
1841,27,361.53997802734375,317.3974609375,14.353899955749512,6.04149866104126,1,-1,-1,-1
1841,2,172.1607666015625,241.2108612060547,32.420711517333984,12.554154396057129,1,-1,-1,-1
1861,0,258.6353759765625,276.5973815917969,7.543276786804199,3.8599581718444824,1,-1,-1,-1
1861,27,370.039794921875,332.5896301269531,11.79857349395752,5.479718208312988,1,-1,-1,-1
1861,2,87.2086410522461,239.75039672851562,34.91436767578125,11.05429458618164,1,-1,-1,-1
1881,0,257.6769714355469,277.5452575683594,7.361175537109375,3.2084033489227295,1,-1,-1,-1
1881,27,359.7626037597656,339.95159912109375,11.578422546386719,6.209856986999512,1,-1,-1,-1
1881,2,35.37902069091797,238.48260498046875,30.7449951171875,13.171361923217773,1,-1,-1,-1
1901,0,256.8423156738281,277.7490234375,8.929437637329102,3.146261692047119,1,-1,-1,-1
1901,27,303.76324462890625,340.1470947265625,11.41125774383545,5.015794277191162,1,-1,-1,-1
1901,2,71.05024719238281,239.17617797851562,33.07200622558594,12.172711372375488,1,-1,-1,-1
1921,0,256.747802734375,277.4749450683594,8.181832313537598,3.42935848236084,1,-1,-1,-1
1921,2,127.32291412353516,240.09466552734375,31.692718505859375,11.463874816894531,1,-1,-1,-1
1941,0,257.00518798828125,276.6393737792969,8.474416732788086,3.8807997703552246,1,-1,-1,-1
1941,2,131.10305786132812,239.40713500976562,31.84903335571289,10.872390747070312,1,-1,-1,-1
1941,27,227.7528533935547,338.5184631347656,13.244447708129883,5.556648254394531,1,-1,-1,-1
1961,0,269.7352600097656,272.04925537109375,8.56515884399414,4.269347190856934,1,-1,-1,-1
1961,2,125.5523681640625,239.43215942382812,33.76385498046875,10.706345558166504,1,-1,-1,-1
1961,27,256.5564270019531,339.59869384765625,11.419358253479004,5.164368629455566,1,-1,-1,-1
1981,0,267.77825927734375,268.55706787109375,9.020804405212402,4.452455997467041,1,-1,-1,-1
1981,2,126.41105651855469,239.44805908203125,31.98211669921875,10.764639854431152,1,-1,-1,-1
2001,0,234.48388671875,265.0206298828125,9.67491626739502,4.27995491027832,1,-1,-1,-1
2001,27,366.3351135253906,342.4271240234375,14.020391464233398,5.579141616821289,1,-1,-1,-1
2001,2,127.15210723876953,239.40321350097656,32.42826843261719,10.70085620880127,1,-1,-1,-1
2021,27,361.33331298828125,343.1111145019531,14.804243087768555,5.433234691619873,1,-1,-1,-1
2021,2,128.1326446533203,239.46273803710938,32.932212829589844,10.49752426147461,1,-1,-1,-1
2021,0,186.67431640625,260.3564147949219,9.486834526062012,5.280465126037598,1,-1,-1,-1
2041,27,358.490234375,343.22149658203125,13.016834259033203,5.370728969573975,1,-1,-1,-1
2041,2,127.21624755859375,239.9251251220703,36.35256576538086,8.166631698608398,1,-1,-1,-1
2041,0,166.265380859375,258.1966857910156,9.321026802062988,4.547574520111084,1,-1,-1,-1
2061,27,358.7329406738281,342.63470458984375,10.710601806640625,5.513535976409912,1,-1,-1,-1
2061,2,122.43183135986328,230.3087615966797,32.37289047241211,11.748608589172363,1,-1,-1,-1
2061,0,163.2189178466797,257.8318176269531,9.035468101501465,3.949490785598755,1,-1,-1,-1
2081,27,353.5273742675781,342.9847106933594,14.609328269958496,5.484543323516846,1,-1,-1,-1
2081,2,113.2963638305664,224.80682373046875,36.52058029174805,11.902032852172852,1,-1,-1,-1
2081,0,162.98373413085938,257.8767395019531,9.534831047058105,3.8381922245025635,1,-1,-1,-1
2101,0,162.63479614257812,258.0310363769531,9.631279945373535,3.933171033859253,1,-1,-1,-1
2101,2,111.72908782958984,221.41635131835938,35.35627365112305,11.265183448791504,1,-1,-1,-1
2101,27,343.0202941894531,342.2629699707031,10.672910690307617,5.4511919021606445,1,-1,-1,-1
2121,0,162.92477416992188,251.1671905517578,8.993022918701172,4.409686088562012,1,-1,-1,-1
2121,2,103.08655548095703,215.1383056640625,39.0390739440918,11.78209114074707,1,-1,-1,-1
2121,27,325.12188720703125,341.2776794433594,12.052613258361816,5.953129291534424,1,-1,-1,-1
2141,0,164.87318420410156,221.08921813964844,8.823036193847656,4.241565704345703,1,-1,-1,-1
2141,27,310.8181457519531,340.32958984375,14.205795288085938,5.838119983673096,1,-1,-1,-1
2141,2,94.06901550292969,231.47186279296875,39.544883728027344,11.916529655456543,1,-1,-1,-1
2161,0,164.4652099609375,216.26632690429688,9.24230670928955,3.772343397140503,1,-1,-1,-1
2161,27,306.0293273925781,340.1029052734375,14.150802612304688,6.185847282409668,1,-1,-1,-1
2161,2,76.317626953125,239.29461669921875,41.196685791015625,12.526864051818848,1,-1,-1,-1
2181,27,349.3867492675781,340.5337219238281,11.21335220336914,5.549158096313477,1,-1,-1,-1
2181,0,163.7657928466797,217.03884887695312,9.250858306884766,3.775930881500244,1,-1,-1,-1
2181,2,48.59062957763672,242.19931030273438,47.759342193603516,14.266777038574219,1,-1,-1,-1
2188,27,359.9183654785156,340.94732666015625,12.387887001037598,6.327414512634277,1,-1,-1,-1
2188,0,163.61355590820312,217.41024780273438,9.37940502166748,3.9884510040283203,1,-1,-1,-1
2188,2,37.719032287597656,234.38861083984375,49.3553581237793,18.040210723876953,1,-1,-1,-1
