1,0,12.48013687133789,221.53509521484375,52.9935302734375,18.002426147460938,1,-1,-1,-1
1,1,242.30892944335938,319.2707214355469,20.868310928344727,7.610116958618164,1,-1,-1,-1
1,2,206.73748779296875,215.1741485595703,10.118118286132812,3.907665967941284,1,-1,-1,-1
21,0,12.356683731079102,221.59176635742188,52.83728790283203,18.181108474731445,1,-1,-1,-1
21,1,242.18435668945312,319.5080261230469,20.021726608276367,7.287477493286133,1,-1,-1,-1
21,2,210.17147827148438,216.8916015625,10.101786613464355,3.9136950969696045,1,-1,-1,-1
41,0,11.386404037475586,221.7743377685547,53.498046875,18.305992126464844,1,-1,-1,-1
41,2,231.8638458251953,216.73036193847656,9.952922821044922,3.5649211406707764,1,-1,-1,-1
41,1,242.33541870117188,319.369873046875,20.23900604248047,7.422096252441406,1,-1,-1,-1
61,0,11.397354125976562,222.01412963867188,53.44499588012695,18.08984375,1,-1,-1,-1
61,2,261.2661437988281,213.46238708496094,10.71786117553711,5.354451656341553,1,-1,-1,-1
61,1,242.59458923339844,319.4645690917969,19.876251220703125,7.385351181030273,1,-1,-1,-1
81,0,12.432079315185547,221.77394104003906,52.95884704589844,18.1943416595459,1,-1,-1,-1
81,2,261.61077880859375,213.65252685546875,10.04639720916748,5.279730319976807,1,-1,-1,-1
81,1,267.87548828125,319.6335754394531,18.719383239746094,6.810621738433838,1,-1,-1,-1
101,0,12.935175895690918,221.616455078125,53.56707763671875,18.270174026489258,1,-1,-1,-1
101,2,239.35533142089844,216.74755859375,10.145162582397461,4.434899806976318,1,-1,-1,-1
101,1,316.2815246582031,320.3358154296875,15.58637523651123,6.633886814117432,1,-1,-1,-1
121,0,14.871940612792969,221.78692626953125,53.87605667114258,18.7373046875,1,-1,-1,-1
121,2,233.16796875,219.02354431152344,10.434192657470703,4.182668209075928,1,-1,-1,-1
121,1,300.8348083496094,319.87005615234375,16.788732528686523,6.206470966339111,1,-1,-1,-1
141,0,14.454030990600586,223.27818298339844,53.815975189208984,17.727399826049805,1,-1,-1,-1
141,2,233.6595458984375,230.43809509277344,9.294206619262695,4.353133678436279,1,-1,-1,-1
141,1,261.81829833984375,318.5439147949219,18.736125946044922,6.4042277336120605,1,-1,-1,-1
161,2,236.67996215820312,231.14999389648438,9.667834281921387,4.739921569824219,1,-1,-1,-1
161,0,25.92921257019043,223.46205139160156,53.76270294189453,20.572839736938477,1,-1,-1,-1
161,1,278.3136291503906,317.8871765136719,17.744735717773438,7.28849458694458,1,-1,-1,-1
181,2,261.8824768066406,231.031005859375,9.673803329467773,4.8626322746276855,1,-1,-1,-1
181,0,117.1634521484375,224.52003479003906,52.551212310791016,20.82070541381836,1,-1,-1,-1
181,1,321.9306640625,320.36669921875,17.27825927734375,6.074587821960449,1,-1,-1,-1
201,1,320.3111572265625,319.79937744140625,16.375301361083984,6.7459397315979,1,-1,-1,-1
201,0,258.34600830078125,226.5419464111328,57.301692962646484,23.07150650024414,1,-1,-1,-1
221,2,334.29913330078125,231.4089813232422,8.661711692810059,3.6941978931427,1,-1,-1,-1
221,0,258.2734375,224.7169189453125,51.1732292175293,24.116439819335938,1,-1,-1,-1
221,1,261.5296936035156,317.8121643066406,19.705297470092773,7.056553840637207,1,-1,-1,-1
241,2,322.62127685546875,229.7929229736328,9.54266357421875,4.64730167388916,1,-1,-1,-1
241,0,116.4920654296875,225.54539489746094,52.10274124145508,18.188465118408203,1,-1,-1,-1
241,1,228.56834411621094,315.7127990722656,18.674997329711914,8.866294860839844,1,-1,-1,-1
261,2,312.0775451660156,229.67221069335938,9.15849494934082,3.7296252250671387,1,-1,-1,-1
261,0,0.4568290710449219,223.61692810058594,44.640380859375,18.132862091064453,1,-1,-1,-1
261,1,247.73095703125,315.91729736328125,19.259672164916992,6.643914222717285,1,-1,-1,-1
281,2,308.15509033203125,232.3190460205078,9.700662612915039,3.485079765319824,1,-1,-1,-1
281,0,0.11582374572753906,224.98867797851562,40.211578369140625,19.996938705444336,1,-1,-1,-1
281,1,257.84661865234375,317.3586730957031,17.167112350463867,5.527978897094727,1,-1,-1,-1
301,2,306.2889404296875,231.69168090820312,10.300039291381836,5.468346118927002,1,-1,-1,-1
301,0,88.16470336914062,224.97216796875,50.83891296386719,21.657087326049805,1,-1,-1,-1
301,1,259.9224548339844,318.1641540527344,17.276779174804688,6.293249607086182,1,-1,-1,-1
321,2,298.4019775390625,238.65213012695312,9.17909049987793,3.8767471313476562,1,-1,-1,-1
321,0,123.2547836303711,225.6753387451172,52.33298873901367,18.32328224182129,1,-1,-1,-1
321,1,288.0733947753906,319.3149108886719,19.24495506286621,6.83302116394043,1,-1,-1,-1
341,0,116.754638671875,226.91615295410156,60.54924011230469,15.571846008300781,1,-1,-1,-1
341,1,297.136474609375,319.68231201171875,16.887001037597656,6.187394618988037,1,-1,-1,-1
341,2,291.6324157714844,241.84381103515625,9.183675765991211,5.221246719360352,1,-1,-1,-1
361,2,293.7667541503906,237.0037384033203,9.392184257507324,4.406460285186768,1,-1,-1,-1
361,0,109.56436920166016,222.15968322753906,52.46601486206055,20.013755798339844,1,-1,-1,-1
361,1,259.79425048828125,318.5860900878906,19.104034423828125,6.814682960510254,1,-1,-1,-1
381,2,303.2606201171875,225.2039031982422,9.395641326904297,5.120935440063477,1,-1,-1,-1
381,0,148.92295837402344,220.7773895263672,54.170387268066406,19.774188995361328,1,-1,-1,-1
381,1,267.6752014160156,318.41278076171875,20.952503204345703,7.026206970214844,1,-1,-1,-1
401,2,289.0909729003906,218.78147888183594,10.0044527053833,4.24263334274292,1,-1,-1,-1
401,0,224.2684783935547,221.7681121826172,51.65195846557617,19.955596923828125,1,-1,-1,-1
401,1,314.69830322265625,319.7843933105469,15.22205924987793,6.144624710083008,1,-1,-1,-1
421,2,243.81585693359375,213.81045532226562,10.217193603515625,4.826191425323486,1,-1,-1,-1
421,0,216.18238830566406,214.74075317382812,51.35289764404297,28.016149520874023,1,-1,-1,-1
421,1,320.7491455078125,320.85833740234375,16.073976516723633,6.533537864685059,1,-1,-1,-1
441,0,153.93179321289062,220.6138458251953,52.69810485839844,19.93602752685547,1,-1,-1,-1
441,2,204.66712951660156,215.57855224609375,9.07895278930664,4.318262577056885,1,-1,-1,-1
441,1,279.6471252441406,319.7337951660156,14.889799118041992,6.011974334716797,1,-1,-1,-1
461,1,229.29725646972656,317.132568359375,18.07647705078125,8.303796768188477,1,-1,-1,-1
461,0,144.96710205078125,221.24664306640625,52.24877166748047,18.15857696533203,1,-1,-1,-1
461,2,200.49539184570312,218.5851287841797,8.907363891601562,5.272492408752441,1,-1,-1,-1
481,2,217.35540771484375,219.87353515625,8.744848251342773,3.49951171875,1,-1,-1,-1
481,1,242.447021484375,317.77496337890625,21.516559600830078,6.880673408508301,1,-1,-1,-1
481,0,159.67910766601562,221.02142333984375,53.36456298828125,21.10540771484375,1,-1,-1,-1
501,0,245.34320068359375,223.15045166015625,55.67217254638672,20.071414947509766,1,-1,-1,-1
501,2,221.769775390625,195.89630126953125,8.727866172790527,3.7673025131225586,1,-1,-1,-1
501,1,261.86663818359375,318.95086669921875,17.524320602416992,5.724522590637207,1,-1,-1,-1
521,0,277.544677734375,222.72796630859375,54.92189407348633,20.44618797302246,1,-1,-1,-1
521,1,243.45899963378906,318.3229675292969,20.705167770385742,7.4822845458984375,1,-1,-1,-1
521,2,230.2977752685547,188.7029571533203,9.03679370880127,4.795037746429443,1,-1,-1,-1
541,2,259.7716979980469,186.4163360595703,10.189390182495117,3.643087863922119,1,-1,-1,-1
541,1,232.97479248046875,318.89013671875,19.042816162109375,7.024558067321777,1,-1,-1,-1
541,0,246.43719482421875,223.5157928466797,52.43492889404297,17.90961265563965,1,-1,-1,-1
561,1,233.6022186279297,319.17144775390625,18.86363410949707,6.9725494384765625,1,-1,-1,-1
561,0,240.35873413085938,224.557861328125,51.88034439086914,17.427274703979492,1,-1,-1,-1
561,2,285.2456970214844,194.8795623779297,10.047435760498047,5.223033905029297,1,-1,-1,-1
581,1,231.57919311523438,319.5557861328125,18.95291519165039,7.595191478729248,1,-1,-1,-1
581,0,240.73977661132812,224.9021759033203,56.15610122680664,18.06894302368164,1,-1,-1,-1
601,0,241.45413208007812,224.95375061035156,58.23948287963867,21.09746742248535,1,-1,-1,-1
601,2,278.08203125,244.84251403808594,9.071234703063965,3.8080837726593018,1,-1,-1,-1
601,1,217.671630859375,318.9154052734375,18.3092041015625,7.65980863571167,1,-1,-1,-1
621,0,242.06112670898438,224.99916076660156,57.7021369934082,22.079862594604492,1,-1,-1,-1
621,1,255.8541259765625,319.95281982421875,17.1345272064209,6.495523929595947,1,-1,-1,-1
621,2,272.3601989746094,244.74131774902344,10.155475616455078,3.536102771759033,1,-1,-1,-1
641,0,241.35911560058594,224.90269470214844,58.02573776245117,20.47764015197754,1,-1,-1,-1
641,1,286.3421936035156,319.90203857421875,16.67760467529297,6.405557155609131,1,-1,-1,-1
641,2,240.4130859375,246.22860717773438,9.607236862182617,4.266505718231201,1,-1,-1,-1
661,0,246.95632934570312,224.4501953125,56.035823822021484,20.553659439086914,1,-1,-1,-1
661,2,211.46771240234375,252.7539520263672,9.02651596069336,4.865460395812988,1,-1,-1,-1
661,1,272.98699951171875,320.18682861328125,19.067638397216797,6.973946571350098,1,-1,-1,-1
681,0,306.662353515625,224.76698303222656,55.377994537353516,21.79874038696289,1,-1,-1,-1
681,2,212.0194854736328,261.2681579589844,8.393671035766602,4.977086544036865,1,-1,-1,-1
681,1,248.3177032470703,319.1269226074219,18.801712036132812,7.612290382385254,1,-1,-1,-1
701,2,235.35275268554688,267.9033203125,8.753572463989258,4.258391380310059,1,-1,-1,-1
701,0,448.65673828125,227.511474609375,53.08443069458008,18.360580444335938,1,-1,-1,-1
701,1,266.8245849609375,320.1260681152344,17.95801544189453,7.030170917510986,1,-1,-1,-1
721,1,294.8485107421875,323.2666320800781,17.916149139404297,6.6757121086120605,1,-1,-1,-1
721,2,270.5083312988281,271.16656494140625,8.929218292236328,4.061039924621582,1,-1,-1,-1
721,0,610.1766967773438,227.72984313964844,29.87609100341797,21.3215389251709,1,-1,-1,-1
741,1,300.3429870605469,324.1500244140625,16.936208724975586,6.292698383331299,1,-1,-1,-1
741,2,306.0594482421875,268.51165771484375,8.74765396118164,3.7724685668945312,1,-1,-1,-1
761,0,562.3911743164062,227.9397430419922,60.90326690673828,18.5874080657959,1,-1,-1,-1
761,2,321.4664001464844,262.9686584472656,8.224568367004395,3.9538607597351074,1,-1,-1,-1
761,1,289.6241455078125,323.87579345703125,14.769903182983398,6.394663333892822,1,-1,-1,-1
781,2,305.8446960449219,257.44488525390625,9.01996898651123,4.282827854156494,1,-1,-1,-1
781,0,347.42938232421875,222.61729431152344,55.46204376220703,25.087392807006836,1,-1,-1,-1
781,1,264.1579895019531,323.8179931640625,15.385584831237793,6.160848140716553,1,-1,-1,-1
801,0,229.98117065429688,222.45620727539062,53.33675765991211,23.76504135131836,1,-1,-1,-1
801,1,260.753173828125,323.653564453125,15.029353141784668,6.383903980255127,1,-1,-1,-1
801,2,264.1025085449219,255.71559143066406,7.911499977111816,4.116923809051514,1,-1,-1,-1
821,1,259.91558837890625,323.5257568359375,16.131515502929688,6.297628402709961,1,-1,-1,-1
821,0,259.32537841796875,224.08712768554688,55.71446990966797,22.781614303588867,1,-1,-1,-1
821,2,212.84524536132812,257.8780517578125,8.959569931030273,4.082896709442139,1,-1,-1,-1
841,2,189.19503784179688,263.6921691894531,8.044256210327148,4.120927333831787,1,-1,-1,-1
841,1,261.3595886230469,323.49078369140625,15.489148139953613,6.188263416290283,1,-1,-1,-1
841,0,356.77325439453125,225.8042755126953,51.05474853515625,20.49734115600586,1,-1,-1,-1
861,2,190.60317993164062,267.1364440917969,7.242925643920898,4.764034271240234,1,-1,-1,-1
861,1,259.70892333984375,323.92596435546875,17.09002113342285,6.660074710845947,1,-1,-1,-1
861,0,353.7353210449219,225.20846557617188,54.25140380859375,21.078994750976562,1,-1,-1,-1
881,0,302.0075988769531,225.86492919921875,58.67072296142578,18.188142776489258,1,-1,-1,-1
881,2,206.14208984375,267.3778381347656,7.95257043838501,4.304103374481201,1,-1,-1,-1
881,1,263.3607177734375,323.9422302246094,15.914801597595215,6.461899280548096,1,-1,-1,-1
901,0,252.27699279785156,225.4122314453125,53.457191467285156,18.0499267578125,1,-1,-1,-1
901,1,306.5801696777344,325.3337097167969,13.76150894165039,6.153506755828857,1,-1,-1,-1
901,2,230.899658203125,263.1092529296875,8.092184066772461,4.701485633850098,1,-1,-1,-1
921,1,338.251708984375,324.88446044921875,16.142946243286133,6.5950798988342285,1,-1,-1,-1
921,2,260.52947998046875,254.1819610595703,9.701417922973633,4.73274564743042,1,-1,-1,-1
921,0,184.07492065429688,219.4812774658203,55.49855041503906,18.341901779174805,1,-1,-1,-1
941,1,309.4305725097656,326.55487060546875,17.481122970581055,6.68120002746582,1,-1,-1,-1
941,2,285.59503173828125,253.64422607421875,9.052461624145508,5.221066951751709,1,-1,-1,-1
941,0,149.890625,205.23681640625,54.96381759643555,29.820981979370117,1,-1,-1,-1
961,2,298.7958068847656,257.939453125,8.609678268432617,4.160813331604004,1,-1,-1,-1
961,0,145.02023315429688,230.17672729492188,67.05970764160156,15.196096420288086,1,-1,-1,-1
961,1,274.7338562011719,324.8794250488281,18.25183868408203,6.87917423248291,1,-1,-1,-1
981,1,271.151611328125,324.4810485839844,18.604293823242188,7.005120277404785,1,-1,-1,-1
981,2,287.86065673828125,262.5994873046875,7.7426300048828125,3.7513041496276855,1,-1,-1,-1
981,0,164.59030151367188,192.78773498535156,49.29670715332031,20.812625885009766,1,-1,-1,-1
1001,2,256.296875,264.1920166015625,8.136065483093262,3.6131749153137207,1,-1,-1,-1
1001,0,168.61305236816406,170.7481231689453,46.97713851928711,19.989660263061523,1,-1,-1,-1
1001,1,288.3298645019531,325.2357177734375,17.125083923339844,7.104585647583008,1,-1,-1,-1
1021,1,301.21026611328125,325.7303771972656,13.714290618896484,6.1299567222595215,1,-1,-1,-1
1021,0,165.90994262695312,239.00186157226562,51.59184265136719,17.907852172851562,1,-1,-1,-1
1021,2,216.48114013671875,261.5076599121094,7.8723955154418945,3.489739179611206,1,-1,-1,-1
1041,1,302.5802307128906,326.75738525390625,15.725317001342773,6.363905429840088,1,-1,-1,-1
1041,2,183.7765655517578,252.79359436035156,7.917220592498779,4.810605525970459,1,-1,-1,-1
1041,0,210.0595245361328,238.8713836669922,49.63664245605469,19.051616668701172,1,-1,-1,-1
1061,0,302.8108825683594,239.8507080078125,52.3094596862793,20.249845504760742,1,-1,-1,-1
1061,1,307.3607177734375,326.7860107421875,14.298844337463379,6.559374809265137,1,-1,-1,-1
1061,2,174.902587890625,244.66217041015625,8.509245872497559,5.002404689788818,1,-1,-1,-1
1081,0,291.35205078125,238.38897705078125,53.690643310546875,21.575912475585938,1,-1,-1,-1
1081,1,348.29400634765625,326.41156005859375,12.073150634765625,6.136527061462402,1,-1,-1,-1
1081,2,190.6426239013672,240.4410858154297,9.054573059082031,5.079421520233154,1,-1,-1,-1
1101,2,227.21603393554688,242.1771697998047,10.005072593688965,4.452882766723633,1,-1,-1,-1
1101,1,363.9506530761719,327.10235595703125,16.27956771850586,6.751980304718018,1,-1,-1,-1
1101,0,160.08314514160156,236.42013549804688,53.14329528808594,20.009780883789062,1,-1,-1,-1
1121,1,329.01556396484375,326.2046203613281,13.987558364868164,5.95661735534668,1,-1,-1,-1
1121,2,276.53302001953125,249.17385864257812,10.188142776489258,5.065933704376221,1,-1,-1,-1
1121,0,97.19725036621094,236.18521118164062,53.655052185058594,20.996959686279297,1,-1,-1,-1
1141,2,315.22723388671875,259.61944580078125,8.099864959716797,4.649207592010498,1,-1,-1,-1
1141,0,173.68505859375,237.84979248046875,49.73117446899414,18.91938018798828,1,-1,-1,-1
1141,1,288.0650634765625,324.9190979003906,17.670162200927734,7.149615287780762,1,-1,-1,-1
1161,1,284.8135070800781,324.8605651855469,15.921913146972656,6.921365737915039,1,-1,-1,-1
1161,0,227.58810424804688,237.44436645507812,51.076438903808594,20.12737274169922,1,-1,-1,-1
1161,2,319.14434814453125,267.73797607421875,6.6754841804504395,3.4001405239105225,1,-1,-1,-1
1181,0,324.564453125,238.7625274658203,53.280738830566406,17.515331268310547,1,-1,-1,-1
1181,1,287.7341613769531,326.2313232421875,15.359711647033691,6.392199993133545,1,-1,-1,-1
1181,2,304.1332702636719,270.97039794921875,7.196868896484375,3.557948112487793,1,-1,-1,-1
1201,1,288.98065185546875,326.90936279296875,15.030340194702148,6.316948890686035,1,-1,-1,-1
1201,2,277.86993408203125,269.3760070800781,7.244476318359375,3.6885571479797363,1,-1,-1,-1
1201,0,403.94775390625,237.788818359375,55.231468200683594,22.237091064453125,1,-1,-1,-1
1221,2,249.74319458007812,263.597412109375,8.309423446655273,4.370004653930664,1,-1,-1,-1
1221,0,344.0124816894531,236.4810333251953,55.36188507080078,22.007844924926758,1,-1,-1,-1
1221,1,320.9110107421875,327.4888916015625,15.425891876220703,5.830870628356934,1,-1,-1,-1
1241,1,348.3031921386719,327.0909118652344,15.537115097045898,6.3795013427734375,1,-1,-1,-1
1241,0,175.2873077392578,235.33065795898438,70.14495086669922,20.24651527404785,1,-1,-1,-1
1241,18,215.7687530517578,252.04910278320312,19.15285873413086,5.588250637054443,1,-1,-1,-1
1261,1,350.21136474609375,327.5848693847656,15.992786407470703,6.177515506744385,1,-1,-1,-1
1261,2,207.92762756347656,235.9476776123047,8.720492362976074,4.780513286590576,1,-1,-1,-1
1261,0,66.7359390258789,222.63229370117188,51.454193115234375,25.92734146118164,1,-1,-1,-1
1281,2,224.99795532226562,223.53366088867188,9.822314262390137,4.535059452056885,1,-1,-1,-1
1281,1,354.4654541015625,327.7513427734375,12.75332260131836,6.065467357635498,1,-1,-1,-1
1281,0,55.21499252319336,244.61392211914062,45.85888671875,21.846893310546875,1,-1,-1,-1
1301,2,282.8885192871094,213.1431121826172,10.408288955688477,4.399803638458252,1,-1,-1,-1
1301,1,321.10797119140625,328.7228088378906,13.995953559875488,6.004344463348389,1,-1,-1,-1
1301,0,101.09373474121094,285.8518371582031,33.10450744628906,12.243491172790527,1,-1,-1,-1
1321,1,287.61370849609375,327.77789306640625,17.494367599487305,6.161056995391846,1,-1,-1,-1
1321,0,131.88241577148438,300.1822814941406,28.754810333251953,10.613176345825195,1,-1,-1,-1
1321,2,323.6075134277344,203.38259887695312,10.938730239868164,4.668248176574707,1,-1,-1,-1
1341,0,173.03610229492188,304.97381591796875,27.5009822845459,9.300556182861328,1,-1,-1,-1
1341,1,285.37615966796875,327.546875,15.95145034790039,6.407787322998047,1,-1,-1,-1
1341,2,322.9592590332031,193.96258544921875,10.91103458404541,4.917452335357666,1,-1,-1,-1
1361,2,283.9239807128906,185.7047882080078,12.177434921264648,4.976503372192383,1,-1,-1,-1
1361,1,300.91448974609375,329.0458679199219,14.95689582824707,6.322350978851318,1,-1,-1,-1
1361,0,196.90736389160156,322.70379638671875,27.770801544189453,9.222328186035156,1,-1,-1,-1
1381,0,218.60797119140625,328.8407287597656,29.591373443603516,10.300187110900879,1,-1,-1,-1
1381,1,307.0774230957031,316.2228088378906,14.671038627624512,4.885698318481445,1,-1,-1,-1
1381,2,227.55856323242188,177.83250427246094,12.488397598266602,6.81459379196167,1,-1,-1,-1
1401,0,301.2665100097656,330.62432861328125,31.737712860107422,9.859225273132324,1,-1,-1,-1
1401,1,308.91387939453125,273.52581787109375,14.329183578491211,6.296474933624268,1,-1,-1,-1
1401,2,205.31332397460938,186.0188446044922,12.161520957946777,6.546508312225342,1,-1,-1,-1
1421,1,308.8022155761719,241.9482421875,14.591480255126953,5.241148471832275,1,-1,-1,-1
1421,0,424.19305419921875,330.54681396484375,29.873607635498047,11.524299621582031,1,-1,-1,-1
1421,2,195.26715087890625,201.18626403808594,11.41145133972168,5.146275997161865,1,-1,-1,-1
1441,1,309.0712890625,243.84510803222656,15.344472885131836,4.971897125244141,1,-1,-1,-1
1441,0,476.33880615234375,332.4149475097656,30.48326873779297,12.85379695892334,1,-1,-1,-1
1441,2,195.22840881347656,203.95252990722656,10.482393264770508,4.086739540100098,1,-1,-1,-1
1461,1,309.0673522949219,246.2407684326172,14.532865524291992,4.447863578796387,1,-1,-1,-1
1461,2,196.61024475097656,185.73541259765625,11.063347816467285,4.161163330078125,1,-1,-1,-1
1461,0,480.57061767578125,342.09161376953125,23.369064331054688,10.469983100891113,1,-1,-1,-1
1481,1,308.6112060546875,245.91146850585938,15.158660888671875,4.81519079208374,1,-1,-1,-1
1481,2,194.96771240234375,179.28683471679688,10.48333740234375,4.878933429718018,1,-1,-1,-1
1481,0,436.8514709472656,349.0993347167969,21.53485107421875,7.275053024291992,1,-1,-1,-1
1501,1,309.09442138671875,244.5146026611328,14.389791488647461,5.261997699737549,1,-1,-1,-1
1501,20,384.40118408203125,355.1377868652344,21.068443298339844,6.481301307678223,1,-1,-1,-1
1501,0,385.0450439453125,355.08209228515625,20.53219985961914,6.657702445983887,1,-1,-1,-1
1501,2,190.9545135498047,165.98529052734375,11.930679321289062,6.198777675628662,1,-1,-1,-1
1521,1,308.5993957519531,242.83514404296875,14.645017623901367,4.780942916870117,1,-1,-1,-1
1521,2,175.76339721679688,161.12908935546875,11.316402435302734,4.822547435760498,1,-1,-1,-1
1521,0,352.1747131347656,358.5934753417969,15.676299095153809,6.374237537384033,1,-1,-1,-1
1541,1,307.8570861816406,242.27078247070312,14.634867668151855,4.87346076965332,1,-1,-1,-1
1541,2,149.5817413330078,154.87342834472656,11.782615661621094,5.229063987731934,1,-1,-1,-1
1541,0,327.4536437988281,361.7314147949219,13.99504280090332,5.2279438972473145,1,-1,-1,-1
1541,21,149.614013671875,155.0772247314453,11.790739059448242,4.881247043609619,1,-1,-1,-1
1561,1,305.6138000488281,242.25466918945312,15.184511184692383,4.999382495880127,1,-1,-1,-1
1561,2,127.02529907226562,131.28067016601562,12.30935287475586,6.678420543670654,1,-1,-1,-1
1581,1,306.0740966796875,242.08084106445312,14.539628982543945,4.695272445678711,1,-1,-1,-1
1581,2,125.23968505859375,108.71536254882812,14.102777481079102,7.678515434265137,1,-1,-1,-1
1601,2,156.58450317382812,101.34650421142578,14.691482543945312,6.793286323547363,1,-1,-1,-1
1601,1,306.4930419921875,241.77789306640625,14.624414443969727,4.899919509887695,1,-1,-1,-1
1601,0,304.31658935546875,334.172119140625,12.50511646270752,4.56123161315918,1,-1,-1,-1
1621,1,307.0321960449219,241.56546020507812,15.007048606872559,4.532642364501953,1,-1,-1,-1
1621,0,307.1822814941406,317.8468017578125,10.603282928466797,4.164271831512451,1,-1,-1,-1
1621,2,181.5123291015625,103.90621185302734,14.550484657287598,8.087922096252441,1,-1,-1,-1
1641,1,307.1849365234375,241.46923828125,14.924320220947266,4.602996826171875,1,-1,-1,-1
1641,0,306.4299621582031,294.6161193847656,13.126705169677734,5.149745941162109,1,-1,-1,-1
1641,2,190.520263671875,128.1712646484375,13.387812614440918,6.687626838684082,1,-1,-1,-1
1661,1,307.8731689453125,241.26150512695312,15.133367538452148,4.64619255065918,1,-1,-1,-1
1661,2,194.47645568847656,161.03704833984375,11.501508712768555,6.826710224151611,1,-1,-1,-1
1661,0,304.17425537109375,278.13714599609375,14.44998550415039,5.4901838302612305,1,-1,-1,-1
1681,1,307.8585205078125,241.21560668945312,15.177517890930176,4.353332996368408,1,-1,-1,-1
1681,0,307.4014892578125,261.15185546875,10.418787002563477,4.661352157592773,1,-1,-1,-1
1681,2,195.8177490234375,191.5323944091797,10.057381629943848,4.8704304695129395,1,-1,-1,-1
1701,0,305.76129150390625,256.9219055175781,10.965291976928711,5.607882499694824,1,-1,-1,-1
1701,1,308.12152099609375,267.6572570800781,14.367992401123047,7.206317901611328,1,-1,-1,-1
1701,2,195.66561889648438,205.5643310546875,9.341835975646973,4.568054676055908,1,-1,-1,-1
1721,0,279.60296630859375,256.74810791015625,11.279600143432617,5.4441447257995605,1,-1,-1,-1
1721,2,193.08612060546875,238.3642578125,9.045209884643555,4.241623878479004,1,-1,-1,-1
1741,1,347.73516845703125,311.39593505859375,17.3341121673584,7.379810810089111,1,-1,-1,-1
1741,2,189.61769104003906,272.7648010253906,10.3682861328125,4.572108268737793,1,-1,-1,-1
1741,0,240.50332641601562,256.1424255371094,10.962852478027344,5.345792770385742,1,-1,-1,-1
1761,1,371.4567565917969,334.4386291503906,16.19612693786621,6.775903701782227,1,-1,-1,-1
1761,0,234.33836364746094,255.87281799316406,11.164241790771484,5.406103134155273,1,-1,-1,-1
1781,1,377.54248046875,345.27081298828125,18.399229049682617,7.449542999267578,1,-1,-1,-1
1781,0,253.25721740722656,256.4458312988281,10.795684814453125,4.487208843231201,1,-1,-1,-1
1801,1,410.0305480957031,361.95306396484375,20.630569458007812,7.78737211227417,1,-1,-1,-1
1801,0,280.84429931640625,256.8917541503906,10.999761581420898,4.859562397003174,1,-1,-1,-1
1821,0,287.0797424316406,256.4925231933594,9.95163345336914,5.818829536437988,1,-1,-1,-1
1821,1,459.9150390625,367.29559326171875,28.606094360351562,9.958332061767578,1,-1,-1,-1
1841,0,247.73239135742188,256.2050476074219,11.26197624206543,5.122893333435059,1,-1,-1,-1
1841,1,300.104736328125,300.0216064453125,9.139196395874023,4.850491046905518,1,-1,-1,-1
1861,0,188.18128967285156,254.11410522460938,11.592130661010742,6.643185615539551,1,-1,-1,-1
1861,1,467.468017578125,226.6971435546875,29.950292587280273,11.812173843383789,1,-1,-1,-1
1881,1,466.84521484375,192.23170471191406,31.808374404907227,8.609107971191406,1,-1,-1,-1
1881,0,168.29148864746094,254.4053192138672,11.177881240844727,5.926240921020508,1,-1,-1,-1
1901,0,179.8013916015625,254.54861450195312,11.192024230957031,5.472895622253418,1,-1,-1,-1
1901,1,471.21136474609375,263.67138671875,30.960905075073242,8.592857360839844,1,-1,-1,-1
1921,24,283.2961120605469,216.732666015625,10.77735424041748,6.564492225646973,1,-1,-1,-1
1921,0,215.19406127929688,256.08465576171875,11.507568359375,4.82311487197876,1,-1,-1,-1
1921,1,472.5246887207031,315.94842529296875,29.03864860534668,9.206724166870117,1,-1,-1,-1
1941,24,290.7293701171875,95.38774108886719,12.951817512512207,10.312907218933105,1,-1,-1,-1
1941,0,248.00942993164062,256.58172607421875,10.778400421142578,4.290881633758545,1,-1,-1,-1
1941,1,468.953857421875,330.30157470703125,32.653926849365234,9.253353118896484,1,-1,-1,-1
1961,24,294.7409362792969,16.49650001525879,13.32010269165039,8.528084754943848,1,-1,-1,-1
1961,0,269.6623229980469,256.6685791015625,11.480399131774902,4.643282413482666,1,-1,-1,-1
1961,1,494.06378173828125,327.13958740234375,32.12929153442383,9.088146209716797,1,-1,-1,-1
1981,0,306.0041809082031,256.95538330078125,10.986552238464355,4.358172416687012,1,-1,-1,-1
1981,24,293.9226989746094,28.158992767333984,13.347517013549805,6.8846259117126465,1,-1,-1,-1
1981,1,526.7491455078125,332.50732421875,37.074485778808594,8.693035125732422,1,-1,-1,-1
2001,24,292.31756591796875,112.93815612792969,13.21093463897705,7.323972702026367,1,-1,-1,-1
2001,0,340.9843444824219,256.91455078125,12.054994583129883,4.6125969886779785,1,-1,-1,-1
2001,1,510.3326721191406,330.4224548339844,34.729331970214844,11.460283279418945,1,-1,-1,-1
2021,24,291.0876770019531,210.7032012939453,14.051912307739258,6.576709747314453,1,-1,-1,-1
2021,0,371.1294250488281,253.9872283935547,10.322989463806152,5.801480770111084,1,-1,-1,-1
2021,1,442.0357666015625,329.4892272949219,39.94976043701172,10.523571014404297,1,-1,-1,-1
2041,0,376.3590087890625,254.2228546142578,10.892434120178223,5.11788272857666,1,-1,-1,-1
2041,24,289.9953918457031,249.0023956298828,15.539676666259766,6.346816062927246,1,-1,-1,-1
2041,1,431.8899841308594,329.7787780761719,38.10020446777344,9.192610740661621,1,-1,-1,-1
2061,0,376.0286865234375,271.1488952636719,10.595254898071289,4.8981146812438965,1,-1,-1,-1
2061,24,255.04273986816406,247.1387481689453,16.208951950073242,5.769750118255615,1,-1,-1,-1
2061,1,431.8302001953125,329.6646423339844,38.81382751464844,9.557796478271484,1,-1,-1,-1
2081,0,375.03192138671875,275.24267578125,11.77981185913086,4.617130756378174,1,-1,-1,-1
2081,24,222.41305541992188,243.87095642089844,14.914463996887207,7.145081520080566,1,-1,-1,-1
2081,1,433.02386474609375,329.4516296386719,39.88738250732422,9.02660083770752,1,-1,-1,-1
2101,0,375.1860046386719,275.3546447753906,10.618141174316406,4.339839458465576,1,-1,-1,-1
2101,24,238.2891845703125,242.37686157226562,16.08812141418457,6.626104831695557,1,-1,-1,-1
2101,1,439.643798828125,328.6413269042969,35.65888595581055,11.378292083740234,1,-1,-1,-1
2121,0,374.2196044921875,275.43402099609375,11.090250015258789,4.1233062744140625,1,-1,-1,-1
2121,1,512.5728759765625,329.871826171875,31.133163452148438,10.811214447021484,1,-1,-1,-1
2121,24,231.8697509765625,231.6225128173828,19.439592361450195,6.634764194488525,1,-1,-1,-1
2141,1,552.7565307617188,329.3884582519531,34.92192077636719,9.79117202758789,1,-1,-1,-1
2141,0,365.028564453125,274.9560546875,11.328238487243652,5.535903453826904,1,-1,-1,-1
2141,24,224.28941345214844,223.52452087402344,19.637174606323242,11.286623001098633,1,-1,-1,-1
2161,24,225.69496154785156,271.8992614746094,20.652130126953125,8.527785301208496,1,-1,-1,-1
2161,1,524.156494140625,330.2572937011719,36.12788772583008,10.840991020202637,1,-1,-1,-1
2161,0,330.9927673339844,274.9537658691406,10.831295013427734,4.443633556365967,1,-1,-1,-1
2163,24,230.48391723632812,273.1343994140625,19.66998291015625,8.136845588684082,1,-1,-1,-1
2163,1,517.5783081054688,329.65966796875,34.36615753173828,10.077620506286621,1,-1,-1,-1
2163,0,325.8828125,274.9871826171875,11.531182289123535,4.298230171203613,1,-1,-1,-1
