1,0,241.10690307617188,287.48541259765625,13.053837776184082,4.35554838180542,1,-1,-1,-1
1,1,63.63766098022461,102.08390045166016,11.754590034484863,5.6890034675598145,1,-1,-1,-1
1,2,300.683349609375,257.2357177734375,13.355155944824219,5.152795314788818,1,-1,-1,-1
21,1,63.391693115234375,102.2142105102539,11.212297439575195,5.2604804039001465,1,-1,-1,-1
21,2,298.9320373535156,258.3236999511719,12.800518035888672,5.251865386962891,1,-1,-1,-1
21,0,247.88568115234375,287.7264099121094,15.405167579650879,5.733982563018799,1,-1,-1,-1
41,0,254.54916381835938,287.8392028808594,15.048728942871094,4.901164531707764,1,-1,-1,-1
41,1,62.809303283691406,102.29890441894531,11.559386253356934,5.382159233093262,1,-1,-1,-1
41,2,296.16668701171875,259.0902099609375,13.02458667755127,5.435819149017334,1,-1,-1,-1
61,0,263.6908264160156,287.7473449707031,13.090895652770996,4.708314418792725,1,-1,-1,-1
61,2,291.1249084472656,260.2188720703125,13.353338241577148,5.074706554412842,1,-1,-1,-1
61,1,64.81922912597656,101.48731231689453,11.312369346618652,7.173680782318115,1,-1,-1,-1
81,0,265.7787170410156,286.4405822753906,12.326919555664062,4.716897487640381,1,-1,-1,-1
81,1,81.30583190917969,103.43729400634766,11.762521743774414,5.291294097900391,1,-1,-1,-1
81,2,285.38055419921875,260.4659118652344,12.189387321472168,5.120422840118408,1,-1,-1,-1
101,0,265.63897705078125,285.7331848144531,12.17591381072998,4.7715253829956055,1,-1,-1,-1
101,1,84.69827270507812,103.68727111816406,11.735359191894531,4.922900676727295,1,-1,-1,-1
101,2,275.8163757324219,258.8700256347656,13.219732284545898,4.774963855743408,1,-1,-1,-1
121,0,265.4099426269531,287.9972839355469,12.16812515258789,4.848085880279541,1,-1,-1,-1
121,1,85.72525024414062,104.11751556396484,11.878681182861328,4.890542030334473,1,-1,-1,-1
121,2,268.1615905761719,250.97842407226562,13.350040435791016,4.719197750091553,1,-1,-1,-1
141,1,86.84913635253906,95.7516098022461,11.76018238067627,5.336724758148193,1,-1,-1,-1
141,2,259.18609619140625,244.14163208007812,12.768248558044434,5.33167028427124,1,-1,-1,-1
141,0,265.96759033203125,293.0089111328125,10.80705738067627,5.067744255065918,1,-1,-1,-1
161,0,266.8272705078125,297.0697326660156,10.242128372192383,4.628047943115234,1,-1,-1,-1
161,2,250.25628662109375,235.98617553710938,12.433518409729004,5.116578578948975,1,-1,-1,-1
161,1,89.16011047363281,75.33218383789062,11.442933082580566,5.568562030792236,1,-1,-1,-1
181,0,267.296630859375,292.7558288574219,10.658751487731934,4.677158832550049,1,-1,-1,-1
181,2,241.06149291992188,227.33775329589844,12.913269996643066,5.4258809089660645,1,-1,-1,-1
181,1,91.964599609375,55.49349594116211,11.555561065673828,5.266138553619385,1,-1,-1,-1
201,0,268.0224914550781,288.8660583496094,10.476032257080078,5.003704071044922,1,-1,-1,-1
201,2,231.56898498535156,218.83714294433594,13.247886657714844,5.314272880554199,1,-1,-1,-1
201,1,90.24433135986328,71.2496566772461,11.306286811828613,5.580449104309082,1,-1,-1,-1
221,0,269.14776611328125,282.731201171875,10.247445106506348,4.261120319366455,1,-1,-1,-1
221,1,82.88436889648438,128.96153259277344,11.678277969360352,4.768494606018066,1,-1,-1,-1
221,2,220.65115356445312,208.15792846679688,13.416804313659668,4.902909755706787,1,-1,-1,-1
241,0,269.211669921875,276.3106384277344,10.132957458496094,4.211738109588623,1,-1,-1,-1
241,1,81.5525894165039,123.76089477539062,11.271665573120117,5.124961853027344,1,-1,-1,-1
241,2,212.12249755859375,198.19117736816406,13.36944580078125,5.439433574676514,1,-1,-1,-1
261,0,269.19842529296875,268.9427490234375,10.237588882446289,3.9977385997772217,1,-1,-1,-1
261,1,82.86947631835938,92.24229431152344,11.640581130981445,5.691483020782471,1,-1,-1,-1
261,2,204.34451293945312,187.9934539794922,13.40226936340332,5.490764617919922,1,-1,-1,-1
281,2,198.3557891845703,179.97744750976562,11.881797790527344,5.65546989440918,1,-1,-1,-1
281,0,270.1693420410156,260.58258056640625,9.436437606811523,3.857962131500244,1,-1,-1,-1
281,1,86.0276107788086,85.3862075805664,11.625593185424805,6.8765339851379395,1,-1,-1,-1
301,2,195.62158203125,177.50582885742188,13.177355766296387,5.929576873779297,1,-1,-1,-1
301,0,271.3709716796875,250.6521453857422,9.717637062072754,3.6656482219696045,1,-1,-1,-1
301,1,106.56809997558594,87.73918914794922,11.157125473022461,5.342041015625,1,-1,-1,-1
321,2,207.98574829101562,163.01210021972656,12.796226501464844,5.749608516693115,1,-1,-1,-1
321,0,271.2825927734375,242.6204071044922,9.58639907836914,3.7731165885925293,1,-1,-1,-1
321,1,114.57398986816406,73.52478790283203,11.689986228942871,5.192433834075928,1,-1,-1,-1
341,2,226.68531799316406,151.4568634033203,12.109137535095215,5.5699968338012695,1,-1,-1,-1
341,0,265.4869689941406,234.06903076171875,9.628113746643066,4.597829341888428,1,-1,-1,-1
341,1,117.51946258544922,64.92991638183594,12.130593299865723,5.432522296905518,1,-1,-1,-1
361,0,257.2066650390625,227.68893432617188,9.684052467346191,3.6111502647399902,1,-1,-1,-1
361,2,242.781494140625,138.54129028320312,12.210216522216797,5.510619640350342,1,-1,-1,-1
361,1,115.31906127929688,94.32675170898438,11.501636505126953,5.691276550292969,1,-1,-1,-1
381,2,258.2358093261719,125.05362701416016,11.765384674072266,5.778292655944824,1,-1,-1,-1
381,0,249.260498046875,226.54144287109375,9.726631164550781,3.850235939025879,1,-1,-1,-1
381,1,114.12715148925781,121.89827728271484,11.648425102233887,4.66783332824707,1,-1,-1,-1
401,2,273.84576416015625,111.26301574707031,12.555841445922852,5.530045032501221,1,-1,-1,-1
401,0,241.4714813232422,226.9914093017578,9.542909622192383,3.7020812034606934,1,-1,-1,-1
401,1,115.06514739990234,93.76156616210938,11.780444145202637,5.629709720611572,1,-1,-1,-1
421,2,290.7166442871094,96.48435974121094,11.781015396118164,5.916712760925293,1,-1,-1,-1
421,0,232.67149353027344,227.3423614501953,9.55884075164795,3.7934281826019287,1,-1,-1,-1
421,1,119.94627380371094,51.78279113769531,10.594878196716309,5.489780426025391,1,-1,-1,-1
441,2,308.6335144042969,82.25971221923828,11.8236722946167,5.750896453857422,1,-1,-1,-1
441,0,221.5395965576172,225.89013671875,9.384840965270996,4.1302900314331055,1,-1,-1,-1
441,1,118.38433074951172,61.481868743896484,11.5029296875,5.205211162567139,1,-1,-1,-1
461,2,328.293701171875,70.25387573242188,11.878631591796875,5.7242960929870605,1,-1,-1,-1
461,1,111.74618530273438,119.81982421875,10.686293601989746,5.8901448249816895,1,-1,-1,-1
461,0,207.87025451660156,223.97802734375,9.930074691772461,4.104702472686768,1,-1,-1,-1
481,2,347.2311096191406,76.04701232910156,11.358320236206055,5.9910569190979,1,-1,-1,-1
481,1,110.04043579101562,146.0904083251953,11.140087127685547,5.367002487182617,1,-1,-1,-1
481,0,194.83609008789062,221.5210723876953,9.486705780029297,3.9899706840515137,1,-1,-1,-1
501,0,187.75001525878906,220.47525024414062,9.112357139587402,4.266124248504639,1,-1,-1,-1
501,1,111.95358276367188,115.8123550415039,11.88077163696289,5.461851119995117,1,-1,-1,-1
501,2,364.9009704589844,87.7943115234375,11.562896728515625,5.952054977416992,1,-1,-1,-1
521,2,382.1116943359375,111.17894744873047,11.954031944274902,5.685833930969238,1,-1,-1,-1
521,1,112.02220916748047,112.03473663330078,11.341080665588379,5.0881667137146,1,-1,-1,-1
521,0,194.70802307128906,220.76138305664062,9.483388900756836,4.3029375076293945,1,-1,-1,-1
541,2,401.13702392578125,134.42372131347656,12.1885404586792,5.976131916046143,1,-1,-1,-1
541,1,109.22529602050781,141.57984924316406,11.558966636657715,5.048889636993408,1,-1,-1,-1
541,0,207.06442260742188,218.77931213378906,10.026241302490234,4.323947906494141,1,-1,-1,-1
561,2,418.9022521972656,155.76370239257812,11.963916778564453,5.396839618682861,1,-1,-1,-1
561,1,110.05386352539062,122.12085723876953,11.186906814575195,5.374658107757568,1,-1,-1,-1
561,0,218.55303955078125,209.78463745117188,10.469745635986328,4.302093029022217,1,-1,-1,-1
581,2,434.0631103515625,175.31826782226562,11.729439735412598,5.273154258728027,1,-1,-1,-1
581,0,228.83837890625,198.11883544921875,10.875128746032715,4.6038360595703125,1,-1,-1,-1
581,1,113.93527221679688,76.84619140625,11.2113676071167,5.02763032913208,1,-1,-1,-1
601,2,443.87939453125,193.28831481933594,12.248696327209473,5.576531410217285,1,-1,-1,-1
601,0,237.00347900390625,186.6282501220703,11.87039852142334,4.5489606857299805,1,-1,-1,-1
601,1,112.94979095458984,80.48179626464844,11.202584266662598,5.2049384117126465,1,-1,-1,-1
621,0,242.7749481201172,181.1392364501953,11.96407413482666,4.95235013961792,1,-1,-1,-1
621,1,106.94396209716797,132.68753051757812,11.330361366271973,5.720785617828369,1,-1,-1,-1
621,2,438.8913269042969,204.1855926513672,13.214173316955566,6.103696823120117,1,-1,-1,-1
641,0,247.0722198486328,183.3240966796875,12.783541679382324,5.035645961761475,1,-1,-1,-1
641,2,401.4303894042969,203.33767700195312,11.820976257324219,6.384670734405518,1,-1,-1,-1
641,1,106.01676940917969,149.40301513671875,11.63056468963623,4.964776992797852,1,-1,-1,-1
661,0,251.52572631835938,192.93179321289062,13.33932876586914,4.742069721221924,1,-1,-1,-1
661,1,106.78337097167969,144.3744659423828,11.38087272644043,5.106197357177734,1,-1,-1,-1
661,2,334.936279296875,201.97427368164062,12.569021224975586,5.868285179138184,1,-1,-1,-1
681,2,297.5790100097656,201.17796325683594,12.775312423706055,5.534937381744385,1,-1,-1,-1
681,0,255.841796875,207.42965698242188,13.788251876831055,5.23797607421875,1,-1,-1,-1
681,1,110.92500305175781,102.97801208496094,11.075797080993652,5.141077518463135,1,-1,-1,-1
701,0,259.16778564453125,226.27099609375,14.545867919921875,4.717811584472656,1,-1,-1,-1
701,1,111.96320343017578,90.87740325927734,11.235302925109863,5.306432723999023,1,-1,-1,-1
701,2,295.4342956542969,201.45086669921875,12.287433624267578,5.019504070281982,1,-1,-1,-1
721,0,263.8375244140625,242.0907440185547,14.558358192443848,5.410068035125732,1,-1,-1,-1
721,1,112.13215637207031,91.71753692626953,11.370354652404785,5.1632795333862305,1,-1,-1,-1
721,2,295.351318359375,202.27992248535156,12.942968368530273,4.992267608642578,1,-1,-1,-1
741,0,267.04522705078125,238.1881103515625,15.602307319641113,5.5796284675598145,1,-1,-1,-1
741,1,113.01349639892578,91.94205474853516,10.959086418151855,4.894766330718994,1,-1,-1,-1
741,2,286.9266357421875,203.34886169433594,12.300724029541016,5.519359588623047,1,-1,-1,-1
761,2,265.03472900390625,206.91354370117188,12.612905502319336,5.073805809020996,1,-1,-1,-1
761,0,262.7938537597656,232.62503051757812,15.731311798095703,5.711269378662109,1,-1,-1,-1
761,1,112.88672637939453,91.55660247802734,10.998927116394043,4.979222774505615,1,-1,-1,-1
781,0,243.76425170898438,227.3738555908203,16.513811111450195,6.06801176071167,1,-1,-1,-1
781,1,112.88217163085938,92.5263900756836,11.137810707092285,5.173425674438477,1,-1,-1,-1
781,2,233.8397979736328,214.7544403076172,12.376564979553223,5.370875835418701,1,-1,-1,-1
801,0,214.72235107421875,224.2630615234375,17.123748779296875,5.42091703414917,1,-1,-1,-1
801,1,113.26649475097656,93.06077575683594,11.43355941772461,5.125665664672852,1,-1,-1,-1
801,2,195.9674072265625,218.51559448242188,13.3265380859375,5.240303039550781,1,-1,-1,-1
821,2,159.83966064453125,230.30393981933594,13.181282043457031,5.267963409423828,1,-1,-1,-1
821,1,113.25537109375,93.42034912109375,11.573052406311035,5.122071743011475,1,-1,-1,-1
821,0,176.4028778076172,220.18438720703125,17.73885154724121,5.187862873077393,1,-1,-1,-1
841,2,125.20263671875,248.2615203857422,12.754315376281738,5.3403191566467285,1,-1,-1,-1
841,0,139.30877685546875,217.4054718017578,17.328100204467773,5.634912967681885,1,-1,-1,-1
841,1,112.96142578125,94.62718200683594,11.718559265136719,5.072871208190918,1,-1,-1,-1
861,0,119.29278564453125,220.11798095703125,17.776325225830078,5.794827461242676,1,-1,-1,-1
861,2,90.90999603271484,254.05328369140625,14.08613395690918,5.115841865539551,1,-1,-1,-1
861,1,113.32374572753906,94.15040588378906,11.6736421585083,5.31446647644043,1,-1,-1,-1
881,2,61.271942138671875,248.2788848876953,13.307714462280273,5.4425554275512695,1,-1,-1,-1
881,0,105.2321548461914,234.8875732421875,17.17085075378418,5.881378650665283,1,-1,-1,-1
881,1,114.07052612304688,92.47937774658203,11.526566505432129,5.2681498527526855,1,-1,-1,-1
901,2,35.00886917114258,220.43751525878906,13.001175880432129,6.182639122009277,1,-1,-1,-1
901,0,96.53929901123047,248.54226684570312,17.427677154541016,6.225960731506348,1,-1,-1,-1
901,1,114.9521484375,91.83671569824219,11.487584114074707,5.248056888580322,1,-1,-1,-1
921,2,15.079817771911621,201.5872802734375,12.830286979675293,6.230618953704834,1,-1,-1,-1
921,0,99.60043334960938,257.6484375,17.1882381439209,6.308894157409668,1,-1,-1,-1
921,1,114.54859924316406,92.73375701904297,11.26751708984375,5.335901260375977,1,-1,-1,-1
941,0,119.41229248046875,259.4914245605469,17.889699935913086,6.458087921142578,1,-1,-1,-1
941,2,11.87431812286377,198.1945037841797,13.291741371154785,7.330150604248047,1,-1,-1,-1
941,1,114.42851257324219,94.65579223632812,11.162787437438965,5.162818908691406,1,-1,-1,-1
961,2,34.41825866699219,192.43165588378906,12.830802917480469,7.048884868621826,1,-1,-1,-1
961,1,111.89240264892578,93.25951385498047,11.697844505310059,4.735621929168701,1,-1,-1,-1
961,0,151.827880859375,261.9823913574219,18.357624053955078,6.042073726654053,1,-1,-1,-1
981,0,196.38369750976562,264.627197265625,18.08000946044922,6.29525089263916,1,-1,-1,-1
981,2,72.23252868652344,188.5639190673828,13.925760269165039,6.802106857299805,1,-1,-1,-1
981,1,106.0611801147461,83.22808837890625,11.8486967086792,6.162177562713623,1,-1,-1,-1
1001,0,240.7831573486328,266.220458984375,18.372116088867188,6.924520969390869,1,-1,-1,-1
1001,1,104.8665771484375,82.86750030517578,11.943646430969238,4.861532211303711,1,-1,-1,-1
1001,2,115.27593994140625,182.32098388671875,12.51518440246582,5.64399528503418,1,-1,-1,-1
1021,0,257.10723876953125,254.9135284423828,17.198068618774414,5.7698588371276855,1,-1,-1,-1
1021,2,156.8308868408203,172.67628479003906,13.650723457336426,5.874277114868164,1,-1,-1,-1
1021,1,100.2632827758789,74.6744155883789,12.321525573730469,4.871325492858887,1,-1,-1,-1
1041,2,198.4208984375,160.6592559814453,12.421463966369629,5.287632465362549,1,-1,-1,-1
1041,1,85.23098754882812,42.76300811767578,12.961532592773438,6.211978912353516,1,-1,-1,-1
1041,0,263.906005859375,239.2240753173828,16.541011810302734,6.026673316955566,1,-1,-1,-1
1061,0,265.99755859375,227.9615936279297,18.016233444213867,6.048249244689941,1,-1,-1,-1
1061,1,75.53121948242188,18.010032653808594,14.263860702514648,7.735673427581787,1,-1,-1,-1
1061,2,237.93487548828125,138.85948181152344,13.20817756652832,5.259472370147705,1,-1,-1,-1
1081,0,266.692138671875,220.8673858642578,17.31200408935547,6.029138565063477,1,-1,-1,-1
1081,1,77.43499755859375,20.472871780395508,13.684505462646484,5.415683746337891,1,-1,-1,-1
1081,2,275.4214172363281,148.23193359375,11.95419692993164,5.733150482177734,1,-1,-1,-1
1101,0,268.318115234375,215.3520965576172,17.24561882019043,5.5031561851501465,1,-1,-1,-1
1101,1,79.21044921875,20.74689483642578,13.82291030883789,6.447900295257568,1,-1,-1,-1
1101,2,309.2445068359375,192.2037353515625,12.200484275817871,6.099283695220947,1,-1,-1,-1
1121,0,270.62420654296875,208.43051147460938,16.983583450317383,5.754333019256592,1,-1,-1,-1
1121,2,341.991943359375,244.25128173828125,12.069121360778809,4.874107837677002,1,-1,-1,-1
1121,1,79.31510925292969,19.44853401184082,13.702486991882324,6.608799457550049,1,-1,-1,-1
1141,0,268.70953369140625,202.7622833251953,17.127201080322266,5.38680362701416,1,-1,-1,-1
1141,1,78.82085418701172,18.910385131835938,13.608922958374023,6.673977851867676,1,-1,-1,-1
1141,2,374.4683532714844,257.96234130859375,12.647261619567871,4.81082820892334,1,-1,-1,-1
1161,0,256.02337646484375,202.26174926757812,16.997093200683594,5.571160793304443,1,-1,-1,-1
1161,1,78.91951751708984,18.362430572509766,13.517317771911621,6.761718273162842,1,-1,-1,-1
1161,2,407.26214599609375,209.24769592285156,12.10981273651123,6.499112129211426,1,-1,-1,-1
1181,2,437.20831298828125,137.71473693847656,11.464824676513672,7.780387878417969,1,-1,-1,-1
1181,1,79.82051086425781,18.167652130126953,13.435403823852539,8.375777244567871,1,-1,-1,-1
1181,0,230.71456909179688,199.46554565429688,16.453960418701172,5.4858503341674805,1,-1,-1,-1
1201,1,85.54535675048828,29.226268768310547,13.129133224487305,8.442824363708496,1,-1,-1,-1
1201,2,463.0965881347656,93.13949584960938,11.407469749450684,5.989038467407227,1,-1,-1,-1
1201,0,194.51351928710938,196.55860900878906,17.359371185302734,5.845078945159912,1,-1,-1,-1
1221,0,156.67742919921875,195.0969696044922,16.588764190673828,5.53091287612915,1,-1,-1,-1
1221,2,485.23675537109375,101.46637725830078,12.309492111206055,6.278659820556641,1,-1,-1,-1
1221,1,100.13855743408203,57.06805419921875,12.848417282104492,8.285999298095703,1,-1,-1,-1
1241,2,505.798095703125,125.5327377319336,12.042998313903809,6.438981056213379,1,-1,-1,-1
1241,0,119.59300231933594,199.9217987060547,16.760896682739258,6.586424827575684,1,-1,-1,-1
1241,1,121.15325164794922,96.22968292236328,11.055693626403809,7.199473857879639,1,-1,-1,-1
1261,0,102.65737915039062,203.52267456054688,17.05807876586914,6.962583065032959,1,-1,-1,-1
1261,1,140.6336212158203,134.09849548339844,9.961238861083984,4.710915565490723,1,-1,-1,-1
1261,2,524.9822387695312,165.09799194335938,11.855378150939941,6.949372291564941,1,-1,-1,-1
1281,0,101.8074722290039,208.42759704589844,16.703981399536133,6.001275062561035,1,-1,-1,-1
1281,2,544.336669921875,232.22805786132812,12.279749870300293,6.081799507141113,1,-1,-1,-1
1281,1,150.7303009033203,148.9667510986328,8.900672912597656,4.331617832183838,1,-1,-1,-1
1301,0,106.18183898925781,212.29713439941406,17.537654876708984,6.628471851348877,1,-1,-1,-1
1301,2,551.238037109375,248.71044921875,12.075294494628906,5.076774597167969,1,-1,-1,-1
1301,1,155.3516845703125,150.4133758544922,8.799205780029297,4.555937767028809,1,-1,-1,-1
1321,0,119.2000961303711,217.5152587890625,17.751813888549805,5.944962024688721,1,-1,-1,-1
1321,1,177.94515991210938,151.5887908935547,9.645920753479004,4.486649036407471,1,-1,-1,-1
1321,2,552.421630859375,197.2825469970703,11.396726608276367,5.944510459899902,1,-1,-1,-1
1341,0,133.99072265625,220.70030212402344,17.73383903503418,5.663249492645264,1,-1,-1,-1
1341,2,551.5662231445312,183.05609130859375,11.926313400268555,5.2384185791015625,1,-1,-1,-1
1341,1,187.533447265625,151.69525146484375,9.223844528198242,5.800807476043701,1,-1,-1,-1
1361,0,150.17193603515625,225.25743103027344,17.944896697998047,5.7716569900512695,1,-1,-1,-1
1361,2,537.407470703125,166.61663818359375,12.470918655395508,4.933930397033691,1,-1,-1,-1
1361,1,155.2071533203125,150.93673706054688,9.819266319274902,5.464773654937744,1,-1,-1,-1
1381,1,86.05764770507812,149.16531372070312,10.792016983032227,4.397310733795166,1,-1,-1,-1
1381,0,165.1666259765625,229.85916137695312,17.364423751831055,5.791036605834961,1,-1,-1,-1
1381,2,518.1368408203125,158.35414123535156,13.562884330749512,5.898026943206787,1,-1,-1,-1
1401,0,178.99203491210938,232.71852111816406,17.84615707397461,5.883860111236572,1,-1,-1,-1
1401,1,34.63716125488281,147.07400512695312,8.685248374938965,5.688831806182861,1,-1,-1,-1
1401,2,509.3389892578125,155.38616943359375,13.662384033203125,5.450713634490967,1,-1,-1,-1
1421,0,193.4390106201172,237.2831268310547,16.85435676574707,6.0480241775512695,1,-1,-1,-1
1421,1,31.685989379882812,147.80853271484375,9.39921760559082,4.683450222015381,1,-1,-1,-1
1421,2,507.15673828125,154.1129608154297,13.883125305175781,5.477268218994141,1,-1,-1,-1
1441,5,505.2868347167969,154.13502502441406,12.532143592834473,5.0567145347595215,1,-1,-1,-1
1441,1,32.677467346191406,148.94915771484375,9.281767845153809,4.780725955963135,1,-1,-1,-1
1441,0,210.05609130859375,241.72174072265625,17.55837631225586,5.742443561553955,1,-1,-1,-1
1441,2,505.9072570800781,153.75897216796875,12.116021156311035,6.1084723472595215,1,-1,-1,-1
1461,2,505.25982666015625,186.95973205566406,11.677772521972656,5.89204740524292,1,-1,-1,-1
1461,1,45.69391632080078,149.1066131591797,8.896364212036133,5.620771884918213,1,-1,-1,-1
1461,0,234.72543334960938,243.68479919433594,17.17807960510254,6.433326244354248,1,-1,-1,-1
1481,1,71.59495544433594,150.86500549316406,9.178877830505371,4.533400535583496,1,-1,-1,-1
1481,2,501.8499450683594,200.30665588378906,13.68478012084961,5.541068077087402,1,-1,-1,-1
1481,0,263.26763916015625,245.09397888183594,16.679893493652344,5.615544319152832,1,-1,-1,-1
1501,2,476.71875,200.2440643310547,10.500865936279297,4.146385669708252,1,-1,-1,-1
1501,1,76.22457885742188,150.77488708496094,9.438650131225586,4.758031368255615,1,-1,-1,-1
1501,0,289.36541748046875,247.2088623046875,17.193727493286133,5.304699897766113,1,-1,-1,-1
1521,0,314.7579345703125,248.1105194091797,16.96587371826172,5.6620988845825195,1,-1,-1,-1
1521,1,72.44136047363281,144.27737426757812,9.109577178955078,4.589751720428467,1,-1,-1,-1
1521,2,418.3818359375,174.6243438720703,13.12608814239502,5.808549404144287,1,-1,-1,-1
1541,0,337.977294921875,246.58766174316406,17.11697006225586,5.823209285736084,1,-1,-1,-1
1541,1,66.94020080566406,136.30064392089844,10.045166969299316,5.378455638885498,1,-1,-1,-1
1541,2,350.09808349609375,171.82533264160156,13.235201835632324,5.584192752838135,1,-1,-1,-1
1561,2,270.6936950683594,200.2514190673828,14.41197395324707,5.565674304962158,1,-1,-1,-1
1561,1,74.1324462890625,136.13589477539062,10.078024864196777,4.712437629699707,1,-1,-1,-1
1561,0,348.33807373046875,233.69664001464844,15.549068450927734,5.682641506195068,1,-1,-1,-1
1581,1,89.10559844970703,137.17774963378906,9.727493286132812,4.755215644836426,1,-1,-1,-1
1581,2,189.95108032226562,213.6543426513672,14.390546798706055,6.398388862609863,1,-1,-1,-1
1581,0,341.93463134765625,218.0387725830078,17.236248016357422,6.000655651092529,1,-1,-1,-1
1601,1,91.73109436035156,134.71331787109375,10.152268409729004,4.628681659698486,1,-1,-1,-1
1601,2,151.83363342285156,213.41160583496094,13.134109497070312,6.057949542999268,1,-1,-1,-1
1601,0,326.1732482910156,206.25393676757812,17.18355369567871,5.802197456359863,1,-1,-1,-1
1621,2,145.9338836669922,212.83290100097656,12.965506553649902,5.773785591125488,1,-1,-1,-1
1621,1,94.29251098632812,116.17132568359375,9.499441146850586,4.547346591949463,1,-1,-1,-1
1621,0,306.6419677734375,195.54420471191406,17.085643768310547,5.336087703704834,1,-1,-1,-1
1641,2,147.28318786621094,212.08644104003906,12.633313179016113,6.471839427947998,1,-1,-1,-1
1641,1,96.67110443115234,114.06938171386719,10.544219970703125,5.508761405944824,1,-1,-1,-1
1641,0,283.9315185546875,189.64752197265625,17.004701614379883,5.360946178436279,1,-1,-1,-1
1661,0,250.74188232421875,185.38343811035156,17.276609420776367,5.56971549987793,1,-1,-1,-1
1661,2,165.31268310546875,211.88412475585938,12.714232444763184,5.862940788269043,1,-1,-1,-1
1661,1,117.6296157836914,116.22122192382812,9.68905258178711,4.537696361541748,1,-1,-1,-1
1681,2,186.9114532470703,211.1304168701172,12.914165496826172,5.941429615020752,1,-1,-1,-1
1681,1,134.56594848632812,117.42644500732422,9.369199752807617,4.657437324523926,1,-1,-1,-1
1681,0,207.93881225585938,181.9326629638672,16.72846794128418,5.480739593505859,1,-1,-1,-1
1701,2,188.93939208984375,210.0117950439453,13.985492706298828,5.462219715118408,1,-1,-1,-1
1701,0,157.73818969726562,180.26449584960938,17.634313583374023,5.643218517303467,1,-1,-1,-1
1701,1,137.28445434570312,118.57427215576172,9.648751258850098,4.324357032775879,1,-1,-1,-1
1721,1,136.31182861328125,115.00713348388672,9.581531524658203,4.172398567199707,1,-1,-1,-1
1721,2,192.4966583251953,208.67575073242188,13.305130958557129,6.001565933227539,1,-1,-1,-1
1721,0,105.55812072753906,182.26841735839844,17.74347496032715,5.979170799255371,1,-1,-1,-1
1741,0,58.384925842285156,180.63450622558594,18.553394317626953,6.397044658660889,1,-1,-1,-1
1741,1,133.482177734375,109.70905303955078,10.221345901489258,5.181708335876465,1,-1,-1,-1
1741,2,207.69842529296875,207.43670654296875,13.867179870605469,5.380425453186035,1,-1,-1,-1
1761,0,31.637802124023438,179.57386779785156,17.32147979736328,7.32688570022583,1,-1,-1,-1
1761,1,132.90882873535156,121.6396484375,9.689005851745605,4.378899574279785,1,-1,-1,-1
1761,2,221.30958557128906,177.576416015625,13.568867683410645,5.515172004699707,1,-1,-1,-1
1781,2,224.4571533203125,147.366455078125,13.195117950439453,6.18733549118042,1,-1,-1,-1
1781,0,24.349571228027344,182.58340454101562,17.179080963134766,8.151229858398438,1,-1,-1,-1
1781,1,131.91322326660156,134.21800231933594,10.352508544921875,4.668400287628174,1,-1,-1,-1
1801,0,28.536422729492188,192.92295837402344,16.409833908081055,7.810102939605713,1,-1,-1,-1
1801,2,228.36215209960938,121.96629333496094,13.13586711883545,5.628490924835205,1,-1,-1,-1
1801,1,130.23715209960938,146.53927612304688,10.161720275878906,4.61384391784668,1,-1,-1,-1
1821,0,45.455726623535156,209.17666625976562,15.185796737670898,6.6269402503967285,1,-1,-1,-1
1821,2,241.25491333007812,119.84007263183594,12.8275146484375,6.506435394287109,1,-1,-1,-1
1821,1,129.22503662109375,147.8125762939453,10.228897094726562,4.575493335723877,1,-1,-1,-1
1841,2,282.2991943359375,120.4448471069336,13.103699684143066,5.618651390075684,1,-1,-1,-1
1841,0,73.36238098144531,230.18838500976562,13.35856819152832,5.917473793029785,1,-1,-1,-1
1841,1,128.412841796875,147.68309020996094,9.975028991699219,4.391122341156006,1,-1,-1,-1
1861,2,314.67718505859375,120.4102783203125,13.163193702697754,6.0318779945373535,1,-1,-1,-1
1861,0,96.7494888305664,246.91748046875,12.150213241577148,5.065268516540527,1,-1,-1,-1
1861,1,128.33950805664062,146.1723175048828,9.987974166870117,5.261538505554199,1,-1,-1,-1
1881,2,319.5741271972656,108.81084442138672,12.17072582244873,5.638881683349609,1,-1,-1,-1
1881,0,118.44960021972656,256.38885498046875,11.266254425048828,4.46452522277832,1,-1,-1,-1
1881,1,147.7705078125,145.81939697265625,10.18968677520752,4.443503379821777,1,-1,-1,-1
1901,2,318.3139343261719,116.48104095458984,12.420350074768066,5.731979846954346,1,-1,-1,-1
1901,0,137.4331817626953,255.43807983398438,10.3670072555542,4.356270790100098,1,-1,-1,-1
1901,1,163.92274475097656,145.10299682617188,9.849709510803223,4.195091247558594,1,-1,-1,-1
1921,2,317.45343017578125,123.96430206298828,13.06639289855957,5.47668981552124,1,-1,-1,-1
1921,0,156.62933349609375,255.07261657714844,10.208515167236328,4.214744567871094,1,-1,-1,-1
1921,1,166.591552734375,142.7896728515625,10.048637390136719,4.063424587249756,1,-1,-1,-1
1941,2,317.8592224121094,143.76063537597656,12.461488723754883,5.506069660186768,1,-1,-1,-1
1941,0,177.05792236328125,254.0797576904297,9.663105010986328,4.877718925476074,1,-1,-1,-1
1941,1,165.08078002929688,136.1380157470703,10.495523452758789,4.946222305297852,1,-1,-1,-1
1961,0,194.69174194335938,252.8403778076172,9.535740852355957,4.320241451263428,1,-1,-1,-1
1961,1,171.22254943847656,134.7195281982422,10.455416679382324,4.592827796936035,1,-1,-1,-1
1961,2,316.1390380859375,170.02261352539062,12.971626281738281,5.301489353179932,1,-1,-1,-1
1981,0,212.08108520507812,251.90777587890625,9.230071067810059,3.668128728866577,1,-1,-1,-1
1981,2,314.8481750488281,195.35128784179688,12.54500961303711,5.328830718994141,1,-1,-1,-1
1981,1,173.35134887695312,134.7322540283203,10.131759643554688,4.07024621963501,1,-1,-1,-1
2001,2,313.5714416503906,210.815673828125,13.368404388427734,5.117887496948242,1,-1,-1,-1
2001,0,227.43130493164062,249.26089477539062,8.701818466186523,4.308742046356201,1,-1,-1,-1
2001,1,173.48570251464844,135.21449279785156,10.028128623962402,4.184453010559082,1,-1,-1,-1
2021,2,325.694580078125,210.47982788085938,13.054875373840332,5.950930118560791,1,-1,-1,-1
2021,0,243.11361694335938,247.2698211669922,9.37075424194336,4.028408050537109,1,-1,-1,-1
2021,1,173.5712432861328,135.21987915039062,9.866599082946777,4.327416896820068,1,-1,-1,-1
2041,2,364.2139892578125,211.46588134765625,13.614236831665039,5.916475296020508,1,-1,-1,-1
2041,0,258.9298095703125,244.58917236328125,8.817734718322754,4.05480432510376,1,-1,-1,-1
2041,1,172.77056884765625,135.8468017578125,10.498324394226074,4.2942585945129395,1,-1,-1,-1
2061,0,275.4874572753906,242.88107299804688,9.332035064697266,4.124310493469238,1,-1,-1,-1
2061,2,423.3323669433594,211.47421264648438,13.394576072692871,6.532221794128418,1,-1,-1,-1
2061,1,172.45660400390625,135.27346801757812,10.220712661743164,4.464259624481201,1,-1,-1,-1
2081,0,292.6954345703125,241.20037841796875,8.447663307189941,3.4147095680236816,1,-1,-1,-1
2081,2,447.09661865234375,189.5769805908203,12.542581558227539,5.871273517608643,1,-1,-1,-1
2081,1,172.17852783203125,133.33921813964844,10.15895938873291,4.331645965576172,1,-1,-1,-1
2101,0,307.23101806640625,236.95040893554688,8.843976020812988,3.7579188346862793,1,-1,-1,-1
2101,2,448.0610656738281,163.9974822998047,11.983299255371094,5.809967994689941,1,-1,-1,-1
2101,1,172.014404296875,130.9500732421875,10.580587387084961,4.254414081573486,1,-1,-1,-1
2121,0,321.02374267578125,234.31126403808594,9.083647727966309,3.7245001792907715,1,-1,-1,-1
2121,2,447.10992431640625,148.46014404296875,12.392244338989258,5.7690863609313965,1,-1,-1,-1
2121,1,171.79910278320312,128.8922119140625,10.495504379272461,4.330112457275391,1,-1,-1,-1
2136,0,330.0091247558594,231.91336059570312,8.612842559814453,3.4741902351379395,1,-1,-1,-1
2136,2,448.0973815917969,146.95907592773438,11.828041076660156,5.3678131103515625,1,-1,-1,-1
2136,1,172.37928771972656,126.33592987060547,10.681329727172852,4.6415910720825195,1,-1,-1,-1
