1,0,341.9940490722656,248.8770294189453,12.133321762084961,4.8803324699401855,1,-1,-1,-1
1,1,137.9630889892578,117.0458755493164,9.66073226928711,4.308375358581543,1,-1,-1,-1
21,0,290.87701416015625,255.8239288330078,13.559545516967773,4.93503475189209,1,-1,-1,-1
21,1,130.85836791992188,113.7376480102539,11.080682754516602,5.253401756286621,1,-1,-1,-1
41,0,247.6875457763672,261.0262451171875,12.607264518737793,4.505306243896484,1,-1,-1,-1
41,1,130.33621215820312,116.55133056640625,10.739309310913086,6.539543628692627,1,-1,-1,-1
61,0,210.22897338867188,263.1866149902344,12.405734062194824,4.750208854675293,1,-1,-1,-1
61,1,135.04318237304688,128.2347869873047,9.892046928405762,4.277501106262207,1,-1,-1,-1
81,0,173.44854736328125,262.0742492675781,12.325037956237793,4.400700569152832,1,-1,-1,-1
81,1,137.3206787109375,149.47755432128906,9.836986541748047,4.320194244384766,1,-1,-1,-1
101,0,141.5298614501953,258.3472595214844,12.347949981689453,4.783994674682617,1,-1,-1,-1
101,1,136.55859375,159.6524200439453,10.350028038024902,4.553602695465088,1,-1,-1,-1
121,0,121.3614273071289,255.657958984375,11.983307838439941,4.785459518432617,1,-1,-1,-1
121,1,135.33688354492188,166.6319122314453,10.524853706359863,4.830002307891846,1,-1,-1,-1
141,1,133.44985961914062,186.69654846191406,10.352981567382812,4.449872016906738,1,-1,-1,-1
141,0,120.48798370361328,252.84178161621094,11.713801383972168,5.180426597595215,1,-1,-1,-1
161,2,139.21043395996094,249.703369140625,12.67922592163086,4.785904407501221,1,-1,-1,-1
161,1,136.6208038330078,187.54644775390625,9.301633834838867,6.297388553619385,1,-1,-1,-1
161,0,468.14813232421875,236.22628784179688,10.953310012817383,3.8865504264831543,1,-1,-1,-1
181,0,467.2835998535156,234.24392700195312,10.254640579223633,4.239867210388184,1,-1,-1,-1
181,1,177.9568328857422,189.671875,11.015000343322754,4.853516101837158,1,-1,-1,-1
181,2,169.1220703125,244.7907257080078,13.68034553527832,4.9929375648498535,1,-1,-1,-1
201,0,467.6028747558594,234.58973693847656,8.905603408813477,3.8865230083465576,1,-1,-1,-1
201,1,199.95831298828125,189.7770538330078,10.005721092224121,5.54977560043335,1,-1,-1,-1
201,2,204.76596069335938,241.06422424316406,13.953064918518066,4.758085250854492,1,-1,-1,-1
221,2,243.9269256591797,237.43504333496094,14.270625114440918,5.033307075500488,1,-1,-1,-1
221,1,169.65577697753906,188.2703094482422,10.156099319458008,4.789571285247803,1,-1,-1,-1
241,2,292.85498046875,232.70713806152344,15.532169342041016,5.177231311798096,1,-1,-1,-1
241,1,145.9061737060547,185.01101684570312,10.340322494506836,4.708305835723877,1,-1,-1,-1
261,2,340.56561279296875,228.7091827392578,14.254969596862793,4.669478893280029,1,-1,-1,-1
261,1,130.3148651123047,172.1099395751953,10.968524932861328,5.023902416229248,1,-1,-1,-1
281,2,387.549560546875,224.78579711914062,15.322803497314453,5.24120569229126,1,-1,-1,-1
281,1,110.50253295898438,146.4700469970703,11.795354843139648,7.576504230499268,1,-1,-1,-1
301,1,103.6696548461914,139.90960693359375,12.738722801208496,7.620877742767334,1,-1,-1,-1
301,2,430.3730773925781,225.3297882080078,11.27650260925293,4.918726921081543,1,-1,-1,-1
321,2,465.78814697265625,225.92503356933594,10.792556762695312,4.191761493682861,1,-1,-1,-1
321,4,404.87799072265625,235.34840393066406,11.036386489868164,4.436168193817139,1,-1,-1,-1
321,1,111.29574584960938,154.34652709960938,11.568079948425293,7.27894926071167,1,-1,-1,-1
341,4,379.08837890625,234.16249084472656,10.874252319335938,4.294137001037598,1,-1,-1,-1
341,1,127.8440170288086,179.7803955078125,10.406742095947266,6.469335556030273,1,-1,-1,-1
361,4,365.0374755859375,232.86447143554688,10.923365592956543,4.697100639343262,1,-1,-1,-1
361,1,142.7649383544922,200.45489501953125,9.260092735290527,4.899451732635498,1,-1,-1,-1
381,4,364.18548583984375,230.05711364746094,10.66917610168457,4.918234825134277,1,-1,-1,-1
381,1,148.6598358154297,204.7579803466797,8.836236000061035,4.699609279632568,1,-1,-1,-1
401,1,147.39895629882812,197.55262756347656,10.502728462219238,5.180918216705322,1,-1,-1,-1
401,4,365.71441650390625,223.2748565673828,9.868034362792969,4.407802104949951,1,-1,-1,-1
401,2,394.402587890625,254.8763885498047,12.359437942504883,4.649928569793701,1,-1,-1,-1
421,2,329.9580078125,260.84185791015625,10.929859161376953,4.221874237060547,1,-1,-1,-1
421,1,138.92373657226562,179.87692260742188,10.310129165649414,4.4139323234558105,1,-1,-1,-1
421,4,365.69927978515625,221.6448211669922,10.64950942993164,5.003106594085693,1,-1,-1,-1
441,4,366.52093505859375,215.98141479492188,10.655793190002441,4.835238456726074,1,-1,-1,-1
441,1,130.0633087158203,164.44483947753906,11.50997257232666,5.212153911590576,1,-1,-1,-1
441,2,273.33245849609375,264.4111328125,12.73154354095459,4.913753986358643,1,-1,-1,-1
461,2,221.33346557617188,267.87615966796875,12.231391906738281,4.853213310241699,1,-1,-1,-1
461,1,123.35111999511719,153.70933532714844,11.338775634765625,4.4862165451049805,1,-1,-1,-1
461,4,365.99462890625,213.4864044189453,10.682031631469727,4.841994285583496,1,-1,-1,-1
481,1,109.1866455078125,130.8018341064453,12.315827369689941,4.303525447845459,1,-1,-1,-1
481,2,167.01524353027344,271.53076171875,11.561359405517578,4.163155555725098,1,-1,-1,-1
481,4,364.7914123535156,209.27976989746094,11.17609977722168,4.901180267333984,1,-1,-1,-1
501,2,112.37297058105469,271.36822509765625,10.24233627319336,4.398252487182617,1,-1,-1,-1
501,1,86.04651641845703,95.50713348388672,14.114068984985352,5.645395278930664,1,-1,-1,-1
501,4,359.0018005371094,208.32994079589844,10.81240463256836,4.719485282897949,1,-1,-1,-1
521,1,68.0512466430664,68.70973205566406,16.276979446411133,8.607538223266602,1,-1,-1,-1
521,4,336.916748046875,208.73460388183594,10.529790878295898,4.541461944580078,1,-1,-1,-1
521,2,55.04143524169922,266.3091735839844,10.324438095092773,4.666665077209473,1,-1,-1,-1
541,1,61.972991943359375,63.40027618408203,16.893369674682617,6.797729969024658,1,-1,-1,-1
541,4,306.4419860839844,211.6855926513672,10.980436325073242,4.7564802169799805,1,-1,-1,-1
561,1,54.12480163574219,60.45260238647461,17.082544326782227,8.388938903808594,1,-1,-1,-1
561,4,277.99017333984375,216.43223571777344,11.599847793579102,4.4459614753723145,1,-1,-1,-1
581,1,49.11109924316406,80.37959289550781,17.5911922454834,7.80377197265625,1,-1,-1,-1
581,4,260.2850341796875,227.23590087890625,10.521403312683105,4.841628074645996,1,-1,-1,-1
601,1,50.05351638793945,84.82569885253906,17.496601104736328,7.776187419891357,1,-1,-1,-1
601,4,257.4452209472656,227.3258056640625,11.160528182983398,4.628664016723633,1,-1,-1,-1
621,4,258.55645751953125,226.73992919921875,10.710437774658203,4.83664083480835,1,-1,-1,-1
621,1,59.65727996826172,91.83784484863281,17.064441680908203,10.674842834472656,1,-1,-1,-1
641,1,85.60655212402344,125.54165649414062,14.897895812988281,9.123419761657715,1,-1,-1,-1
641,4,257.9151306152344,225.79415893554688,11.333194732666016,4.910709857940674,1,-1,-1,-1
661,4,258.4621276855469,221.666015625,10.895936965942383,5.03652811050415,1,-1,-1,-1
661,1,116.66830444335938,165.49830627441406,12.962045669555664,7.2489013671875,1,-1,-1,-1
681,4,259.0050354003906,214.05740356445312,10.783711433410645,4.926980018615723,1,-1,-1,-1
681,1,141.49090576171875,196.7089080810547,11.522712707519531,5.702354431152344,1,-1,-1,-1
701,5,21.440792083740234,233.69351196289062,15.400370597839355,5.3512492179870605,1,-1,-1,-1
701,4,259.8216247558594,214.10488891601562,10.262273788452148,5.454991340637207,1,-1,-1,-1
701,1,153.5490264892578,208.2786865234375,10.3724946975708,4.366888523101807,1,-1,-1,-1
721,5,78.31880187988281,230.96102905273438,17.055017471313477,4.941097736358643,1,-1,-1,-1
721,4,280.1882629394531,213.2407684326172,10.789501190185547,4.793740272521973,1,-1,-1,-1
721,1,157.10122680664062,209.07969665527344,10.863044738769531,4.341479301452637,1,-1,-1,-1
741,5,138.1485137939453,226.89181518554688,17.190799713134766,5.499933242797852,1,-1,-1,-1
741,1,133.16165161132812,207.81932067871094,10.142083168029785,4.98057746887207,1,-1,-1,-1
741,4,315.82440185546875,190.54600524902344,11.154155731201172,6.305175304412842,1,-1,-1,-1
761,1,84.4302749633789,204.8705596923828,9.447043418884277,6.603756427764893,1,-1,-1,-1
761,5,190.31967163085938,223.29039001464844,18.611042022705078,5.5725321769714355,1,-1,-1,-1
761,4,333.4849853515625,173.15541076660156,11.167987823486328,5.260892391204834,1,-1,-1,-1
781,1,87.74905395507812,206.5214385986328,9.7251558303833,4.750552177429199,1,-1,-1,-1
781,5,242.23724365234375,220.73106384277344,18.83928871154785,6.686827182769775,1,-1,-1,-1
781,4,335.38861083984375,179.54269409179688,10.742965698242188,5.049356937408447,1,-1,-1,-1
801,1,84.99073028564453,200.320556640625,10.493623733520508,5.2081475257873535,1,-1,-1,-1
801,5,292.2969055175781,223.229736328125,17.40373420715332,6.922029972076416,1,-1,-1,-1
801,4,333.6153869628906,193.41009521484375,11.27084732055664,4.768463134765625,1,-1,-1,-1
821,5,340.3695068359375,233.0797882080078,16.015451431274414,5.582823276519775,1,-1,-1,-1
821,1,69.69313049316406,183.19168090820312,11.250475883483887,5.247517108917236,1,-1,-1,-1
821,4,336.303466796875,193.7152862548828,11.152363777160645,4.7551774978637695,1,-1,-1,-1
841,1,45.33382034301758,158.1000518798828,12.839244842529297,5.464596271514893,1,-1,-1,-1
841,5,378.11480712890625,244.49755859375,13.787452697753906,6.000709056854248,1,-1,-1,-1
841,4,338.2459716796875,195.0638885498047,10.704532623291016,4.709460258483887,1,-1,-1,-1
861,4,338.68157958984375,228.1809539794922,9.99256420135498,4.190558910369873,1,-1,-1,-1
861,5,366.4749450683594,256.52117919921875,14.049886703491211,4.635353088378906,1,-1,-1,-1
861,1,31.44171714782715,145.0392608642578,14.094303131103516,8.228403091430664,1,-1,-1,-1
881,4,338.2145690917969,238.4786376953125,10.84931468963623,4.238132953643799,1,-1,-1,-1
881,1,40.204776763916016,155.2688751220703,13.204944610595703,7.930689811706543,1,-1,-1,-1
881,5,336.2856750488281,266.6689147949219,11.154218673706055,4.41025972366333,1,-1,-1,-1
901,4,337.2979736328125,236.30294799804688,10.518037796020508,4.562328338623047,1,-1,-1,-1
901,1,63.48535919189453,179.4550323486328,12.145837783813477,5.6625657081604,1,-1,-1,-1
901,5,299.9102478027344,273.8036804199219,12.878541946411133,4.783002853393555,1,-1,-1,-1
921,4,338.24468994140625,238.0155487060547,11.06941032409668,4.242988109588623,1,-1,-1,-1
921,5,288.7801208496094,277.1263732910156,11.191039085388184,4.673966407775879,1,-1,-1,-1
921,1,77.91453552246094,192.71182250976562,11.370037078857422,5.219433307647705,1,-1,-1,-1
941,5,281.6954345703125,277.4694519042969,12.194634437561035,4.943828582763672,1,-1,-1,-1
941,1,81.31619262695312,194.54873657226562,11.012043952941895,4.822957515716553,1,-1,-1,-1
961,1,88.55467224121094,199.57034301757812,11.056294441223145,6.814702033996582,1,-1,-1,-1
961,5,266.8377380371094,275.1053466796875,12.604569435119629,4.82163667678833,1,-1,-1,-1
961,4,347.5820617675781,246.53660583496094,9.013187408447266,3.773577928543091,1,-1,-1,-1
981,1,105.48936462402344,215.97523498535156,10.482020378112793,4.853806972503662,1,-1,-1,-1
981,5,260.3420104980469,276.70611572265625,12.296981811523438,4.042459011077881,1,-1,-1,-1
981,4,355.6781005859375,250.87869262695312,11.146231651306152,5.222500801086426,1,-1,-1,-1
1001,5,259.8595275878906,278.3141784667969,11.944587707519531,4.473657131195068,1,-1,-1,-1
1001,1,117.32833862304688,226.33224487304688,9.928443908691406,5.062167644500732,1,-1,-1,-1
1001,4,383.3804931640625,254.73658752441406,10.864465713500977,4.260653495788574,1,-1,-1,-1
1021,5,258.2805480957031,279.72412109375,12.979074478149414,4.7819390296936035,1,-1,-1,-1
1021,1,118.70899963378906,225.1865692138672,9.339746475219727,4.931584358215332,1,-1,-1,-1
1021,4,418.8346862792969,256.6510925292969,11.283599853515625,4.105823040008545,1,-1,-1,-1
1041,1,112.5790023803711,216.4062042236328,10.376996994018555,5.65584135055542,1,-1,-1,-1
1041,4,250.82943725585938,278.0285949707031,11.832019805908203,4.347029209136963,1,-1,-1,-1
1061,1,113.1906967163086,215.98838806152344,9.902395248413086,4.691507339477539,1,-1,-1,-1
1061,4,253.99325561523438,273.53125,12.753881454467773,4.782686710357666,1,-1,-1,-1
1081,1,112.1837158203125,214.14622497558594,10.455730438232422,5.104419231414795,1,-1,-1,-1
1081,4,273.368408203125,269.49053955078125,13.976207733154297,5.0703840255737305,1,-1,-1,-1
1101,1,111.71086120605469,213.1395721435547,10.757560729980469,5.098215579986572,1,-1,-1,-1
1101,4,299.22998046875,266.3570556640625,18.687671661376953,5.868105411529541,1,-1,-1,-1
1121,1,111.93148803710938,212.27337646484375,10.180816650390625,4.501811981201172,1,-1,-1,-1
1121,4,329.84259033203125,265.2096862792969,15.986211776733398,5.121466636657715,1,-1,-1,-1
1141,1,106.684326171875,205.8118896484375,10.879152297973633,4.766285419464111,1,-1,-1,-1
1141,4,359.3182373046875,263.5755310058594,16.55426025390625,5.256673336029053,1,-1,-1,-1
1161,1,98.7314224243164,196.19505310058594,11.807112693786621,5.601171493530273,1,-1,-1,-1
1161,4,386.9278564453125,261.75628662109375,15.518579483032227,5.327928066253662,1,-1,-1,-1
1161,8,421.363525390625,257.8011474609375,10.209035873413086,4.27353048324585,1,-1,-1,-1
1181,4,409.0223388671875,259.1347961425781,13.777473449707031,5.47932243347168,1,-1,-1,-1
1181,8,385.4724426269531,257.5378723144531,10.923416137695312,4.443666934967041,1,-1,-1,-1
1181,1,85.29591369628906,179.25120544433594,11.884847640991211,5.900638103485107,1,-1,-1,-1
1201,1,58.4953498840332,145.2869110107422,13.732978820800781,8.8349609375,1,-1,-1,-1
1201,11,421.72430419921875,256.9750671386719,12.37946605682373,4.290589332580566,1,-1,-1,-1
1201,8,347.0611267089844,269.09423828125,10.236344337463379,3.765543222427368,1,-1,-1,-1
1221,8,313.886962890625,279.6910705566406,10.94112491607666,4.677315711975098,1,-1,-1,-1
1221,1,45.20159912109375,131.27670288085938,14.629734992980957,8.445649147033691,1,-1,-1,-1
1221,4,431.51812744140625,253.1637725830078,12.285409927368164,5.207302093505859,1,-1,-1,-1
1241,8,285.3090515136719,294.69915771484375,9.075286865234375,4.069870948791504,1,-1,-1,-1
1241,1,50.79130172729492,143.2831268310547,13.791423797607422,7.614508628845215,1,-1,-1,-1
1241,4,397.0018005371094,251.17623901367188,14.895190238952637,6.404269695281982,1,-1,-1,-1
1261,4,324.6405029296875,250.64324951171875,13.929872512817383,4.656860828399658,1,-1,-1,-1
1261,1,58.87763214111328,157.31993103027344,13.248210906982422,5.48679256439209,1,-1,-1,-1
1261,8,261.33917236328125,306.2901916503906,8.419906616210938,3.655003309249878,1,-1,-1,-1
1281,4,253.8137969970703,250.11314392089844,15.435790061950684,5.102207183837891,1,-1,-1,-1
1281,1,60.0700798034668,158.38084411621094,12.539645195007324,5.215490818023682,1,-1,-1,-1
1301,8,222.44300842285156,274.08990478515625,9.247264862060547,4.361158847808838,1,-1,-1,-1
1301,1,59.904388427734375,157.43124389648438,13.183270454406738,5.833765029907227,1,-1,-1,-1
1301,4,221.79368591308594,248.99343872070312,14.56618881225586,4.981682777404785,1,-1,-1,-1
1321,4,226.26492309570312,248.80352783203125,14.706603050231934,5.074761390686035,1,-1,-1,-1
1321,8,208.44235229492188,259.1712341308594,8.478340148925781,4.10477876663208,1,-1,-1,-1
1321,1,60.53941345214844,155.90542602539062,13.508628845214844,5.98629903793335,1,-1,-1,-1
1341,4,258.1669616699219,248.03231811523438,14.918780326843262,5.270763397216797,1,-1,-1,-1
1341,8,195.92965698242188,248.02883911132812,9.427295684814453,4.384419918060303,1,-1,-1,-1
1341,1,59.4094123840332,152.4917449951172,13.19815444946289,6.357324600219727,1,-1,-1,-1
1361,4,306.84283447265625,246.31060791015625,16.18106460571289,4.650002956390381,1,-1,-1,-1
1361,8,189.6856689453125,247.02552795410156,8.879900932312012,4.465139389038086,1,-1,-1,-1
1361,1,59.33244323730469,150.23342895507812,13.374034881591797,5.938781261444092,1,-1,-1,-1
1381,4,366.72723388671875,247.08689880371094,15.663546562194824,5.248329162597656,1,-1,-1,-1
1381,1,60.90614318847656,147.3519744873047,13.0704984664917,5.872233867645264,1,-1,-1,-1
1381,8,198.50990295410156,241.08578491210938,9.1608247756958,5.152990341186523,1,-1,-1,-1
1401,1,65.6039047241211,150.60830688476562,13.171162605285645,5.339245796203613,1,-1,-1,-1
1401,8,224.16419982910156,234.26620483398438,8.949553489685059,4.197089672088623,1,-1,-1,-1
1401,4,421.8397521972656,257.62890625,11.547837257385254,5.435270309448242,1,-1,-1,-1
1421,8,261.6291809082031,229.2749786376953,9.335415840148926,4.504819393157959,1,-1,-1,-1
1421,4,436.8714599609375,261.0299987792969,12.4963960647583,4.654117584228516,1,-1,-1,-1
1421,1,67.72653198242188,151.5853729248047,14.022021293640137,5.221444129943848,1,-1,-1,-1
1441,8,309.8191223144531,224.8856201171875,9.153291702270508,4.479033946990967,1,-1,-1,-1
1441,1,70.90766143798828,150.9142608642578,13.07975959777832,5.5562214851379395,1,-1,-1,-1
1441,4,439.925537109375,265.3896484375,11.929014205932617,4.304382801055908,1,-1,-1,-1
1461,1,71.28215789794922,146.44876098632812,12.549763679504395,5.6304450035095215,1,-1,-1,-1
1461,8,363.505859375,216.6980438232422,9.677160263061523,3.9071831703186035,1,-1,-1,-1
1461,4,435.7625732421875,270.08795166015625,12.52167797088623,4.905633926391602,1,-1,-1,-1
1481,4,434.670654296875,273.0909729003906,11.905613899230957,4.9320783615112305,1,-1,-1,-1
1481,1,71.13299560546875,143.96493530273438,12.654038429260254,5.087139129638672,1,-1,-1,-1
1481,8,418.6934814453125,213.8184814453125,9.57245922088623,4.241158962249756,1,-1,-1,-1
1501,4,420.9768981933594,276.96240234375,10.99084758758545,4.506927490234375,1,-1,-1,-1
1501,8,467.41766357421875,213.27687072753906,11.126189231872559,3.732818841934204,1,-1,-1,-1
1501,1,70.70309448242188,142.80381774902344,12.854186058044434,5.316776752471924,1,-1,-1,-1
1521,1,70.72745513916016,139.8244171142578,13.183298110961914,5.884942054748535,1,-1,-1,-1
1521,8,506.1552429199219,195.32177734375,8.940330505371094,4.019443511962891,1,-1,-1,-1
1541,1,71.6019287109375,133.0502471923828,13.080477714538574,5.331252574920654,1,-1,-1,-1
1541,8,536.303955078125,180.11483764648438,8.231236457824707,4.592981815338135,1,-1,-1,-1
1541,4,351.24847412109375,276.6528625488281,11.027839660644531,4.438889026641846,1,-1,-1,-1
1561,1,72.04586791992188,129.9020538330078,13.434450149536133,5.564322471618652,1,-1,-1,-1
1561,4,294.9170227050781,276.5067138671875,14.185372352600098,5.334257125854492,1,-1,-1,-1
1561,8,554.9036865234375,181.32655334472656,8.040639877319336,5.110840320587158,1,-1,-1,-1
1581,4,260.5269470214844,274.795654296875,14.942922592163086,5.222446918487549,1,-1,-1,-1
1581,1,73.50450134277344,129.65536499023438,13.441227912902832,7.196685791015625,1,-1,-1,-1
1581,8,559.0244140625,182.3645782470703,7.721050262451172,5.740056037902832,1,-1,-1,-1
1601,4,257.397705078125,274.12530517578125,13.893712997436523,4.691176891326904,1,-1,-1,-1
1601,1,83.15857696533203,141.29421997070312,12.56747055053711,5.457083702087402,1,-1,-1,-1
1601,8,538.4183349609375,183.24327087402344,8.696836471557617,5.568927764892578,1,-1,-1,-1
1621,4,254.20175170898438,270.8598327636719,14.081612586975098,5.147629261016846,1,-1,-1,-1
1621,1,87.08950805664062,143.74176025390625,12.870863914489746,5.3895721435546875,1,-1,-1,-1
1621,8,498.2012939453125,184.54571533203125,8.217559814453125,4.689577102661133,1,-1,-1,-1
1641,4,245.63720703125,266.7698059082031,15.044025421142578,4.888216972351074,1,-1,-1,-1
1641,1,81.63246154785156,129.66455078125,13.54743766784668,8.203685760498047,1,-1,-1,-1
1641,8,440.8448791503906,191.0069122314453,8.891295433044434,4.43414306640625,1,-1,-1,-1
1661,4,233.65603637695312,261.49658203125,13.912189483642578,5.24200439453125,1,-1,-1,-1
1661,1,81.52888488769531,129.8509063720703,13.882407188415527,6.194311618804932,1,-1,-1,-1
1661,8,375.70977783203125,195.0955047607422,8.963281631469727,3.8511343002319336,1,-1,-1,-1
1681,8,319.1512451171875,223.4387969970703,7.60723352432251,5.050279140472412,1,-1,-1,-1
1681,1,82.76335144042969,132.48574829101562,13.339723587036133,5.721616744995117,1,-1,-1,-1
1681,4,219.06922912597656,255.2207794189453,16.49229621887207,6.710100173950195,1,-1,-1,-1
1701,1,82.21650695800781,133.7365264892578,13.843582153320312,5.473781108856201,1,-1,-1,-1
1701,4,248.69956970214844,249.76675415039062,16.80188751220703,6.4173431396484375,1,-1,-1,-1
1721,4,329.03460693359375,244.63790893554688,16.97585678100586,5.885704517364502,1,-1,-1,-1
1721,1,82.33343505859375,135.1864013671875,13.448847770690918,5.711877822875977,1,-1,-1,-1
1721,8,288.0317687988281,298.8874816894531,8.282630920410156,3.971419095993042,1,-1,-1,-1
1741,1,76.97344970703125,128.21533203125,13.478141784667969,5.466068267822266,1,-1,-1,-1
1741,8,289.5592956542969,281.7907409667969,9.509889602661133,5.073788642883301,1,-1,-1,-1
1761,1,57.34001159667969,97.17977905273438,15.33680534362793,9.413656234741211,1,-1,-1,-1
1761,8,286.95343017578125,263.0805358886719,8.658123016357422,4.345296859741211,1,-1,-1,-1
1761,4,576.6228637695312,236.4872283935547,17.208053588867188,10.750977516174316,1,-1,-1,-1
1781,4,587.034423828125,235.35708618164062,17.884410858154297,10.980483055114746,1,-1,-1,-1
1781,1,51.80065155029297,90.7719497680664,16.146896362304688,7.1779351234436035,1,-1,-1,-1
1781,8,273.9905090332031,244.7415771484375,9.24998950958252,4.593663692474365,1,-1,-1,-1
1801,8,254.11456298828125,235.66578674316406,8.367554664611816,4.250368118286133,1,-1,-1,-1
1801,1,50.82267379760742,95.06175994873047,15.899065017700195,6.750382423400879,1,-1,-1,-1
1801,4,484.5735168457031,237.60284423828125,11.94575309753418,4.218573570251465,1,-1,-1,-1
1821,1,51.60359191894531,91.2877426147461,16.078603744506836,7.209804058074951,1,-1,-1,-1
1821,4,284.0704040527344,241.8256072998047,24.0858154296875,6.51535177230835,1,-1,-1,-1
1821,8,229.2770538330078,232.97396850585938,8.923293113708496,4.193238735198975,1,-1,-1,-1
1841,4,129.2777557373047,246.59010314941406,20.303936004638672,8.566200256347656,1,-1,-1,-1
1841,1,57.44308853149414,87.82806396484375,16.11275863647461,9.229317665100098,1,-1,-1,-1
1841,8,211.64178466796875,232.2456817626953,8.340003967285156,4.457583427429199,1,-1,-1,-1
1861,1,79.08259582519531,110.96654510498047,14.089765548706055,8.01574993133545,1,-1,-1,-1
1861,8,209.7586212158203,231.7108612060547,7.99152946472168,4.95077657699585,1,-1,-1,-1
1861,4,76.94180297851562,251.3694305419922,18.28923797607422,6.137103080749512,1,-1,-1,-1
1881,1,98.29425048828125,132.38377380371094,12.616926193237305,5.493720054626465,1,-1,-1,-1
1881,4,71.99805450439453,254.40113830566406,18.594623565673828,6.558448314666748,1,-1,-1,-1
1881,8,229.12158203125,233.91958618164062,8.202858924865723,4.396167278289795,1,-1,-1,-1
1901,8,264.9422607421875,238.33628845214844,8.34022331237793,4.563976287841797,1,-1,-1,-1
1901,4,80.4917221069336,260.51947021484375,17.51955795288086,6.5648417472839355,1,-1,-1,-1
1901,1,102.22294616699219,129.29019165039062,13.581706047058105,6.4003143310546875,1,-1,-1,-1
1921,8,300.4375915527344,234.71360778808594,8.2423677444458,3.792053461074829,1,-1,-1,-1
1921,4,98.24267578125,267.33917236328125,17.133771896362305,5.820672988891602,1,-1,-1,-1
1921,1,104.10279846191406,126.71927642822266,13.53484058380127,5.88245964050293,1,-1,-1,-1
1941,8,328.6178894042969,226.7242431640625,7.44338321685791,3.4594850540161133,1,-1,-1,-1
1941,4,119.5034408569336,274.5438232421875,16.33458137512207,5.648897171020508,1,-1,-1,-1
1941,1,106.52748107910156,125.74353790283203,13.482301712036133,5.5749430656433105,1,-1,-1,-1
1961,4,140.9656982421875,282.93695068359375,16.273418426513672,5.179653644561768,1,-1,-1,-1
1961,8,349.40618896484375,213.65960693359375,7.43107271194458,4.027247428894043,1,-1,-1,-1
1961,1,106.7000732421875,126.05899810791016,13.264847755432129,5.519521236419678,1,-1,-1,-1
1981,4,163.36769104003906,290.5670166015625,14.875945091247559,5.183995246887207,1,-1,-1,-1
1981,1,106.94259643554688,125.76622772216797,13.169365882873535,5.352437973022461,1,-1,-1,-1
1981,8,365.0100402832031,196.787353515625,7.51284646987915,4.131933212280273,1,-1,-1,-1
2001,8,377.938720703125,183.7603759765625,6.726750373840332,3.451601266860962,1,-1,-1,-1
2001,4,184.5830535888672,296.8221435546875,14.85062026977539,4.665787220001221,1,-1,-1,-1
2001,1,106.374267578125,124.16861724853516,13.368253707885742,5.6747283935546875,1,-1,-1,-1
2021,8,386.9582824707031,184.94898986816406,7.127209663391113,3.85290265083313,1,-1,-1,-1
2021,4,205.1266632080078,299.5738525390625,13.383584022521973,4.7536301612854,1,-1,-1,-1
2021,1,106.83010864257812,121.77215576171875,13.277178764343262,4.99432373046875,1,-1,-1,-1
2041,4,220.7313690185547,296.2559509277344,12.88193130493164,4.450265407562256,1,-1,-1,-1
2041,8,393.630615234375,190.92613220214844,7.257761001586914,3.5979862213134766,1,-1,-1,-1
2041,1,102.82756042480469,109.32231140136719,13.824858665466309,5.888668060302734,1,-1,-1,-1
2061,4,234.10916137695312,290.6258850097656,13.233656883239746,4.8656325340271,1,-1,-1,-1
2061,1,98.49613189697266,98.03346252441406,14.47884464263916,6.946685314178467,1,-1,-1,-1
2061,8,399.1812438964844,208.9691619873047,6.939091682434082,3.751059055328369,1,-1,-1,-1
2081,4,245.5390625,282.7701721191406,12.120484352111816,4.537057399749756,1,-1,-1,-1
2081,1,98.82075500488281,96.34764862060547,14.026294708251953,6.0065460205078125,1,-1,-1,-1
2081,8,403.1768798828125,218.12620544433594,7.128117084503174,3.891622304916382,1,-1,-1,-1
2101,4,255.9144287109375,273.6850280761719,12.03088665008545,4.272118091583252,1,-1,-1,-1
2101,1,98.9815902709961,95.95510864257812,14.345800399780273,6.40526819229126,1,-1,-1,-1
2101,8,407.28814697265625,228.65188598632812,6.6805572509765625,3.438321828842163,1,-1,-1,-1
2121,4,265.11181640625,262.90155029296875,11.901662826538086,4.317423343658447,1,-1,-1,-1
2121,1,104.32933807373047,105.23448944091797,13.903517723083496,8.441217422485352,1,-1,-1,-1
2121,8,409.27301025390625,218.08363342285156,7.092685222625732,3.758683919906616,1,-1,-1,-1
2141,4,273.62603759765625,247.25172424316406,11.604995727539062,4.636481285095215,1,-1,-1,-1
2141,8,412.3509521484375,202.87672424316406,7.318464279174805,4.093718528747559,1,-1,-1,-1
2141,1,115.09747314453125,126.30976867675781,12.647167205810547,5.005977630615234,1,-1,-1,-1
2161,4,279.8990478515625,230.7870330810547,11.981650352478027,5.562178611755371,1,-1,-1,-1
2161,8,413.87066650390625,192.97750854492188,7.4587178230285645,3.8737945556640625,1,-1,-1,-1
2161,1,114.01702117919922,125.11713409423828,13.039220809936523,4.796510219573975,1,-1,-1,-1
2166,4,281.0392761230469,227.34344482421875,12.181414604187012,4.610326290130615,1,-1,-1,-1
2166,8,414.5227355957031,192.72706604003906,7.630706310272217,3.6060123443603516,1,-1,-1,-1
2166,1,112.22914123535156,121.77367401123047,12.857260704040527,4.828222751617432,1,-1,-1,-1
