1,0,175.77264404296875,267.4494934082031,12.150898933410645,4.088311672210693,1,-1,-1,-1
21,1,367.25927734375,249.17318725585938,26.304548263549805,6.630974769592285,1,-1,-1,-1
21,0,176.1170196533203,264.9391174316406,13.600722312927246,4.33995246887207,1,-1,-1,-1
41,0,186.19247436523438,264.7144470214844,14.732353210449219,4.418519496917725,1,-1,-1,-1
41,1,366.6611022949219,228.5544891357422,28.52064323425293,7.38292932510376,1,-1,-1,-1
61,6,198.38311767578125,261.8623046875,12.88308334350586,4.374114036560059,1,-1,-1,-1
61,0,301.0174865722656,296.9271545410156,12.001805305480957,3.7221505641937256,1,-1,-1,-1
61,1,370.46405029296875,226.35067749023438,28.70818328857422,7.257039546966553,1,-1,-1,-1
81,0,198.47055053710938,258.0164794921875,14.067609786987305,4.684266567230225,1,-1,-1,-1
81,1,385.6898498535156,227.36143493652344,29.25868797302246,7.459940433502197,1,-1,-1,-1
101,0,198.08851623535156,258.82305908203125,14.148269653320312,4.846742153167725,1,-1,-1,-1
101,1,393.0794982910156,245.3378143310547,25.389039993286133,6.6427001953125,1,-1,-1,-1
121,1,393.77679443359375,253.80960083007812,23.023530960083008,6.688060760498047,1,-1,-1,-1
141,0,197.96189880371094,264.64715576171875,14.046601295471191,3.972093105316162,1,-1,-1,-1
141,1,404.94891357421875,253.3918914794922,20.092618942260742,6.2618794441223145,1,-1,-1,-1
161,0,197.78990173339844,264.0639343261719,14.132203102111816,3.9968929290771484,1,-1,-1,-1
181,1,419.4752502441406,274.23382568359375,27.140792846679688,5.961235046386719,1,-1,-1,-1
181,0,198.13394165039062,261.41729736328125,13.591388702392578,4.794138431549072,1,-1,-1,-1
201,1,412.87701416015625,273.9656982421875,27.178857803344727,6.490175247192383,1,-1,-1,-1
201,0,210.54481506347656,260.8270263671875,13.21428108215332,4.8487548828125,1,-1,-1,-1
221,1,387.1518249511719,273.4735107421875,29.403152465820312,6.100370407104492,1,-1,-1,-1
221,0,221.2758026123047,257.0238037109375,12.99742317199707,4.522576808929443,1,-1,-1,-1
241,0,223.10594177246094,252.59072875976562,13.794933319091797,4.302408695220947,1,-1,-1,-1
261,0,233.2421875,253.79367065429688,13.973325729370117,3.9877212047576904,1,-1,-1,-1
281,1,346.2070007324219,288.2918395996094,29.19748306274414,5.734282970428467,1,-1,-1,-1
281,0,254.67556762695312,254.05577087402344,13.987441062927246,4.0941386222839355,1,-1,-1,-1
301,1,346.4706726074219,287.89410400390625,15.934669494628906,3.9881699085235596,1,-1,-1,-1
301,0,272.0342712402344,253.99267578125,13.401758193969727,4.115527629852295,1,-1,-1,-1
321,0,283.5177307128906,255.9423370361328,15.274307250976562,4.080952167510986,1,-1,-1,-1
321,1,312.5814514160156,288.2359313964844,21.913501739501953,4.805749893188477,1,-1,-1,-1
341,0,291.25323486328125,257.5282287597656,14.046921730041504,4.258786201477051,1,-1,-1,-1
361,0,296.8270568847656,258.6953125,13.822982788085938,4.526254177093506,1,-1,-1,-1
361,1,250.24789428710938,302.2391052246094,26.002765655517578,6.990214824676514,1,-1,-1,-1
381,0,310.0094909667969,260.02801513671875,13.110387802124023,3.961137056350708,1,-1,-1,-1
381,1,250.08384704589844,310.48907470703125,26.5172176361084,6.566736698150635,1,-1,-1,-1
401,0,333.798828125,260.7320861816406,12.597437858581543,4.149930953979492,1,-1,-1,-1
421,0,361.3949890136719,260.48309326171875,12.809677124023438,4.110348701477051,1,-1,-1,-1
421,1,259.03387451171875,268.6846008300781,18.4075870513916,5.04929256439209,1,-1,-1,-1
441,1,250.46556091308594,247.52288818359375,25.982873916625977,7.469729423522949,1,-1,-1,-1
441,0,386.0854797363281,259.5693054199219,13.47261905670166,4.430342197418213,1,-1,-1,-1
461,0,400.51666259765625,259.2293395996094,12.144205093383789,4.4311676025390625,1,-1,-1,-1
461,1,249.72225952148438,229.9791717529297,25.624988555908203,7.026121616363525,1,-1,-1,-1
481,0,408.375,262.93536376953125,10.848902702331543,3.489098072052002,1,-1,-1,-1
481,1,247.21871948242188,209.2545166015625,30.370010375976562,8.040589332580566,1,-1,-1,-1
501,0,408.94073486328125,268.63861083984375,11.706775665283203,3.7749390602111816,1,-1,-1,-1
501,1,248.6976776123047,186.6564178466797,28.529773712158203,8.413464546203613,1,-1,-1,-1
521,0,406.79925537109375,273.7469177246094,12.655073165893555,4.017350673675537,1,-1,-1,-1
521,1,248.95399475097656,158.4003448486328,28.680747985839844,8.462267875671387,1,-1,-1,-1
541,0,415.1293640136719,276.36029052734375,10.98634147644043,4.060269355773926,1,-1,-1,-1
541,1,248.86526489257812,133.88107299804688,28.147668838500977,8.522712707519531,1,-1,-1,-1
561,0,433.3887939453125,276.5311279296875,11.21011734008789,3.9888134002685547,1,-1,-1,-1
561,1,238.56906127929688,131.7462921142578,29.74005126953125,9.17848014831543,1,-1,-1,-1
581,18,326.330810546875,298.3470153808594,15.547810554504395,4.279829978942871,1,-1,-1,-1
581,0,441.90679931640625,274.885009765625,12.171728134155273,4.379802227020264,1,-1,-1,-1
581,1,216.00564575195312,128.92916870117188,28.986547470092773,10.32137680053711,1,-1,-1,-1
601,0,451.57086181640625,273.9349670410156,11.747123718261719,3.767049551010132,1,-1,-1,-1
601,18,301.2688293457031,295.75115966796875,14.612231254577637,4.423110485076904,1,-1,-1,-1
601,1,207.39468383789062,118.49838256835938,28.031574249267578,9.761449813842773,1,-1,-1,-1
621,0,461.9029235839844,274.7645263671875,10.735357284545898,3.9141852855682373,1,-1,-1,-1
621,1,207.7401123046875,93.76252746582031,28.247365951538086,9.662835121154785,1,-1,-1,-1
621,18,261.5895690917969,293.3829345703125,15.903871536254883,4.213043212890625,1,-1,-1,-1
641,1,204.15078735351562,69.53170776367188,28.044368743896484,10.138444900512695,1,-1,-1,-1
641,0,476.4063720703125,275.7778015136719,10.776151657104492,3.3949453830718994,1,-1,-1,-1
641,18,224.73675537109375,287.92864990234375,20.032848358154297,6.167757034301758,1,-1,-1,-1
661,0,479.97198486328125,276.3752136230469,11.745076179504395,4.018743991851807,1,-1,-1,-1
661,1,188.99038696289062,60.69919204711914,28.019603729248047,9.783731460571289,1,-1,-1,-1
661,18,187.1493377685547,285.60186767578125,13.159822463989258,4.189635276794434,1,-1,-1,-1
681,0,454.5196228027344,276.88543701171875,11.679405212402344,3.7134320735931396,1,-1,-1,-1
681,1,163.03529357910156,58.19773864746094,28.491111755371094,10.14062786102295,1,-1,-1,-1
681,18,125.86653900146484,281.60418701171875,22.207317352294922,4.9463276863098145,1,-1,-1,-1
701,0,448.82696533203125,275.6847229003906,10.867175102233887,4.022275924682617,1,-1,-1,-1
701,18,303.15765380859375,296.83453369140625,10.139137268066406,3.421976089477539,1,-1,-1,-1
701,1,135.84347534179688,54.5946044921875,26.60834312438965,12.613259315490723,1,-1,-1,-1
721,0,469.0722961425781,273.47503662109375,10.283863067626953,3.640927314758301,1,-1,-1,-1
721,1,146.34115600585938,53.883846282958984,27.030975341796875,15.662657737731934,1,-1,-1,-1
741,0,502.20550537109375,271.4813232421875,11.2266206741333,3.3821206092834473,1,-1,-1,-1
741,1,215.94699096679688,63.59777069091797,28.019010543823242,11.910720825195312,1,-1,-1,-1
761,0,529.6522827148438,270.0090637207031,9.841614723205566,3.846524238586426,1,-1,-1,-1
761,1,245.09483337402344,70.06407928466797,27.376251220703125,9.731502532958984,1,-1,-1,-1
781,1,245.5496063232422,91.55990600585938,27.833425521850586,9.635991096496582,1,-1,-1,-1
781,0,537.1087646484375,267.78448486328125,8.91322135925293,3.0572896003723145,1,-1,-1,-1
801,1,248.392333984375,91.58425903320312,27.046459197998047,11.469027519226074,1,-1,-1,-1
801,0,535.8756713867188,266.264404296875,9.208290100097656,3.5769708156585693,1,-1,-1,-1
821,1,271.4923400878906,94.55320739746094,27.717937469482422,9.354988098144531,1,-1,-1,-1
821,0,521.7515869140625,265.4490661621094,10.74264907836914,4.006531715393066,1,-1,-1,-1
841,0,506.1446533203125,264.4660339355469,11.672082901000977,3.6420345306396484,1,-1,-1,-1
841,1,284.2514343261719,84.45928192138672,27.621309280395508,8.94186019897461,1,-1,-1,-1
861,1,288.40374755859375,77.6642074584961,27.615253448486328,11.464462280273438,1,-1,-1,-1
861,0,485.1126403808594,263.4941711425781,11.074390411376953,3.6400413513183594,1,-1,-1,-1
881,0,466.584228515625,262.2787780761719,11.246248245239258,3.5993525981903076,1,-1,-1,-1
881,1,315.08929443359375,82.31041717529297,27.51531982421875,9.713787078857422,1,-1,-1,-1
901,0,448.3197326660156,260.4465026855469,13.558599472045898,4.467930316925049,1,-1,-1,-1
901,1,354.11602783203125,86.9307861328125,26.575639724731445,9.305584907531738,1,-1,-1,-1
921,1,387.12738037109375,91.48263549804688,27.349197387695312,8.409183502197266,1,-1,-1,-1
921,0,432.3887939453125,259.8990783691406,10.940385818481445,3.9024436473846436,1,-1,-1,-1
941,1,415.991455078125,94.7841567993164,23.831008911132812,8.624357223510742,1,-1,-1,-1
941,0,419.44232177734375,259.8002624511719,11.519875526428223,3.8593647480010986,1,-1,-1,-1
961,1,432.9560546875,110.8145980834961,25.32879638671875,8.904013633728027,1,-1,-1,-1
961,0,301.3476257324219,297.04254150390625,12.875753402709961,3.741706371307373,1,-1,-1,-1
981,0,400.1542663574219,261.3187561035156,11.888717651367188,4.054436206817627,1,-1,-1,-1
981,1,435.0673828125,133.84796142578125,26.502294540405273,7.872608661651611,1,-1,-1,-1
1001,0,388.2960205078125,261.4681396484375,12.635089874267578,4.153243064880371,1,-1,-1,-1
1001,1,437.123291015625,135.54660034179688,26.83180809020996,8.853768348693848,1,-1,-1,-1
1021,0,378.6551513671875,262.961669921875,12.125434875488281,3.6128652095794678,1,-1,-1,-1
1021,1,453.21246337890625,137.5644073486328,26.990543365478516,8.352649688720703,1,-1,-1,-1
1041,0,367.1123962402344,264.29949951171875,10.56395435333252,3.7480506896972656,1,-1,-1,-1
1041,1,471.35113525390625,144.81564331054688,25.380285263061523,7.730004787445068,1,-1,-1,-1
1061,1,476.38629150390625,156.33680725097656,24.766340255737305,7.4955925941467285,1,-1,-1,-1
1081,0,341.2667541503906,269.9963684082031,13.89886474609375,4.095893859863281,1,-1,-1,-1
1081,1,475.1484375,166.76864624023438,25.99822998046875,7.5333943367004395,1,-1,-1,-1
1101,1,474.4925537109375,178.1810760498047,25.94953727722168,7.6066718101501465,1,-1,-1,-1
1101,0,333.427978515625,274.4036865234375,10.640684127807617,3.416769027709961,1,-1,-1,-1
1121,1,467.877197265625,189.03536987304688,27.6923828125,7.622227191925049,1,-1,-1,-1
1121,0,320.4308776855469,275.228271484375,13.216275215148926,3.7812442779541016,1,-1,-1,-1
1141,1,469.30633544921875,199.3048553466797,25.926237106323242,7.115270614624023,1,-1,-1,-1
1141,0,314.04986572265625,279.5253601074219,11.446659088134766,4.355340480804443,1,-1,-1,-1
1161,1,477.16717529296875,200.6890106201172,25.17318344116211,6.879199981689453,1,-1,-1,-1
1161,0,305.05010986328125,280.4020080566406,11.272953987121582,3.9492669105529785,1,-1,-1,-1
1181,1,489.5810241699219,203.57957458496094,23.341093063354492,6.887017250061035,1,-1,-1,-1
1181,0,289.76385498046875,282.0713806152344,12.39070987701416,4.249041557312012,1,-1,-1,-1
1201,1,495.6761169433594,221.10447692871094,24.01251220703125,7.014585494995117,1,-1,-1,-1
1201,0,275.89678955078125,287.8958740234375,11.96638298034668,4.139580249786377,1,-1,-1,-1
1221,0,260.87884521484375,287.5746154785156,13.522909164428711,4.409490585327148,1,-1,-1,-1
1241,1,496.2259216308594,268.60601806640625,24.668212890625,6.247346878051758,1,-1,-1,-1
1241,0,249.19830322265625,289.3792419433594,10.702234268188477,4.406475067138672,1,-1,-1,-1
1241,25,567.8660278320312,207.757080078125,12.232209205627441,4.915596961975098,1,-1,-1,-1
1261,27,475.35528564453125,269.1399230957031,25.51654624938965,6.565991401672363,1,-1,-1,-1
1261,1,475.3080749511719,269.13494873046875,25.589096069335938,6.671132564544678,1,-1,-1,-1
1281,0,222.16122436523438,286.3977355957031,11.465130805969238,4.358994483947754,1,-1,-1,-1
1281,1,441.79010009765625,271.673583984375,22.763654708862305,5.4680280685424805,1,-1,-1,-1
1301,1,421.166015625,285.5855407714844,27.739669799804688,5.58335542678833,1,-1,-1,-1
1301,0,211.48785400390625,284.7506408691406,11.421929359436035,4.4907073974609375,1,-1,-1,-1
1321,1,412.52545166015625,287.48138427734375,27.010496139526367,5.9957427978515625,1,-1,-1,-1
1321,0,202.6588134765625,284.6432800292969,13.518888473510742,4.95334005355835,1,-1,-1,-1
1341,1,379.4595031738281,288.5732421875,29.943723678588867,5.670400619506836,1,-1,-1,-1
1341,0,194.76173400878906,285.1866149902344,13.217574119567871,5.247735023498535,1,-1,-1,-1
1361,0,355.2061462402344,289.2269287109375,12.277582168579102,3.1880228519439697,1,-1,-1,-1
1381,0,303.36920166015625,293.755859375,26.292409896850586,6.09645414352417,1,-1,-1,-1
1401,0,298.55645751953125,312.83172607421875,25.737369537353516,5.977909088134766,1,-1,-1,-1
1401,1,168.7934112548828,288.1333312988281,9.991466522216797,3.546691417694092,1,-1,-1,-1
1421,1,151.17129516601562,289.12579345703125,11.047847747802734,4.2324371337890625,1,-1,-1,-1
1421,0,300.1371765136719,320.5484313964844,25.847248077392578,6.840145111083984,1,-1,-1,-1
1441,0,284.2911071777344,320.4017333984375,26.296159744262695,7.042682647705078,1,-1,-1,-1
1441,1,133.55670166015625,288.3833312988281,12.47406005859375,4.223334312438965,1,-1,-1,-1
1461,0,254.908935546875,320.5077819824219,27.642114639282227,6.860404014587402,1,-1,-1,-1
1461,1,113.3514404296875,288.0790100097656,12.409391403198242,4.553561687469482,1,-1,-1,-1
1481,0,221.56541442871094,320.6497802734375,26.717836380004883,6.830376148223877,1,-1,-1,-1
1481,1,94.41874694824219,289.2489318847656,11.664586067199707,3.806121587753296,1,-1,-1,-1
1501,1,81.72000122070312,289.8345947265625,13.684325218200684,5.052502632141113,1,-1,-1,-1
1501,0,190.81260681152344,320.2503967285156,26.99140739440918,6.443509101867676,1,-1,-1,-1
1521,0,161.34249877929688,320.5193176269531,27.960838317871094,6.977598667144775,1,-1,-1,-1
1541,1,87.21890258789062,284.34197998046875,11.509023666381836,3.5858547687530518,1,-1,-1,-1
1541,0,122.439208984375,319.7855224609375,26.513586044311523,6.699789047241211,1,-1,-1,-1
1561,0,107.19349670410156,302.40557861328125,25.78800392150879,7.455513954162598,1,-1,-1,-1
1561,1,567.72509765625,207.67266845703125,12.196183204650879,5.364455699920654,1,-1,-1,-1
1581,0,107.54827880859375,283.9632263183594,23.445510864257812,5.907890319824219,1,-1,-1,-1
1581,1,567.6770629882812,207.6913604736328,12.256843566894531,5.362261772155762,1,-1,-1,-1
1601,0,108.10356903076172,260.20379638671875,22.38846206665039,7.170046329498291,1,-1,-1,-1
1601,1,568.099365234375,207.77781677246094,11.654585838317871,5.553365707397461,1,-1,-1,-1
1621,0,109.91093444824219,235.60330200195312,21.616287231445312,7.512734889984131,1,-1,-1,-1
1621,1,567.8134155273438,207.61793518066406,12.542673110961914,5.61664342880249,1,-1,-1,-1
1641,0,109.98932647705078,207.51963806152344,28.000415802001953,8.045674324035645,1,-1,-1,-1
1641,1,168.92701721191406,283.3437805175781,14.456940650939941,4.34061336517334,1,-1,-1,-1
1661,0,110.56454467773438,178.30535888671875,27.160175323486328,9.702424049377441,1,-1,-1,-1
1701,0,113.92699432373047,120.76152038574219,27.693267822265625,10.377358436584473,1,-1,-1,-1
1721,36,186.21566772460938,290.88885498046875,13.240142822265625,4.344672203063965,1,-1,-1,-1
1721,0,113.3365478515625,91.19132232666016,27.78731346130371,11.362117767333984,1,-1,-1,-1
1741,36,191.78518676757812,295.13702392578125,12.276315689086914,4.878068923950195,1,-1,-1,-1
1741,0,114.53678131103516,64.49525451660156,28.346668243408203,11.589072227478027,1,-1,-1,-1
1761,0,123.6578369140625,43.51443862915039,27.640352249145508,12.877911567687988,1,-1,-1,-1
1761,36,207.88429260253906,297.558349609375,11.56922721862793,3.942737579345703,1,-1,-1,-1
1781,36,225.07763671875,297.5851745605469,12.197218894958496,3.981281042098999,1,-1,-1,-1
1781,0,152.084228515625,35.934654235839844,27.26337432861328,11.260807037353516,1,-1,-1,-1
1801,0,172.59115600585938,11.88498592376709,24.928014755249023,10.867738723754883,1,-1,-1,-1
1801,36,239.80758666992188,293.67962646484375,13.314130783081055,3.9930522441864014,1,-1,-1,-1
1821,36,259.4850158691406,282.6380310058594,11.231807708740234,3.7807610034942627,1,-1,-1,-1
1841,36,275.34844970703125,278.0242614746094,12.917877197265625,4.159185886383057,1,-1,-1,-1
1861,36,293.7507019042969,277.383544921875,12.070188522338867,3.622422933578491,1,-1,-1,-1
1881,36,313.1643981933594,277.0467224121094,11.823198318481445,4.186117649078369,1,-1,-1,-1
1901,36,332.87164306640625,280.01849365234375,12.298290252685547,3.7230777740478516,1,-1,-1,-1
1921,37,320.64453125,0.15915226936340332,27.385467529296875,4.531417369842529,1,-1,-1,-1
1921,36,352.3231201171875,279.7601623535156,12.65281867980957,3.7802529335021973,1,-1,-1,-1
1941,36,373.6040954589844,279.4908142089844,12.111316680908203,3.662085771560669,1,-1,-1,-1
1941,37,329.19818115234375,12.882362365722656,25.34104347229004,10.493556022644043,1,-1,-1,-1
1961,36,390.1708679199219,278.4614562988281,15.559246063232422,3.786292552947998,1,-1,-1,-1
1961,37,326.7734375,26.35291862487793,23.576885223388672,10.1745023727417,1,-1,-1,-1
1981,36,415.6191711425781,277.8254089355469,10.30866813659668,4.481520175933838,1,-1,-1,-1
1981,37,329.31976318359375,25.84111213684082,23.35310173034668,10.195597648620605,1,-1,-1,-1
2001,36,429.9832458496094,276.9320068359375,11.445908546447754,3.929793119430542,1,-1,-1,-1
2001,37,338.644775390625,26.727500915527344,24.712730407714844,10.580954551696777,1,-1,-1,-1
2021,36,436.4920654296875,276.2459716796875,11.151559829711914,3.747431755065918,1,-1,-1,-1
2021,37,349.43353271484375,28.587636947631836,25.21153450012207,10.491801261901855,1,-1,-1,-1
2041,37,357.018798828125,30.507850646972656,24.884220123291016,9.895339012145996,1,-1,-1,-1
2041,36,442.3953552246094,274.3475646972656,12.320446014404297,4.457048416137695,1,-1,-1,-1
2061,37,361.005615234375,31.64879608154297,26.67438507080078,9.510368347167969,1,-1,-1,-1
2061,36,455.2108154296875,272.5485534667969,11.97537899017334,4.106571197509766,1,-1,-1,-1
2081,37,367.4730224609375,32.32777786254883,24.361392974853516,9.832632064819336,1,-1,-1,-1
2081,36,467.89605712890625,267.7732849121094,13.280879974365234,3.941457986831665,1,-1,-1,-1
2101,37,374.96148681640625,33.621517181396484,25.55693817138672,10.399073600769043,1,-1,-1,-1
2101,36,489.5150146484375,261.5801086425781,13.582620620727539,4.634477138519287,1,-1,-1,-1
2118,37,384.4070129394531,35.61640930175781,25.97684669494629,10.800342559814453,1,-1,-1,-1
2118,36,496.8451232910156,256.9270935058594,13.290990829467773,4.02776575088501,1,-1,-1,-1
