1,0,308.46484375,155.49307250976562,9.007583618164062,4.7514119148254395,1,-1,-1,-1
1,1,323.622802734375,204.41748046875,9.874722480773926,5.41575813293457,1,-1,-1,-1
21,0,308.1377258300781,155.500244140625,8.989256858825684,4.920534133911133,1,-1,-1,-1
21,1,318.4348449707031,205.51356506347656,10.669742584228516,4.670112609863281,1,-1,-1,-1
41,0,307.8830261230469,154.78619384765625,9.418720245361328,4.871491432189941,1,-1,-1,-1
41,1,308.54449462890625,205.67733764648438,10.1563720703125,5.289102554321289,1,-1,-1,-1
61,0,308.23321533203125,154.42550659179688,8.614973068237305,5.146769046783447,1,-1,-1,-1
61,1,302.8004455566406,206.25680541992188,10.444979667663574,5.570580005645752,1,-1,-1,-1
81,0,307.96575927734375,154.28140258789062,9.364477157592773,5.034440517425537,1,-1,-1,-1
81,1,305.9056396484375,208.18783569335938,10.763776779174805,5.928232669830322,1,-1,-1,-1
101,0,308.0713806152344,154.54322814941406,9.570404052734375,5.094746112823486,1,-1,-1,-1
101,1,321.42156982421875,210.9066925048828,10.899665832519531,5.721465587615967,1,-1,-1,-1
121,0,307.78363037109375,154.8056640625,8.610525131225586,5.011336326599121,1,-1,-1,-1
121,1,348.7652282714844,214.81268310546875,10.4044189453125,5.491232872009277,1,-1,-1,-1
141,0,307.0845031738281,155.4067840576172,9.228766441345215,4.7632012367248535,1,-1,-1,-1
141,1,383.26275634765625,218.8948211669922,10.453670501708984,5.249974250793457,1,-1,-1,-1
161,0,307.45220947265625,155.6129913330078,9.09821605682373,4.884791374206543,1,-1,-1,-1
161,1,420.2451171875,222.21563720703125,10.731206893920898,4.954825401306152,1,-1,-1,-1
181,0,307.9971008300781,155.68252563476562,8.768850326538086,4.809419631958008,1,-1,-1,-1
181,1,433.44586181640625,204.33648681640625,9.430702209472656,4.501960754394531,1,-1,-1,-1
201,0,308.5272216796875,155.72686767578125,8.908323287963867,4.848296642303467,1,-1,-1,-1
201,1,431.41558837890625,178.9740447998047,9.679759979248047,4.981454849243164,1,-1,-1,-1
221,1,432.55072021484375,159.7855987548828,10.427704811096191,5.7197794914245605,1,-1,-1,-1
221,0,307.3087158203125,155.6035614013672,9.104004859924316,4.381896495819092,1,-1,-1,-1
241,1,448.28009033203125,159.70089721679688,10.19752311706543,5.495589256286621,1,-1,-1,-1
241,0,302.279296875,154.63690185546875,8.656530380249023,4.434122085571289,1,-1,-1,-1
261,1,477.326416015625,163.63772583007812,10.008331298828125,5.986152172088623,1,-1,-1,-1
261,0,297.323486328125,149.3707275390625,8.8739652633667,4.557600498199463,1,-1,-1,-1
281,0,293.001708984375,141.3925323486328,8.814157485961914,4.911025524139404,1,-1,-1,-1
281,1,521.1402587890625,166.11233520507812,9.967763900756836,5.772702217102051,1,-1,-1,-1
301,0,288.9554443359375,137.3149871826172,8.622875213623047,4.678933620452881,1,-1,-1,-1
301,1,574.4507446289062,150.16455078125,9.141121864318848,4.677631855010986,1,-1,-1,-1
321,0,278.18414306640625,136.99696350097656,9.050402641296387,6.0906147956848145,1,-1,-1,-1
321,1,594.72705078125,143.624755859375,8.48671817779541,3.974255323410034,1,-1,-1,-1
341,0,272.12994384765625,144.0409393310547,8.89533519744873,5.4360246658325195,1,-1,-1,-1
341,1,577.2799072265625,140.8120880126953,9.120952606201172,4.368034362792969,1,-1,-1,-1
361,0,270.5146179199219,153.7749786376953,8.910136222839355,4.655140399932861,1,-1,-1,-1
361,1,532.362060546875,132.02789306640625,10.465449333190918,6.200287818908691,1,-1,-1,-1
381,0,269.8023986816406,165.26907348632812,9.200197219848633,5.068423748016357,1,-1,-1,-1
381,1,499.8851318359375,113.62397766113281,10.516895294189453,6.509222984313965,1,-1,-1,-1
401,0,267.9012451171875,174.67828369140625,9.121142387390137,4.9392523765563965,1,-1,-1,-1
401,1,490.3781433105469,99.62003326416016,9.654685974121094,5.647581100463867,1,-1,-1,-1
421,0,262.6995544433594,172.661865234375,8.90045166015625,5.145029544830322,1,-1,-1,-1
421,1,474.7520446777344,96.3090591430664,9.528813362121582,4.795243740081787,1,-1,-1,-1
441,0,256.96124267578125,164.2814483642578,8.953737258911133,5.465588569641113,1,-1,-1,-1
441,1,430.72540283203125,88.87324523925781,10.244637489318848,4.778301239013672,1,-1,-1,-1
461,0,255.45932006835938,156.24514770507812,8.662603378295898,4.872817039489746,1,-1,-1,-1
461,1,363.3202819824219,78.34587860107422,10.328768730163574,4.538031101226807,1,-1,-1,-1
481,0,256.07623291015625,146.9766387939453,8.878548622131348,5.148406505584717,1,-1,-1,-1
481,1,274.8962097167969,66.49768829345703,11.756220817565918,5.084339618682861,1,-1,-1,-1
501,0,256.53704833984375,136.5322265625,9.11892032623291,5.188517093658447,1,-1,-1,-1
501,1,186.17332458496094,57.250213623046875,10.484522819519043,5.88239049911499,1,-1,-1,-1
521,0,257.47747802734375,123.32347869873047,9.364768028259277,5.515864372253418,1,-1,-1,-1
521,1,125.21099090576172,65.10299682617188,10.60676383972168,6.266952037811279,1,-1,-1,-1
541,0,258.798095703125,111.48480224609375,8.795924186706543,5.260103225708008,1,-1,-1,-1
541,1,86.46782684326172,87.72120666503906,11.119770050048828,6.81788969039917,1,-1,-1,-1
561,0,259.63104248046875,98.29104614257812,9.535131454467773,5.22231388092041,1,-1,-1,-1
561,1,73.85579681396484,105.90673065185547,10.820713996887207,7.519384860992432,1,-1,-1,-1
581,1,78.83732604980469,128.27053833007812,10.281195640563965,6.490211486816406,1,-1,-1,-1
581,0,261.4128723144531,79.49463653564453,9.585376739501953,5.188421249389648,1,-1,-1,-1
601,0,263.8829040527344,61.46978759765625,7.850913047790527,5.80723237991333,1,-1,-1,-1
601,1,109.02778625488281,134.10073852539062,10.914087295532227,7.099666118621826,1,-1,-1,-1
621,1,159.0463409423828,140.29498291015625,11.260461807250977,6.933725357055664,1,-1,-1,-1
621,0,263.5787353515625,53.41168212890625,8.449049949645996,5.522709369659424,1,-1,-1,-1
641,1,225.3349151611328,146.77455139160156,11.963846206665039,6.481691837310791,1,-1,-1,-1
641,0,260.0464172363281,52.77357482910156,9.158224105834961,5.219070911407471,1,-1,-1,-1
661,1,305.3953552246094,153.56712341308594,12.425405502319336,5.678775787353516,1,-1,-1,-1
661,0,256.5931701660156,51.929161071777344,8.764488220214844,5.17459774017334,1,-1,-1,-1
681,1,375.941162109375,156.5071258544922,11.077805519104004,5.067352294921875,1,-1,-1,-1
681,0,251.54090881347656,57.635009765625,8.639677047729492,5.130940914154053,1,-1,-1,-1
701,1,391.7358093261719,143.03057861328125,9.97713565826416,5.3896918296813965,1,-1,-1,-1
701,0,246.1814727783203,65.9497299194336,9.694007873535156,5.799459457397461,1,-1,-1,-1
721,1,394.1352844238281,137.34716796875,10.55009651184082,5.943547248840332,1,-1,-1,-1
721,0,242.17469787597656,75.69049835205078,8.887328147888184,5.617848873138428,1,-1,-1,-1
741,0,238.24929809570312,84.9669189453125,8.877758979797363,5.721689701080322,1,-1,-1,-1
741,1,406.0140380859375,136.39541625976562,10.455121994018555,6.027900218963623,1,-1,-1,-1
761,1,425.5398254394531,139.28231811523438,10.734235763549805,5.7717390060424805,1,-1,-1,-1
761,0,234.79373168945312,96.38917541503906,8.669076919555664,5.469986438751221,1,-1,-1,-1
781,1,448.7574462890625,151.2200164794922,9.96267032623291,5.846566677093506,1,-1,-1,-1
781,0,231.32936096191406,108.01687622070312,8.745209693908691,5.554410934448242,1,-1,-1,-1
801,1,461.2431335449219,179.2101593017578,9.02701187133789,4.2042155265808105,1,-1,-1,-1
801,3,157.68228149414062,257.19586181640625,5.3507537841796875,3.445561408996582,1,-1,-1,-1
801,0,227.58853149414062,120.50799560546875,9.192157745361328,5.880097389221191,1,-1,-1,-1
821,1,460.3455810546875,211.70254516601562,9.819713592529297,4.952291965484619,1,-1,-1,-1
821,0,222.9894256591797,134.52256774902344,9.021963119506836,6.02215051651001,1,-1,-1,-1
841,0,219.17608642578125,148.50448608398438,9.212294578552246,6.044459819793701,1,-1,-1,-1
841,1,460.8041076660156,224.30545043945312,10.545693397521973,5.4378790855407715,1,-1,-1,-1
861,0,215.92771911621094,164.2568359375,9.476927757263184,5.378676891326904,1,-1,-1,-1
861,1,470.43670654296875,225.4582061767578,11.091679573059082,5.67159366607666,1,-1,-1,-1
881,1,490.430419921875,227.3160400390625,10.83884334564209,6.015196800231934,1,-1,-1,-1
881,0,212.3396453857422,182.67347717285156,9.303115844726562,5.117691516876221,1,-1,-1,-1
901,1,517.368408203125,230.8643798828125,10.5591402053833,5.984738826751709,1,-1,-1,-1
901,0,209.39027404785156,183.25596618652344,9.131814002990723,4.835110664367676,1,-1,-1,-1
921,1,549.6502075195312,235.99078369140625,9.834205627441406,4.089249610900879,1,-1,-1,-1
921,0,200.14031982421875,175.6652374267578,9.031947135925293,5.0076799392700195,1,-1,-1,-1
941,0,190.03355407714844,162.23741149902344,9.00710391998291,5.364361763000488,1,-1,-1,-1
941,1,562.100341796875,229.68077087402344,9.600339889526367,4.597946643829346,1,-1,-1,-1
961,0,181.04522705078125,152.10960388183594,9.542438507080078,5.534110069274902,1,-1,-1,-1
961,1,559.4557495117188,208.74172973632812,8.757912635803223,4.77763557434082,1,-1,-1,-1
981,4,157.48162841796875,257.2503967285156,5.757406234741211,3.628195285797119,1,-1,-1,-1
981,0,171.76316833496094,143.2480926513672,9.071179389953613,5.759088039398193,1,-1,-1,-1
981,1,558.3697509765625,182.11329650878906,7.951933860778809,5.4987263679504395,1,-1,-1,-1
1001,1,560.2191772460938,154.59393310546875,7.088719367980957,5.784419536590576,1,-1,-1,-1
1001,0,163.4947052001953,134.7785186767578,9.80986213684082,5.5275797843933105,1,-1,-1,-1
1021,1,563.2221069335938,139.56861877441406,7.906642436981201,4.2854814529418945,1,-1,-1,-1
1021,0,155.6879119873047,126.75308227539062,9.387301445007324,5.882820129394531,1,-1,-1,-1
1041,1,574.89208984375,123.40896606445312,8.425138473510742,4.5527544021606445,1,-1,-1,-1
1041,0,147.33233642578125,118.87139129638672,9.912017822265625,6.0699357986450195,1,-1,-1,-1
1061,0,140.45071411132812,111.66304779052734,9.64591121673584,5.566367149353027,1,-1,-1,-1
1081,1,606.150390625,64.3155746459961,9.666863441467285,8.72113037109375,1,-1,-1,-1
1081,0,132.7218017578125,104.08244323730469,9.811247825622559,5.748616695404053,1,-1,-1,-1
1101,1,603.8280029296875,53.957359313964844,10.669458389282227,7.783881187438965,1,-1,-1,-1
1101,0,126.12812805175781,97.20802307128906,9.665388107299805,5.760532855987549,1,-1,-1,-1
1121,1,598.89697265625,51.248897552490234,9.136472702026367,7.280287265777588,1,-1,-1,-1
1121,0,119.3408203125,90.32312774658203,9.871537208557129,5.771126747131348,1,-1,-1,-1
1141,1,595.4489135742188,50.25699996948242,10.903083801269531,7.509614944458008,1,-1,-1,-1
1141,0,109.47761535644531,87.53213500976562,10.232075691223145,5.787373065948486,1,-1,-1,-1
1161,1,593.6848754882812,50.555904388427734,11.992795944213867,6.796485900878906,1,-1,-1,-1
1161,0,93.98336791992188,91.48474884033203,9.592933654785156,6.815732002258301,1,-1,-1,-1
1181,1,590.9343872070312,54.196475982666016,12.180209159851074,6.518879413604736,1,-1,-1,-1
1181,0,77.94588470458984,104.38977813720703,10.339153289794922,6.203077793121338,1,-1,-1,-1
1201,1,587.4389038085938,57.778717041015625,8.9871826171875,6.754404544830322,1,-1,-1,-1
1201,0,65.78510284423828,105.64347076416016,10.276299476623535,6.584307670593262,1,-1,-1,-1
1221,1,582.9234619140625,57.829471588134766,11.577713012695312,6.841078758239746,1,-1,-1,-1
1221,0,52.06899642944336,94.82879638671875,9.8743314743042,6.2767438888549805,1,-1,-1,-1
1241,0,40.95204162597656,70.57382202148438,10.039101600646973,7.246952056884766,1,-1,-1,-1
1241,1,587.164306640625,56.926788330078125,11.828655242919922,5.969559192657471,1,-1,-1,-1
1261,0,27.85045623779297,66.22822570800781,9.60925006866455,7.688670635223389,1,-1,-1,-1
1261,1,592.8785400390625,54.38972091674805,12.15925407409668,5.288897514343262,1,-1,-1,-1
1281,0,22.249740600585938,65.72449493408203,9.11431884765625,7.2121806144714355,1,-1,-1,-1
1281,1,596.2350463867188,42.92888259887695,12.767770767211914,5.881330966949463,1,-1,-1,-1
1301,0,27.597322463989258,67.28992462158203,9.855584144592285,7.535139560699463,1,-1,-1,-1
1301,1,599.1116943359375,29.439029693603516,12.11917781829834,7.232420444488525,1,-1,-1,-1
1321,0,41.055885314941406,70.44695281982422,10.563241004943848,6.552165508270264,1,-1,-1,-1
1321,1,600.3113403320312,25.383270263671875,11.305545806884766,7.338903427124023,1,-1,-1,-1
1341,1,601.504150390625,24.173612594604492,11.606245040893555,8.058243751525879,1,-1,-1,-1
1341,0,48.0372314453125,92.35542297363281,9.95199966430664,6.380589008331299,1,-1,-1,-1
1361,1,599.4197387695312,24.435861587524414,10.478214263916016,8.429028511047363,1,-1,-1,-1
1361,0,44.442501068115234,107.10479736328125,9.411395072937012,7.764240741729736,1,-1,-1,-1
1361,9,472.1649475097656,359.4709777832031,8.675987243652344,3.8398349285125732,1,-1,-1,-1
1381,1,595.4133911132812,26.53593635559082,12.604730606079102,7.3966474533081055,1,-1,-1,-1
1381,0,53.9056396484375,108.03689575195312,10.011518478393555,7.407416343688965,1,-1,-1,-1
1381,9,1.6839003562927246,206.19332885742188,20.464317321777344,7.907294750213623,1,-1,-1,-1
1401,1,593.8579711914062,27.73570442199707,12.459455490112305,6.886585712432861,1,-1,-1,-1
1401,0,63.88568878173828,104.32414245605469,10.630450248718262,6.034519195556641,1,-1,-1,-1
1401,9,1.0050058364868164,206.23391723632812,21.2392520904541,8.159289360046387,1,-1,-1,-1
1421,1,591.1939086914062,29.43317222595215,12.613439559936523,8.220349311828613,1,-1,-1,-1
1421,0,63.7775993347168,101.38349151611328,9.924239158630371,6.977630615234375,1,-1,-1,-1
1441,1,581.8859252929688,47.59910583496094,12.516767501831055,7.144275188446045,1,-1,-1,-1
1441,0,62.13468933105469,101.43179321289062,9.329317092895508,6.927831649780273,1,-1,-1,-1
1461,0,60.7662353515625,103.3398208618164,9.89677619934082,6.480809688568115,1,-1,-1,-1
1461,1,568.2637939453125,73.15327453613281,11.44495964050293,6.099287033081055,1,-1,-1,-1
1481,0,60.521148681640625,102.83784484863281,10.655298233032227,6.812310695648193,1,-1,-1,-1
1481,1,557.203125,95.71118927001953,10.663225173950195,5.55332612991333,1,-1,-1,-1
1501,0,65.12887573242188,102.7001724243164,9.202943801879883,7.509688854217529,1,-1,-1,-1
1501,1,548.623291015625,111.52653503417969,10.325313568115234,4.451574325561523,1,-1,-1,-1
1521,0,78.22953033447266,105.76142120361328,9.814574241638184,7.023223876953125,1,-1,-1,-1
1521,1,544.59033203125,113.47459411621094,10.345654487609863,4.9415178298950195,1,-1,-1,-1
1541,1,530.5359497070312,111.48448181152344,9.97780990600586,5.785043716430664,1,-1,-1,-1
1541,0,96.06611633300781,109.9365005493164,9.919787406921387,6.543953895568848,1,-1,-1,-1
1561,1,507.1049499511719,109.61024475097656,10.764261245727539,5.68039083480835,1,-1,-1,-1
1561,0,114.51934051513672,114.528564453125,9.993502616882324,6.306164741516113,1,-1,-1,-1
1581,0,132.65745544433594,118.65470886230469,9.682319641113281,6.299266338348389,1,-1,-1,-1
1581,1,481.78399658203125,115.43441772460938,10.535343170166016,5.963215351104736,1,-1,-1,-1
1601,1,457.5097351074219,143.62216186523438,10.628646850585938,5.212751388549805,1,-1,-1,-1
1601,0,150.9059295654297,122.84892272949219,9.061692237854004,5.737917900085449,1,-1,-1,-1
1621,1,432.4761962890625,162.1544189453125,10.828705787658691,5.227901458740234,1,-1,-1,-1
1621,0,168.2715606689453,126.88668823242188,9.053479194641113,5.594057083129883,1,-1,-1,-1
1641,1,405.66900634765625,166.35995483398438,10.620131492614746,5.585647106170654,1,-1,-1,-1
1641,0,185.5574951171875,130.73388671875,9.242003440856934,5.849100589752197,1,-1,-1,-1
1661,1,379.56024169921875,177.81979370117188,10.549394607543945,5.413929462432861,1,-1,-1,-1
1661,0,203.38528442382812,135.54795837402344,9.458629608154297,5.418620586395264,1,-1,-1,-1
1681,1,353.0260925292969,188.94810485839844,11.087356567382812,5.534460067749023,1,-1,-1,-1
1681,0,222.82705688476562,140.30470275878906,9.387473106384277,5.3218674659729,1,-1,-1,-1
1701,0,241.22511291503906,144.88856506347656,9.147420883178711,4.205020904541016,1,-1,-1,-1
1701,1,329.0533142089844,191.67178344726562,11.252552032470703,4.719837665557861,1,-1,-1,-1
1721,0,246.70086669921875,148.4523468017578,9.172266960144043,4.99972677230835,1,-1,-1,-1
1721,1,307.123779296875,190.76202392578125,11.01495361328125,4.979914665222168,1,-1,-1,-1
1741,0,244.71963500976562,155.15380859375,9.830337524414062,4.958324432373047,1,-1,-1,-1
1741,1,287.26019287109375,190.85342407226562,10.661760330200195,4.4935760498046875,1,-1,-1,-1
1761,1,268.69439697265625,189.5268096923828,11.0192289352417,5.359458923339844,1,-1,-1,-1
1761,0,243.41539001464844,156.76148986816406,8.825803756713867,4.517735958099365,1,-1,-1,-1
1781,1,253.00262451171875,188.7122039794922,11.05440902709961,5.509730339050293,1,-1,-1,-1
1781,0,246.15463256835938,153.66717529296875,8.472167015075684,4.302266597747803,1,-1,-1,-1
1801,0,252.92495727539062,147.13894653320312,9.116800308227539,5.1805949211120605,1,-1,-1,-1
1801,1,239.6298370361328,185.22702026367188,11.60678482055664,5.400184154510498,1,-1,-1,-1
1821,0,262.04144287109375,137.59239196777344,9.817727088928223,6.113735675811768,1,-1,-1,-1
1821,1,229.8409423828125,179.1641082763672,11.565467834472656,5.528907775878906,1,-1,-1,-1
1841,0,264.76519775390625,132.3797149658203,10.423064231872559,5.562228679656982,1,-1,-1,-1
1841,1,221.71304321289062,173.21841430664062,10.288326263427734,5.261888027191162,1,-1,-1,-1
1861,0,260.8794860839844,128.17332458496094,10.192671775817871,5.085904121398926,1,-1,-1,-1
1861,1,211.44288635253906,163.3660888671875,10.99092960357666,5.492647647857666,1,-1,-1,-1
1881,0,253.21937561035156,123.31785583496094,9.728280067443848,5.163203716278076,1,-1,-1,-1
1881,1,201.09368896484375,150.25701904296875,11.87010669708252,5.987850666046143,1,-1,-1,-1
1901,1,192.4405059814453,155.0830841064453,11.401754379272461,7.376305103302002,1,-1,-1,-1
1901,0,243.49378967285156,118.49573516845703,10.514601707458496,5.60842227935791,1,-1,-1,-1
1921,1,191.81573486328125,175.6742706298828,10.494293212890625,5.581578254699707,1,-1,-1,-1
1921,0,236.33078002929688,115.8916244506836,10.093835830688477,4.503969192504883,1,-1,-1,-1
1941,1,194.76869201660156,172.3978729248047,10.164299964904785,4.326742172241211,1,-1,-1,-1
1941,0,219.0892333984375,109.32592010498047,10.19192123413086,5.10288143157959,1,-1,-1,-1
1961,1,195.06040954589844,161.02957153320312,10.150487899780273,4.993093013763428,1,-1,-1,-1
1961,0,197.716796875,100.66937255859375,10.118532180786133,7.464859485626221,1,-1,-1,-1
1981,1,192.92059326171875,163.42742919921875,9.940866470336914,5.962265968322754,1,-1,-1,-1
1981,0,192.0056915283203,99.49063873291016,10.4368896484375,6.551961898803711,1,-1,-1,-1
2001,1,189.43035888671875,173.86668395996094,9.56155776977539,5.777949333190918,1,-1,-1,-1
2001,0,192.58628845214844,100.001220703125,11.093363761901855,5.986922264099121,1,-1,-1,-1
2021,1,186.80685424804688,187.51901245117188,9.904324531555176,4.321965217590332,1,-1,-1,-1
2021,0,192.76788330078125,100.43460845947266,10.406189918518066,5.930392742156982,1,-1,-1,-1
2041,1,184.37088012695312,188.894775390625,8.8521728515625,4.81190299987793,1,-1,-1,-1
2041,0,191.96731567382812,100.92193603515625,10.64869499206543,6.065756320953369,1,-1,-1,-1
2061,1,182.44656372070312,186.4137420654297,9.326177597045898,4.700162410736084,1,-1,-1,-1
2061,0,191.78036499023438,101.37059783935547,10.409964561462402,6.306512355804443,1,-1,-1,-1
2081,1,182.91558837890625,178.67945861816406,8.426458358764648,4.783752918243408,1,-1,-1,-1
2081,0,190.74081420898438,101.53919219970703,9.940699577331543,6.279677391052246,1,-1,-1,-1
2101,1,183.59628295898438,171.47653198242188,8.593164443969727,4.7028279304504395,1,-1,-1,-1
2101,0,183.4764404296875,100.84378814697266,10.731935501098633,5.505124092102051,1,-1,-1,-1
2121,0,167.97549438476562,97.21803283691406,10.557293891906738,6.249722003936768,1,-1,-1,-1
2121,1,183.7947235107422,165.412841796875,8.388497352600098,4.562251091003418,1,-1,-1,-1
2141,0,152.13156127929688,94.28003692626953,10.807538986206055,6.639415740966797,1,-1,-1,-1
2141,1,181.0908203125,166.6077117919922,9.23707103729248,5.961791038513184,1,-1,-1,-1
2161,0,139.30892944335938,93.0125732421875,10.610833168029785,6.4872331619262695,1,-1,-1,-1
2161,1,176.21978759765625,177.88189697265625,9.629638671875,5.981552600860596,1,-1,-1,-1
2181,0,128.0654754638672,91.81848907470703,10.904841423034668,7.102624416351318,1,-1,-1,-1
2181,1,172.4342041015625,187.7953338623047,8.048710823059082,4.157207489013672,1,-1,-1,-1
2190,1,171.22515869140625,185.1166229248047,8.290048599243164,4.774284839630127,1,-1,-1,-1
2190,0,123.95885467529297,91.46893310546875,10.832757949829102,6.838466167449951,1,-1,-1,-1
