1,0,301.1175537109375,159.62551879882812,8.435944557189941,4.775915622711182,1,-1,-1,-1
21,0,300.9514465332031,160.16476440429688,8.551863670349121,4.549704551696777,1,-1,-1,-1
41,0,302.0948791503906,160.35989379882812,8.314994812011719,4.0542216300964355,1,-1,-1,-1
61,0,302.6920166015625,159.65985107421875,8.17155647277832,4.6758131980896,1,-1,-1,-1
81,0,302.8191223144531,159.58363342285156,8.540035247802734,4.5076069831848145,1,-1,-1,-1
101,0,303.635498046875,159.23825073242188,8.5654935836792,4.528132915496826,1,-1,-1,-1
121,0,302.13604736328125,159.45436096191406,8.417438507080078,3.9916393756866455,1,-1,-1,-1
141,0,290.28546142578125,157.17213439941406,9.025581359863281,4.500973224639893,1,-1,-1,-1
161,0,277.4690246582031,148.49835205078125,7.959366321563721,4.675265312194824,1,-1,-1,-1
181,0,264.1602783203125,135.3594512939453,8.653160095214844,5.002716541290283,1,-1,-1,-1
201,0,250.38336181640625,131.5020294189453,8.491711616516113,4.785223960876465,1,-1,-1,-1
221,0,235.97674560546875,136.58047485351562,8.831554412841797,5.696186542510986,1,-1,-1,-1
241,0,226.8217315673828,141.46102905273438,8.64967155456543,3.90132474899292,1,-1,-1,-1
261,0,206.69189453125,124.21705627441406,8.287407875061035,6.132619380950928,1,-1,-1,-1
281,0,202.9503631591797,101.57485961914062,8.665684700012207,5.601155757904053,1,-1,-1,-1
301,0,195.760986328125,95.53240966796875,8.681641578674316,4.527219772338867,1,-1,-1,-1
301,1,157.9233856201172,258.0974426269531,5.3799238204956055,3.2899444103240967,1,-1,-1,-1
321,0,177.4595947265625,100.81129455566406,8.874420166015625,5.6452460289001465,1,-1,-1,-1
341,0,160.4705810546875,106.99139404296875,8.581486701965332,4.909327983856201,1,-1,-1,-1
361,0,148.46328735351562,87.8460693359375,8.256315231323242,6.094257354736328,1,-1,-1,-1
361,1,158.26986694335938,258.2377014160156,5.471968650817871,3.2724292278289795,1,-1,-1,-1
381,1,157.941650390625,258.10870361328125,5.407317161560059,3.359327554702759,1,-1,-1,-1
381,0,150.25839233398438,62.84541320800781,7.481396198272705,6.723309516906738,1,-1,-1,-1
401,1,158.0930938720703,258.145263671875,5.619556427001953,3.323065996170044,1,-1,-1,-1
401,0,158.3631134033203,64.8346939086914,8.305235862731934,4.715604782104492,1,-1,-1,-1
421,1,157.8828125,257.9968566894531,5.71254301071167,3.498699903488159,1,-1,-1,-1
421,0,161.17645263671875,75.58451843261719,8.713567733764648,5.0287628173828125,1,-1,-1,-1
441,1,81.60916137695312,198.60923767089844,10.7732572555542,6.052944660186768,1,-1,-1,-1
441,0,158.59564208984375,86.14701843261719,8.245949745178223,5.74212121963501,1,-1,-1,-1
461,0,155.83734130859375,98.39755249023438,8.626373291015625,5.186538219451904,1,-1,-1,-1
461,1,91.84431457519531,183.23568725585938,12.02602481842041,6.304035186767578,1,-1,-1,-1
481,0,155.47154235839844,108.11186218261719,8.57577133178711,5.700120449066162,1,-1,-1,-1
481,1,104.36209106445312,167.35531616210938,12.631416320800781,7.137084007263184,1,-1,-1,-1
501,0,156.11227416992188,114.82463836669922,9.044393539428711,5.149590492248535,1,-1,-1,-1
501,1,119.41595458984375,161.98992919921875,11.527196884155273,6.5250325202941895,1,-1,-1,-1
521,0,154.99073791503906,120.4470443725586,8.905990600585938,5.093685150146484,1,-1,-1,-1
521,1,127.99757385253906,161.42478942871094,13.04825210571289,6.480937957763672,1,-1,-1,-1
541,0,153.36106872558594,120.01364135742188,9.389678955078125,5.436534404754639,1,-1,-1,-1
541,1,130.1678466796875,159.14845275878906,12.420635223388672,7.40949821472168,1,-1,-1,-1
561,0,152.64215087890625,119.8537826538086,8.903849601745605,5.627127170562744,1,-1,-1,-1
561,1,138.7407989501953,160.3502960205078,12.219974517822266,6.52518367767334,1,-1,-1,-1
581,1,151.92564392089844,160.3124542236328,12.667078971862793,7.112434387207031,1,-1,-1,-1
581,0,152.64035034179688,119.47659301757812,8.227544784545898,5.703365325927734,1,-1,-1,-1
601,1,164.3276824951172,161.01980590820312,12.855546951293945,7.323397636413574,1,-1,-1,-1
601,0,152.2878875732422,119.84471130371094,8.818294525146484,5.292255401611328,1,-1,-1,-1
621,1,181.9019317626953,162.41015625,12.566757202148438,7.128491401672363,1,-1,-1,-1
621,2,2.213951349258423,206.65579223632812,19.828636169433594,7.8267083168029785,1,-1,-1,-1
621,0,152.36831665039062,120.47457122802734,8.690315246582031,4.907005786895752,1,-1,-1,-1
641,1,203.49928283691406,164.3905792236328,13.111067771911621,7.666536331176758,1,-1,-1,-1
641,0,152.7682647705078,120.46258544921875,8.656509399414062,4.956959247589111,1,-1,-1,-1
661,1,231.15826416015625,169.64642333984375,12.378475189208984,6.794772624969482,1,-1,-1,-1
661,0,152.67298889160156,120.2756118774414,9.16968059539795,5.186310768127441,1,-1,-1,-1
681,1,268.1974182128906,174.36676025390625,12.53422737121582,7.081104755401611,1,-1,-1,-1
681,2,1.9835996627807617,206.45956420898438,20.095447540283203,8.065572738647461,1,-1,-1,-1
681,0,153.5876007080078,120.36573028564453,8.655069351196289,5.155194282531738,1,-1,-1,-1
701,2,1.757596731185913,206.44602966308594,20.367963790893555,8.089835166931152,1,-1,-1,-1
701,0,155.59918212890625,120.32093811035156,8.855978012084961,5.4605937004089355,1,-1,-1,-1
701,1,315.238037109375,181.80853271484375,13.361740112304688,7.394801139831543,1,-1,-1,-1
721,1,368.7449951171875,190.1828155517578,12.367173194885254,6.1839118003845215,1,-1,-1,-1
721,2,1.4373886585235596,206.3528289794922,20.674943923950195,8.218194007873535,1,-1,-1,-1
721,0,159.3545379638672,121.33148956298828,8.315013885498047,5.192015171051025,1,-1,-1,-1
741,2,1.5016686916351318,206.4213409423828,20.595237731933594,8.151654243469238,1,-1,-1,-1
741,1,424.1505126953125,198.16384887695312,12.989376068115234,6.89766788482666,1,-1,-1,-1
741,0,163.68609619140625,122.50656127929688,8.661442756652832,5.387012004852295,1,-1,-1,-1
761,1,483.38055419921875,197.69058227539062,11.694855690002441,6.122971057891846,1,-1,-1,-1
761,0,167.6573486328125,123.1070785522461,8.530582427978516,5.184690475463867,1,-1,-1,-1
781,1,525.296142578125,177.63746643066406,10.466062545776367,5.091217994689941,1,-1,-1,-1
781,0,167.489990234375,122.51168823242188,8.35939884185791,7.215334892272949,1,-1,-1,-1
801,1,529.1766967773438,154.23207092285156,10.569048881530762,5.195655345916748,1,-1,-1,-1
801,0,184.08567810058594,127.01742553710938,8.623403549194336,6.102167129516602,1,-1,-1,-1
821,1,528.4744873046875,135.52755737304688,10.901121139526367,5.967505931854248,1,-1,-1,-1
821,0,213.62852478027344,133.1520538330078,8.99012279510498,4.572017669677734,1,-1,-1,-1
841,1,525.3380126953125,121.48037719726562,10.504915237426758,5.360359191894531,1,-1,-1,-1
841,0,242.56808471679688,131.8763427734375,8.62365436553955,4.495466709136963,1,-1,-1,-1
861,0,269.6152038574219,123.47550201416016,8.842046737670898,4.570855140686035,1,-1,-1,-1
861,1,520.4050903320312,114.87887573242188,10.263333320617676,6.203729629516602,1,-1,-1,-1
881,0,298.1269836425781,110.02289581298828,8.854924201965332,6.144934177398682,1,-1,-1,-1
881,1,520.4849853515625,114.0072021484375,11.002164840698242,6.278601169586182,1,-1,-1,-1
901,1,528.3748779296875,114.70870208740234,10.977741241455078,6.734287261962891,1,-1,-1,-1
901,0,335.5252380371094,102.67596435546875,10.105191230773926,6.650236129760742,1,-1,-1,-1
921,0,379.2921447753906,102.53260803222656,10.00198745727539,5.559288501739502,1,-1,-1,-1
921,1,537.5955810546875,117.3174057006836,10.712260246276855,6.34403133392334,1,-1,-1,-1
941,0,413.4053039550781,106.79267120361328,9.864300727844238,5.330938339233398,1,-1,-1,-1
941,1,553.9727172851562,119.91883850097656,10.981002807617188,6.266254901885986,1,-1,-1,-1
961,0,421.01043701171875,106.98480224609375,9.560340881347656,4.621498107910156,1,-1,-1,-1
961,1,574.8870849609375,124.04418182373047,10.341045379638672,5.804609775543213,1,-1,-1,-1
981,0,410.6124572753906,100.31160736083984,10.104589462280273,7.096052169799805,1,-1,-1,-1
981,1,598.2744140625,129.7955780029297,10.759129524230957,6.247229099273682,1,-1,-1,-1
1001,0,405.6362609863281,99.09613037109375,9.478819847106934,6.079816818237305,1,-1,-1,-1
1001,1,623.9928588867188,136.4840087890625,10.530137062072754,5.405761241912842,1,-1,-1,-1
1021,0,404.2279357910156,100.1949462890625,9.896065711975098,5.615279674530029,1,-1,-1,-1
1021,1,244.39805603027344,262.0481872558594,7.962369441986084,3.8217427730560303,1,-1,-1,-1
1041,0,403.9700622558594,104.53534698486328,9.396515846252441,5.409636497497559,1,-1,-1,-1
1041,1,244.39154052734375,262.02569580078125,7.96628475189209,3.839113473892212,1,-1,-1,-1
1061,1,244.380859375,262.0163879394531,7.874520301818848,3.860438823699951,1,-1,-1,-1
1061,0,402.40777587890625,106.5470962524414,10.040897369384766,5.049123287200928,1,-1,-1,-1
1081,1,244.40463256835938,262.00848388671875,7.958917140960693,3.8568122386932373,1,-1,-1,-1
1081,0,402.4460144042969,107.71426391601562,9.676515579223633,5.604273796081543,1,-1,-1,-1
1101,1,244.38571166992188,262.0126647949219,7.886927604675293,3.851529836654663,1,-1,-1,-1
1101,0,402.7685852050781,110.8244400024414,9.473424911499023,5.390566349029541,1,-1,-1,-1
1121,1,244.4024658203125,262.0118103027344,7.9157633781433105,3.860373020172119,1,-1,-1,-1
1121,0,402.8423767089844,112.88631439208984,10.00265884399414,5.028364181518555,1,-1,-1,-1
1141,0,402.3614196777344,112.9983139038086,9.98960018157959,5.583434581756592,1,-1,-1,-1
1161,0,401.89532470703125,112.679931640625,10.1867094039917,5.6014885902404785,1,-1,-1,-1
1181,0,402.5927429199219,112.300048828125,9.644085884094238,5.691534519195557,1,-1,-1,-1
1201,0,402.3905029296875,112.57392883300781,9.935962677001953,5.503841876983643,1,-1,-1,-1
1221,0,402.786865234375,112.52147674560547,9.70382308959961,5.77089262008667,1,-1,-1,-1
1241,0,403.00897216796875,116.29025268554688,10.524359703063965,5.153502941131592,1,-1,-1,-1
1261,0,404.4297790527344,117.5714111328125,10.032044410705566,5.487232685089111,1,-1,-1,-1
1261,4,626.276611328125,50.622154235839844,9.148204803466797,4.931761264801025,1,-1,-1,-1
1281,0,404.98638916015625,118.56331634521484,10.057329177856445,5.562422752380371,1,-1,-1,-1
1281,4,612.223388671875,48.70745086669922,9.13083267211914,4.812864303588867,1,-1,-1,-1
1301,4,603.3263549804688,49.55937194824219,9.142229080200195,5.209015846252441,1,-1,-1,-1
1301,0,403.8311462402344,121.9699935913086,10.313369750976562,5.335231781005859,1,-1,-1,-1
1321,4,598.3121337890625,49.46389389038086,8.841007232666016,4.7054924964904785,1,-1,-1,-1
1321,0,404.25311279296875,127.05360412597656,9.564952850341797,5.183261394500732,1,-1,-1,-1
1341,4,594.535400390625,49.6373405456543,9.274438858032227,4.924070358276367,1,-1,-1,-1
1341,0,402.21527099609375,127.98924255371094,10.757535934448242,5.787106037139893,1,-1,-1,-1
1361,4,592.0285034179688,49.26662063598633,9.439559936523438,5.043452739715576,1,-1,-1,-1
1361,0,401.755126953125,124.54322052001953,10.09467887878418,6.369616508483887,1,-1,-1,-1
1381,4,589.2927856445312,48.0303840637207,9.112814903259277,4.8763532638549805,1,-1,-1,-1
1381,0,401.2686462402344,125.3764419555664,10.113783836364746,5.528878688812256,1,-1,-1,-1
1401,4,572.155517578125,45.52180099487305,9.269086837768555,5.6548943519592285,1,-1,-1,-1
1401,0,401.0527038574219,126.00392150878906,9.909607887268066,5.116694450378418,1,-1,-1,-1
1421,4,540.0667724609375,44.41058349609375,9.02426528930664,5.0104660987854,1,-1,-1,-1
1421,0,400.2725524902344,126.36449432373047,9.072625160217285,5.060258865356445,1,-1,-1,-1
1441,4,507.9785461425781,42.31880569458008,10.107872009277344,5.084927558898926,1,-1,-1,-1
1441,0,398.0662536621094,125.26106262207031,9.779934883117676,5.867552280426025,1,-1,-1,-1
1461,4,479.7432861328125,41.41423416137695,9.343069076538086,4.992239475250244,1,-1,-1,-1
1461,0,397.25335693359375,125.34001922607422,9.797276496887207,5.596413612365723,1,-1,-1,-1
1481,4,454.4292907714844,39.50893783569336,9.416314125061035,5.466725826263428,1,-1,-1,-1
1481,0,396.24420166015625,124.76485443115234,10.11965274810791,5.990413188934326,1,-1,-1,-1
1501,0,395.93853759765625,124.56983184814453,9.9157133102417,5.559810638427734,1,-1,-1,-1
1501,4,432.8851623535156,39.9647331237793,8.869234085083008,5.182877063751221,1,-1,-1,-1
1521,0,396.2437438964844,124.40780639648438,10.483715057373047,5.71521520614624,1,-1,-1,-1
1521,4,414.389892578125,40.372711181640625,9.219008445739746,5.176117420196533,1,-1,-1,-1
1541,4,398.32403564453125,40.812705993652344,9.145783424377441,5.320125102996826,1,-1,-1,-1
1541,0,397.07891845703125,125.11640930175781,9.967656135559082,5.443869590759277,1,-1,-1,-1
1561,4,391.50445556640625,42.647953033447266,9.819570541381836,5.08087682723999,1,-1,-1,-1
1561,0,397.3220520019531,124.91600036621094,9.67085075378418,5.550076484680176,1,-1,-1,-1
1581,4,362.5404052734375,44.497093200683594,9.510858535766602,5.065643787384033,1,-1,-1,-1
1581,0,397.32293701171875,125.55667114257812,9.87074089050293,5.36154317855835,1,-1,-1,-1
1601,4,320.34405517578125,53.46622848510742,9.104757308959961,5.833625316619873,1,-1,-1,-1
1601,0,394.3179626464844,125.32601928710938,9.349296569824219,4.117223262786865,1,-1,-1,-1
1621,0,384.31292724609375,122.35186004638672,9.623924255371094,5.007889747619629,1,-1,-1,-1
1621,4,298.53948974609375,77.84375,9.464131355285645,5.2329277992248535,1,-1,-1,-1
1641,4,294.8204345703125,105.1515884399414,9.187177658081055,4.979804039001465,1,-1,-1,-1
1641,0,374.33282470703125,119.13556671142578,9.668802261352539,5.36835241317749,1,-1,-1,-1
1661,0,366.553466796875,115.81339263916016,9.17154312133789,5.412120819091797,1,-1,-1,-1
1661,4,297.79742431640625,133.83447265625,9.243858337402344,3.9728100299835205,1,-1,-1,-1
1681,0,358.4648132324219,112.8155517578125,9.973231315612793,5.065395355224609,1,-1,-1,-1
1681,4,295.73431396484375,149.4543914794922,9.770956993103027,4.7685441970825195,1,-1,-1,-1
1701,0,352.58123779296875,110.47171783447266,9.706062316894531,5.008913993835449,1,-1,-1,-1
1701,4,297.5057373046875,148.4209442138672,9.279158592224121,5.094005107879639,1,-1,-1,-1
1721,4,310.5215759277344,148.70550537109375,9.29062557220459,4.618184566497803,1,-1,-1,-1
1721,0,348.21942138671875,107.86405944824219,9.493507385253906,5.738156318664551,1,-1,-1,-1
1741,4,329.476318359375,149.8876495361328,9.451299667358398,4.10990571975708,1,-1,-1,-1
1741,0,343.64178466796875,106.4190444946289,9.592451095581055,5.591205596923828,1,-1,-1,-1
1761,4,352.92620849609375,146.48370361328125,10.22181510925293,4.966054916381836,1,-1,-1,-1
1761,0,339.9555969238281,105.0621337890625,10.135907173156738,5.954998016357422,1,-1,-1,-1
1781,4,382.3095397949219,145.72349548339844,9.770423889160156,5.182018756866455,1,-1,-1,-1
1781,0,336.8664855957031,103.7107162475586,10.58331298828125,5.607030868530273,1,-1,-1,-1
1801,4,416.1289978027344,144.75314331054688,9.817412376403809,4.628719329833984,1,-1,-1,-1
1801,0,336.0494384765625,103.1840591430664,10.341262817382812,5.826355934143066,1,-1,-1,-1
1821,4,451.14251708984375,142.54641723632812,9.668066024780273,5.520546913146973,1,-1,-1,-1
1821,0,336.36895751953125,102.68046569824219,9.873558044433594,5.307011127471924,1,-1,-1,-1
1841,4,457.52899169921875,142.40757751464844,9.202981948852539,3.9178802967071533,1,-1,-1,-1
1841,0,336.29241943359375,101.25305938720703,9.558368682861328,6.178207874298096,1,-1,-1,-1
1861,4,454.85699462890625,129.3773193359375,9.235872268676758,4.121977806091309,1,-1,-1,-1
1861,0,335.02191162109375,101.1975326538086,9.714881896972656,5.285434722900391,1,-1,-1,-1
1881,0,333.1903381347656,100.41217041015625,10.201408386230469,5.472616195678711,1,-1,-1,-1
1881,4,448.90625,103.90998077392578,10.359277725219727,4.670904636383057,1,-1,-1,-1
1901,0,331.1218566894531,98.61866760253906,10.345368385314941,6.044881343841553,1,-1,-1,-1
1901,4,442.1271057128906,64.70743560791016,11.334389686584473,5.979360103607178,1,-1,-1,-1
1921,0,328.8612365722656,96.9719467163086,10.232612609863281,5.815774917602539,1,-1,-1,-1
1921,4,433.9825744628906,15.492626190185547,12.15571403503418,8.56998062133789,1,-1,-1,-1
1941,0,323.063720703125,94.32264709472656,10.289525032043457,5.90062141418457,1,-1,-1,-1
1941,5,158.04415893554688,258.1815490722656,5.489491939544678,3.2046380043029785,1,-1,-1,-1
1941,4,1.0025548934936523,206.23182678222656,21.118053436279297,8.32844352722168,1,-1,-1,-1
1961,0,314.9848327636719,92.52189636230469,9.57396125793457,5.594917297363281,1,-1,-1,-1
1961,5,158.0520477294922,258.18487548828125,5.483546733856201,3.20450758934021,1,-1,-1,-1
1981,0,307.462890625,90.88317108154297,10.581307411193848,5.3876142501831055,1,-1,-1,-1
1981,5,157.97531127929688,257.9930114746094,5.283326148986816,3.2923038005828857,1,-1,-1,-1
1981,4,1.1027061939239502,206.18406677246094,21.024076461791992,8.270705223083496,1,-1,-1,-1
2001,0,301.6250915527344,89.04080200195312,9.899476051330566,5.554750919342041,1,-1,-1,-1
2021,0,295.1363525390625,86.64415740966797,10.522770881652832,5.787266731262207,1,-1,-1,-1
2021,4,0.9661877155303955,205.1282501220703,21.287229537963867,9.349848747253418,1,-1,-1,-1
2041,4,475.92352294921875,18.6682071685791,13.532973289489746,7.875891208648682,1,-1,-1,-1
2041,0,288.9052734375,84.49401092529297,10.30549144744873,6.247443675994873,1,-1,-1,-1
2061,0,283.1475830078125,82.97575378417969,10.631681442260742,6.418734073638916,1,-1,-1,-1
2061,4,476.709228515625,54.999141693115234,14.350157737731934,7.6912994384765625,1,-1,-1,-1
2081,0,279.02557373046875,81.39389038085938,10.265491485595703,5.982567310333252,1,-1,-1,-1
2081,4,480.7801818847656,93.95682525634766,14.367608070373535,7.554315090179443,1,-1,-1,-1
2101,0,275.50665283203125,80.60013580322266,11.231742858886719,6.198135852813721,1,-1,-1,-1
2101,4,484.2791442871094,131.191162109375,14.789885520935059,7.456936359405518,1,-1,-1,-1
2121,0,272.43896484375,80.07173919677734,10.897565841674805,6.155045986175537,1,-1,-1,-1
2121,4,483.0793762207031,146.9035186767578,15.131649017333984,9.775572776794434,1,-1,-1,-1
2141,4,476.7765808105469,167.3770294189453,14.425189971923828,8.947320938110352,1,-1,-1,-1
2141,0,271.077392578125,79.50355529785156,9.91964340209961,5.7821431159973145,1,-1,-1,-1
2161,4,470.64276123046875,204.7066192626953,12.465349197387695,7.759130954742432,1,-1,-1,-1
2161,0,269.1915588378906,78.45177459716797,10.03841781616211,6.3783745765686035,1,-1,-1,-1
2181,0,268.09747314453125,78.11750793457031,9.63200855255127,5.88165283203125,1,-1,-1,-1
2181,4,461.935302734375,245.0729522705078,10.173429489135742,6.350131511688232,1,-1,-1,-1
