1,0,176.31741333007812,434.6192932128906,14.286913871765137,6.923872470855713,1,-1,-1,-1
1,1,447.17462158203125,205.6136016845703,30.190654754638672,18.75351905822754,1,-1,-1,-1
21,1,466.72137451171875,206.8308563232422,30.610942840576172,16.713083267211914,1,-1,-1,-1
21,0,175.73805236816406,433.9854431152344,14.895710945129395,7.425633430480957,1,-1,-1,-1
41,1,469.1470642089844,203.27658081054688,32.10027313232422,17.65723419189453,1,-1,-1,-1
41,0,176.7392578125,433.6307067871094,14.309589385986328,6.491430759429932,1,-1,-1,-1
61,1,458.7025146484375,198.32015991210938,31.424989700317383,17.708118438720703,1,-1,-1,-1
61,0,177.0260772705078,433.4866943359375,14.51304817199707,7.02316427230835,1,-1,-1,-1
81,1,455.11309814453125,194.50477600097656,30.933286666870117,18.972496032714844,1,-1,-1,-1
81,0,176.7385711669922,433.7314453125,14.468982696533203,6.8345770835876465,1,-1,-1,-1
101,0,176.3634490966797,433.88348388671875,14.42268180847168,7.076638221740723,1,-1,-1,-1
101,1,415.55487060546875,188.28700256347656,31.78978729248047,18.677221298217773,1,-1,-1,-1
121,0,176.61695861816406,434.68841552734375,14.306241989135742,7.009469985961914,1,-1,-1,-1
121,1,342.1722412109375,188.7140655517578,30.278057098388672,17.06989288330078,1,-1,-1,-1
141,0,189.47279357910156,435.98626708984375,14.79397201538086,5.889214992523193,1,-1,-1,-1
141,1,315.22552490234375,188.17161560058594,29.8867130279541,16.85687828063965,1,-1,-1,-1
161,0,205.8648681640625,436.22784423828125,15.705533027648926,7.3932061195373535,1,-1,-1,-1
161,1,309.7811279296875,186.47052001953125,29.195655822753906,17.17641830444336,1,-1,-1,-1
181,0,232.0229949951172,438.54705810546875,15.52985954284668,6.726204872131348,1,-1,-1,-1
181,1,268.6783142089844,176.326171875,28.44083023071289,17.315576553344727,1,-1,-1,-1
201,1,195.169189453125,169.99041748046875,28.832481384277344,17.703889846801758,1,-1,-1,-1
201,0,258.9920349121094,439.4908752441406,16.246795654296875,7.300748825073242,1,-1,-1,-1
221,2,58.57673263549805,-0.014963865280151367,12.204948425292969,7.24302864074707,1,-1,-1,-1
221,1,144.1298828125,173.62742614746094,28.6156005859375,16.03824234008789,1,-1,-1,-1
221,0,266.23876953125,440.52691650390625,15.835859298706055,6.719111919403076,1,-1,-1,-1
241,0,281.22723388671875,441.7017517089844,15.328288078308105,7.091702461242676,1,-1,-1,-1
241,1,142.6774139404297,184.4101104736328,28.480968475341797,16.73270034790039,1,-1,-1,-1
261,0,319.69195556640625,442.1039123535156,16.675207138061523,7.5637617111206055,1,-1,-1,-1
261,1,152.51727294921875,216.83311462402344,26.070634841918945,15.183467864990234,1,-1,-1,-1
281,0,339.0811767578125,442.39715576171875,16.073486328125,7.59023380279541,1,-1,-1,-1
281,1,170.321533203125,260.7596435546875,22.603397369384766,12.877267837524414,1,-1,-1,-1
301,1,184.66293334960938,295.6645202636719,21.625946044921875,9.86151123046875,1,-1,-1,-1
301,0,366.0255432128906,442.0516357421875,14.98655891418457,7.528596878051758,1,-1,-1,-1
321,1,184.10780334472656,291.6026916503906,21.953033447265625,12.368708610534668,1,-1,-1,-1
321,0,398.4184265136719,440.7297668457031,15.857695579528809,8.2872314453125,1,-1,-1,-1
341,1,200.9234619140625,282.5956726074219,21.703462600708008,13.266117095947266,1,-1,-1,-1
341,0,406.51824951171875,439.9438781738281,16.391170501708984,8.492508888244629,1,-1,-1,-1
361,1,269.03765869140625,280.4837951660156,23.371509552001953,11.83810806274414,1,-1,-1,-1
361,0,412.3535461425781,439.65118408203125,15.777870178222656,7.971681118011475,1,-1,-1,-1
381,1,318.2305603027344,297.4535827636719,22.85515022277832,11.948742866516113,1,-1,-1,-1
381,0,415.20721435546875,439.244873046875,16.09613609313965,9.199698448181152,1,-1,-1,-1
401,1,322.1142272949219,330.4573974609375,24.185075759887695,11.597661972045898,1,-1,-1,-1
401,0,363.3839416503906,440.3544006347656,17.35326385498047,7.711425304412842,1,-1,-1,-1
421,0,288.46014404296875,441.2900390625,14.536771774291992,7.050821304321289,1,-1,-1,-1
421,1,319.6365661621094,361.99383544921875,24.593809127807617,11.596830368041992,1,-1,-1,-1
441,0,209.26141357421875,440.7263488769531,15.268202781677246,7.260557174682617,1,-1,-1,-1
441,1,281.920654296875,364.7164611816406,23.39116859436035,11.447362899780273,1,-1,-1,-1
461,1,146.7922821044922,363.85968017578125,24.250019073486328,10.933008193969727,1,-1,-1,-1
461,0,182.34617614746094,408.7459716796875,14.46292781829834,8.09504222869873,1,-1,-1,-1
481,1,88.59165954589844,364.28460693359375,23.957366943359375,10.456220626831055,1,-1,-1,-1
481,0,181.10427856445312,376.01544189453125,14.757976531982422,8.61887264251709,1,-1,-1,-1
501,0,184.3765106201172,340.3432922363281,14.359784126281738,9.347999572753906,1,-1,-1,-1
501,1,90.90933990478516,365.52838134765625,24.043548583984375,10.695646286010742,1,-1,-1,-1
521,0,176.81655883789062,322.3724060058594,15.490743637084961,9.118431091308594,1,-1,-1,-1
521,1,94.24561309814453,367.1094665527344,23.908750534057617,10.285390853881836,1,-1,-1,-1
541,1,94.96823120117188,367.1700134277344,23.468036651611328,10.615944862365723,1,-1,-1,-1
541,0,153.80380249023438,317.81622314453125,15.224592208862305,8.730189323425293,1,-1,-1,-1
561,1,96.75712585449219,367.7093200683594,23.530723571777344,10.443992614746094,1,-1,-1,-1
561,0,117.8519058227539,307.1775817871094,14.369000434875488,8.846976280212402,1,-1,-1,-1
581,1,104.08972930908203,369.5299072265625,23.21868896484375,10.331686973571777,1,-1,-1,-1
581,0,110.24452209472656,281.780517578125,14.077147483825684,8.75662899017334,1,-1,-1,-1
601,0,113.91655731201172,253.1793212890625,14.010710716247559,9.39073657989502,1,-1,-1,-1
601,1,127.53325653076172,369.8063049316406,23.19843101501465,10.617727279663086,1,-1,-1,-1
621,0,114.79127502441406,226.84530639648438,13.926526069641113,9.404112815856934,1,-1,-1,-1
621,1,158.41928100585938,375.6582336425781,23.51584243774414,10.681649208068848,1,-1,-1,-1
641,0,91.62957000732422,205.78868103027344,15.23597526550293,9.098623275756836,1,-1,-1,-1
641,1,177.94680786132812,360.1376647949219,24.175273895263672,10.9818115234375,1,-1,-1,-1
661,1,177.7261505126953,332.8767395019531,24.663005828857422,10.947011947631836,1,-1,-1,-1
661,0,50.70002746582031,185.24365234375,15.535826683044434,9.044529914855957,1,-1,-1,-1
681,1,165.87667846679688,314.1253662109375,23.4302921295166,11.462130546569824,1,-1,-1,-1
681,0,35.2352180480957,163.7849578857422,13.87580394744873,9.509977340698242,1,-1,-1,-1
701,1,144.55264282226562,294.9071044921875,22.456283569335938,11.180459976196289,1,-1,-1,-1
701,0,41.317291259765625,145.27798461914062,13.356300354003906,8.869568824768066,1,-1,-1,-1
721,0,48.65495681762695,126.10326385498047,12.24109172821045,8.928539276123047,1,-1,-1,-1
721,1,119.21932220458984,276.46673583984375,22.733259201049805,11.554106712341309,1,-1,-1,-1
741,0,78.84227752685547,112.1668472290039,11.754554748535156,8.335709571838379,1,-1,-1,-1
741,1,93.02084350585938,262.658447265625,23.152637481689453,11.724226951599121,1,-1,-1,-1
761,1,76.68287658691406,261.69464111328125,23.501861572265625,11.67487621307373,1,-1,-1,-1
761,0,96.26327514648438,106.81063842773438,12.884475708007812,8.65636920928955,1,-1,-1,-1
781,1,76.01824188232422,259.5289611816406,22.748268127441406,11.378987312316895,1,-1,-1,-1
781,0,105.99856567382812,108.03679656982422,12.355103492736816,8.19896411895752,1,-1,-1,-1
801,0,134.42227172851562,108.7605209350586,12.331915855407715,7.928910732269287,1,-1,-1,-1
801,1,80.29856872558594,244.91845703125,22.04808807373047,11.32274055480957,1,-1,-1,-1
821,0,172.30258178710938,108.48222351074219,10.726512908935547,7.590633392333984,1,-1,-1,-1
821,1,86.81809997558594,235.90943908691406,21.91448402404785,12.112367630004883,1,-1,-1,-1
841,0,214.4996795654297,109.10443115234375,10.454336166381836,6.605888366699219,1,-1,-1,-1
841,1,101.74022674560547,228.7723388671875,21.775081634521484,11.581477165222168,1,-1,-1,-1
861,0,257.2410888671875,108.950439453125,10.671497344970703,7.321822166442871,1,-1,-1,-1
861,1,121.17192077636719,221.1605682373047,21.413394927978516,11.841941833496094,1,-1,-1,-1
881,0,304.4366760253906,109.4859390258789,11.410778045654297,7.170483589172363,1,-1,-1,-1
881,1,144.9657440185547,211.84446716308594,21.391738891601562,12.253735542297363,1,-1,-1,-1
901,0,350.9600524902344,111.8844223022461,12.331327438354492,6.972143173217773,1,-1,-1,-1
901,1,171.60687255859375,201.32077026367188,21.079837799072266,12.199287414550781,1,-1,-1,-1
921,0,392.654052734375,113.56819152832031,11.864739418029785,8.661495208740234,1,-1,-1,-1
921,1,197.418701171875,190.35574340820312,20.387531280517578,11.811192512512207,1,-1,-1,-1
941,0,434.36273193359375,115.2472915649414,11.680258750915527,8.568313598632812,1,-1,-1,-1
941,1,216.2191162109375,177.74337768554688,21.98520278930664,12.373071670532227,1,-1,-1,-1
961,1,239.48362731933594,162.1192626953125,19.091028213500977,10.039670944213867,1,-1,-1,-1
961,0,482.2080993652344,117.50627136230469,13.386899948120117,8.871094703674316,1,-1,-1,-1
981,0,516.2417602539062,112.67768859863281,14.176701545715332,10.473353385925293,1,-1,-1,-1
981,1,254.33697509765625,143.57666015625,16.54694366455078,8.630743980407715,1,-1,-1,-1
1001,1,255.58387756347656,126.19285583496094,17.213321685791016,9.558722496032715,1,-1,-1,-1
1001,0,516.0150756835938,93.01239013671875,14.884038925170898,11.329022407531738,1,-1,-1,-1
1021,0,514.8743286132812,75.86795043945312,15.30817985534668,12.059281349182129,1,-1,-1,-1
1021,1,255.25775146484375,110.4758529663086,19.90252685546875,11.04443359375,1,-1,-1,-1
1041,0,528.9136352539062,63.339481353759766,13.946066856384277,11.912970542907715,1,-1,-1,-1
1041,1,254.8277130126953,95.59400177001953,19.32479476928711,11.75210189819336,1,-1,-1,-1
1061,1,253.19476318359375,85.54678344726562,19.581714630126953,11.68505859375,1,-1,-1,-1
1081,1,239.95086669921875,85.65505981445312,19.84785270690918,12.273319244384766,1,-1,-1,-1
1101,0,621.8950805664062,100.15925598144531,13.936156272888184,10.565696716308594,1,-1,-1,-1
1101,1,196.77862548828125,88.26822662353516,19.47148323059082,11.296953201293945,1,-1,-1,-1
1121,0,634.0191040039062,131.7047882080078,6.488068103790283,10.263827323913574,1,-1,-1,-1
1121,1,152.7384796142578,87.7552719116211,20.990964889526367,12.481688499450684,1,-1,-1,-1
1141,1,140.5606231689453,83.98636627197266,19.97194480895996,12.296494483947754,1,-1,-1,-1
1161,1,140.55235290527344,80.8801040649414,20.639636993408203,12.129644393920898,1,-1,-1,-1
1181,1,140.32159423828125,80.23748016357422,21.560649871826172,11.775270462036133,1,-1,-1,-1
1201,1,150.82582092285156,81.08998107910156,20.787933349609375,11.37540054321289,1,-1,-1,-1
1201,6,619.4171142578125,175.4884033203125,14.001180648803711,10.181854248046875,1,-1,-1,-1
1221,6,616.385498046875,175.8831024169922,12.61284351348877,11.170454978942871,1,-1,-1,-1
1221,1,167.0800018310547,79.93025207519531,19.933090209960938,11.409096717834473,1,-1,-1,-1
1241,1,186.59347534179688,77.08248138427734,19.429018020629883,12.390862464904785,1,-1,-1,-1
1241,6,589.7628173828125,176.16697692871094,12.642746925354004,10.118634223937988,1,-1,-1,-1
1261,1,209.2665252685547,75.72833251953125,20.214235305786133,12.732915878295898,1,-1,-1,-1
1261,6,539.3681640625,175.55250549316406,13.221540451049805,9.532720565795898,1,-1,-1,-1
1281,1,238.13922119140625,73.76289367675781,20.264442443847656,12.227295875549316,1,-1,-1,-1
1281,6,503.982177734375,188.9764862060547,14.845226287841797,10.030203819274902,1,-1,-1,-1
1301,6,506.92584228515625,209.2770233154297,12.770513534545898,9.88599681854248,1,-1,-1,-1
1301,1,271.34515380859375,71.99888610839844,20.024919509887695,12.68046760559082,1,-1,-1,-1
1321,6,497.2166748046875,221.45652770996094,13.412304878234863,9.263588905334473,1,-1,-1,-1
1321,1,304.692626953125,70.01842498779297,20.444223403930664,12.21646785736084,1,-1,-1,-1
1341,1,335.28204345703125,68.91482543945312,20.840503692626953,12.234634399414062,1,-1,-1,-1
1341,6,461.41693115234375,221.7393341064453,15.193246841430664,9.524784088134766,1,-1,-1,-1
1361,6,397.9941101074219,222.2622833251953,11.94780445098877,8.711981773376465,1,-1,-1,-1
1361,1,365.3892517089844,69.42947387695312,20.19118881225586,12.787233352661133,1,-1,-1,-1
1381,1,395.0372009277344,74.77422332763672,20.914207458496094,13.05319881439209,1,-1,-1,-1
1381,6,314.68853759765625,223.58761596679688,12.29785442352295,8.607550621032715,1,-1,-1,-1
1401,6,235.7389678955078,224.1685028076172,12.592621803283691,9.55174732208252,1,-1,-1,-1
1401,1,416.4845275878906,79.64772033691406,21.249008178710938,13.750377655029297,1,-1,-1,-1
1421,1,420.39642333984375,91.00833892822266,20.293312072753906,13.440921783447266,1,-1,-1,-1
1421,6,176.4599609375,229.2709503173828,13.612265586853027,9.770313262939453,1,-1,-1,-1
1441,1,422.8878479003906,107.64336395263672,20.837726593017578,13.345586776733398,1,-1,-1,-1
1441,6,168.89340209960938,253.8099365234375,14.964672088623047,9.724237442016602,1,-1,-1,-1
1461,1,426.287109375,125.10408782958984,21.38034439086914,12.780802726745605,1,-1,-1,-1
1461,6,160.52682495117188,276.9408874511719,13.844117164611816,9.068063735961914,1,-1,-1,-1
1481,1,428.7106628417969,141.39138793945312,20.650177001953125,13.069540977478027,1,-1,-1,-1
1481,6,126.89673614501953,287.6898193359375,13.960439682006836,8.288172721862793,1,-1,-1,-1
1501,1,428.0400085449219,159.91281127929688,21.99064064025879,12.621145248413086,1,-1,-1,-1
1501,6,100.82012939453125,290.1287841796875,14.874616622924805,8.342007637023926,1,-1,-1,-1
1521,1,425.24029541015625,176.47860717773438,20.644014358520508,11.57575511932373,1,-1,-1,-1
1521,6,98.31635284423828,288.72430419921875,13.780803680419922,8.285661697387695,1,-1,-1,-1
1541,6,100.29666900634766,295.52783203125,14.950810432434082,9.21413803100586,1,-1,-1,-1
1541,1,416.50732421875,197.1527862548828,20.429841995239258,9.662888526916504,1,-1,-1,-1
1561,1,397.4374084472656,216.90728759765625,22.064884185791016,10.900102615356445,1,-1,-1,-1
1561,6,110.5784683227539,312.532470703125,14.491464614868164,8.544299125671387,1,-1,-1,-1
1581,1,373.66845703125,237.5000457763672,22.93100357055664,11.640281677246094,1,-1,-1,-1
1581,6,129.73016357421875,329.12799072265625,15.166121482849121,8.919032096862793,1,-1,-1,-1
1601,6,159.29066467285156,354.3771667480469,16.092697143554688,9.013666152954102,1,-1,-1,-1
1601,1,344.6211242675781,258.36322021484375,21.726646423339844,12.402556419372559,1,-1,-1,-1
1621,6,197.11785888671875,381.1958923339844,15.509647369384766,8.34182357788086,1,-1,-1,-1
1621,1,319.65679931640625,282.3514709472656,23.216251373291016,12.618884086608887,1,-1,-1,-1
1641,6,241.7778778076172,402.4142150878906,15.254627227783203,5.653984546661377,1,-1,-1,-1
1641,1,317.0611267089844,305.9456787109375,22.699298858642578,11.189618110656738,1,-1,-1,-1
1661,6,287.9456787109375,421.2887268066406,15.267332077026367,6.9738450050354,1,-1,-1,-1
1661,1,312.623779296875,318.4311828613281,23.558265686035156,10.546493530273438,1,-1,-1,-1
1681,6,327.7564697265625,431.87982177734375,15.622106552124023,7.347373008728027,1,-1,-1,-1
1681,1,307.09393310546875,319.78619384765625,26.412525177001953,11.540592193603516,1,-1,-1,-1
1701,1,299.12152099609375,320.03875732421875,28.781906127929688,12.857954025268555,1,-1,-1,-1
1701,6,370.6774597167969,429.2126770019531,17.252126693725586,8.341174125671387,1,-1,-1,-1
1721,6,425.89111328125,429.22540283203125,15.189209938049316,7.420303821563721,1,-1,-1,-1
1721,1,295.429443359375,332.9357604980469,30.735273361206055,13.76021671295166,1,-1,-1,-1
1741,6,477.54962158203125,427.53436279296875,16.063478469848633,8.427863121032715,1,-1,-1,-1
1741,1,293.9290466308594,352.20977783203125,31.62653160095215,13.67586612701416,1,-1,-1,-1
1761,6,498.6251525878906,426.42718505859375,15.818899154663086,8.391080856323242,1,-1,-1,-1
1761,1,285.3612976074219,355.1273193359375,31.15066146850586,13.012754440307617,1,-1,-1,-1
1781,6,497.63665771484375,408.00360107421875,15.402826309204102,9.28524112701416,1,-1,-1,-1
1781,1,249.62576293945312,358.1297302246094,30.69340705871582,12.929533004760742,1,-1,-1,-1
1801,6,494.02203369140625,387.5143127441406,15.453178405761719,8.90843677520752,1,-1,-1,-1
1801,1,188.01361083984375,359.6960144042969,31.335477828979492,12.609524726867676,1,-1,-1,-1
1821,6,490.20233154296875,364.70654296875,16.656246185302734,9.053600311279297,1,-1,-1,-1
1821,1,136.30148315429688,360.02618408203125,31.036664962768555,12.875202178955078,1,-1,-1,-1
1841,1,132.33885192871094,358.6925354003906,30.84272003173828,12.775092124938965,1,-1,-1,-1
1841,6,490.0703430175781,337.7217102050781,15.38630485534668,9.178678512573242,1,-1,-1,-1
1861,1,137.80743408203125,350.49267578125,30.0669002532959,12.589360237121582,1,-1,-1,-1
1861,6,482.96673583984375,311.924560546875,15.877875328063965,9.94568920135498,1,-1,-1,-1
1881,1,155.0066375732422,347.1723937988281,30.542295455932617,11.95928955078125,1,-1,-1,-1
1881,6,472.0550537109375,304.5448913574219,14.923005104064941,8.907588958740234,1,-1,-1,-1
1901,1,189.59922790527344,345.51861572265625,29.635526657104492,12.296051979064941,1,-1,-1,-1
1901,6,430.53424072265625,298.5390930175781,15.561490058898926,9.768420219421387,1,-1,-1,-1
1921,6,347.09796142578125,293.85345458984375,17.915122985839844,9.722749710083008,1,-1,-1,-1
1921,1,233.37203979492188,344.4454650878906,29.38582992553711,11.838618278503418,1,-1,-1,-1
1941,1,274.7735290527344,346.4291687011719,28.547685623168945,11.365926742553711,1,-1,-1,-1
1941,6,256.9403381347656,292.3733825683594,16.656505584716797,9.305055618286133,1,-1,-1,-1
1961,1,310.27447509765625,349.962158203125,28.707115173339844,11.670731544494629,1,-1,-1,-1
1961,6,207.54345703125,293.6449279785156,17.051982879638672,9.401167869567871,1,-1,-1,-1
1981,1,327.2508544921875,356.98223876953125,28.673402786254883,11.207368850708008,1,-1,-1,-1
1981,6,202.2408447265625,296.962158203125,17.074539184570312,8.977581977844238,1,-1,-1,-1
2000,1,329.08135986328125,362.21014404296875,28.00325584411621,11.59925651550293,1,-1,-1,-1
2000,6,205.9467315673828,298.46722412109375,17.03645896911621,8.831124305725098,1,-1,-1,-1
