1,687,102.46,412.79,35.96,14.67,1,-1,-1,-1
1,688,348.13,258.43,53.80,22.69,1,-1,-1,-1
21,687,178.01,422.10,34.94,12.37,1,-1,-1,-1
21,688,322.39,270.21,52.70,20.56,1,-1,-1,-1
41,688,362.30,273.35,53.70,25.32,1,-1,-1,-1
81,687,493.97,278.68,60.04,20.45,1,-1,-1,-1
81,688,493.97,278.68,60.04,20.45,1,-1,-1,-1
141,689,213.95,417.76,25.80,11.22,1,-1,-1,-1
161,689,199.08,414.00,26.85,13.32,1,-1,-1,-1
181,689,184.96,398.77,31.68,14.44,1,-1,-1,-1
201,689,212.64,388.96,40.67,15.14,1,-1,-1,-1
221,689,238.08,385.71,38.19,13.64,1,-1,-1,-1
241,689,226.00,388.18,36.35,17.51,1,-1,-1,-1
261,689,191.30,375.40,37.98,15.45,1,-1,-1,-1
281,690,40.20,89.07,39.32,25.21,1,-1,-1,-1
281,689,181.77,361.05,42.00,17.50,1,-1,-1,-1
301,690,152.18,138.17,36.87,21.12,1,-1,-1,-1
301,689,240.51,351.46,48.18,16.95,1,-1,-1,-1
321,690,287.84,179.30,37.24,9.50,1,-1,-1,-1
321,689,241.79,350.98,46.24,21.44,1,-1,-1,-1
341,690,350.64,189.05,33.74,10.96,1,-1,-1,-1
341,689,205.16,321.26,58.24,28.22,1,-1,-1,-1
361,690,343.06,273.03,35.08,14.27,1,-1,-1,-1
361,689,192.82,306.44,57.94,20.36,1,-1,-1,-1
381,690,331.41,350.77,33.74,13.76,1,-1,-1,-1
381,689,177.91,293.86,58.89,22.31,1,-1,-1,-1
401,690,329.60,391.85,38.10,14.54,1,-1,-1,-1
401,689,161.97,269.08,65.69,26.20,1,-1,-1,-1
421,690,374.36,396.05,37.44,14.86,1,-1,-1,-1
421,689,136.31,290.88,73.11,29.34,1,-1,-1,-1
441,690,467.61,397.04,34.60,13.15,1,-1,-1,-1
441,689,98.76,345.08,90.24,33.31,1,-1,-1,-1
461,690,505.17,398.25,32.69,9.41,1,-1,-1,-1
461,689,55.42,325.82,90.97,31.30,1,-1,-1,-1
481,690,492.98,400.13,33.88,9.85,1,-1,-1,-1
501,690,457.65,400.52,38.94,12.49,1,-1,-1,-1
521,690,455.27,402.21,23.81,9.69,1,-1,-1,-1
541,691,6.35,412.75,42.84,16.61,1,-1,-1,-1
541,690,432.48,397.41,34.56,16.35,1,-1,-1,-1
561,691,53.35,430.20,38.36,15.64,1,-1,-1,-1
561,690,335.58,404.29,24.35,10.12,1,-1,-1,-1
601,692,144.16,400.79,32.69,13.53,1,-1,-1,-1
621,693,71.51,434.38,33.42,13.29,1,-1,-1,-1
621,692,179.00,402.29,34.57,14.52,1,-1,-1,-1
661,693,-0.35,399.18,20.01,16.32,1,-1,-1,-1
661,692,-0.35,399.18,20.01,16.32,1,-1,-1,-1
681,694,377.76,411.83,34.48,11.79,1,-1,-1,-1
701,694,370.78,411.58,32.28,12.23,1,-1,-1,-1
721,695,0.49,387.89,44.25,19.63,1,-1,-1,-1
721,694,370.16,410.70,32.47,11.48,1,-1,-1,-1
741,695,33.15,390.15,61.02,22.92,1,-1,-1,-1
741,694,33.15,390.15,61.02,22.92,1,-1,-1,-1
761,695,2.18,369.87,67.37,23.87,1,-1,-1,-1
761,694,2.18,369.87,67.37,23.87,1,-1,-1,-1
781,695,0.15,357.19,24.37,12.09,1,-1,-1,-1
781,694,0.15,357.19,24.37,12.09,1,-1,-1,-1
821,696,336.81,404.13,29.15,12.63,1,-1,-1,-1
821,697,54.69,326.59,79.01,29.36,1,-1,-1,-1
901,696,445.23,206.07,113.20,51.09,1,-1,-1,-1
901,697,445.23,206.07,113.20,51.09,1,-1,-1,-1
981,698,255.27,417.58,22.39,9.52,1,-1,-1,-1
1001,698,180.98,398.11,29.25,12.04,1,-1,-1,-1
1021,698,61.42,373.65,30.21,12.65,1,-1,-1,-1
1041,699,602.77,405.55,35.92,14.83,1,-1,-1,-1
1041,698,10.31,366.39,31.00,14.56,1,-1,-1,-1
1061,699,503.86,418.31,32.43,11.80,1,-1,-1,-1
1061,698,53.42,360.53,39.73,16.45,1,-1,-1,-1
1081,699,473.39,418.66,36.94,10.80,1,-1,-1,-1
1081,698,127.15,360.42,41.48,15.62,1,-1,-1,-1
1101,699,463.08,419.60,32.74,14.26,1,-1,-1,-1
1101,698,143.07,352.22,41.66,17.30,1,-1,-1,-1
1121,699,431.35,432.79,26.63,11.03,1,-1,-1,-1
1121,698,160.82,308.95,51.23,17.26,1,-1,-1,-1
1141,699,421.18,408.53,30.06,10.00,1,-1,-1,-1
1141,698,166.33,271.87,54.38,22.97,1,-1,-1,-1
1161,699,410.17,396.96,27.40,11.84,1,-1,-1,-1
1161,698,238.52,272.33,61.33,28.10,1,-1,-1,-1
1181,699,355.57,397.63,28.09,12.57,1,-1,-1,-1
1181,698,471.22,288.75,63.02,25.70,1,-1,-1,-1
1201,699,242.39,394.41,47.27,16.28,1,-1,-1,-1
1221,699,207.09,395.37,34.85,13.16,1,-1,-1,-1
1241,699,180.56,379.11,31.40,14.56,1,-1,-1,-1
1261,699,175.95,378.36,31.24,11.96,1,-1,-1,-1
1281,700,541.10,327.82,44.66,20.07,1,-1,-1,-1
1281,699,173.53,379.73,30.44,12.71,1,-1,-1,-1
1301,700,407.73,358.47,39.67,15.30,1,-1,-1,-1
1301,699,173.98,383.12,29.22,11.37,1,-1,-1,-1
1321,700,374.37,366.41,38.41,15.32,1,-1,-1,-1
1321,699,171.47,384.13,29.88,11.13,1,-1,-1,-1
1341,700,414.97,375.90,34.17,16.22,1,-1,-1,-1
1341,699,166.86,378.07,32.61,15.80,1,-1,-1,-1
1361,700,380.08,397.91,28.28,12.70,1,-1,-1,-1
1361,699,145.58,345.19,41.79,16.17,1,-1,-1,-1
1381,700,277.99,414.50,33.24,11.78,1,-1,-1,-1
1381,699,119.67,285.41,50.62,27.94,1,-1,-1,-1
1401,700,214.10,418.30,23.25,10.16,1,-1,-1,-1
1401,699,103.65,272.62,58.22,20.31,1,-1,-1,-1
1421,700,171.99,416.82,24.36,11.85,1,-1,-1,-1
1421,699,68.50,236.99,55.20,24.64,1,-1,-1,-1
1441,700,146.61,416.14,23.66,10.17,1,-1,-1,-1
1441,699,28.96,302.42,66.22,22.53,1,-1,-1,-1
1461,700,137.83,415.11,23.65,10.25,1,-1,-1,-1
1461,699,30.91,365.98,71.86,22.37,1,-1,-1,-1
1481,700,155.24,370.38,84.51,34.93,1,-1,-1,-1
1481,699,155.26,370.41,84.48,34.85,1,-1,-1,-1
1521,701,149.49,381.43,33.08,14.56,1,-1,-1,-1
1521,702,565.24,368.55,64.19,21.15,1,-1,-1,-1
1541,701,157.86,327.72,44.25,14.95,1,-1,-1,-1
1541,702,614.57,380.26,24.43,10.78,1,-1,-1,-1
1561,701,170.79,265.94,51.22,28.32,1,-1,-1,-1
1561,702,561.80,394.79,49.38,15.82,1,-1,-1,-1
1581,701,171.63,272.85,54.81,20.96,1,-1,-1,-1
1581,702,493.77,410.81,37.61,14.11,1,-1,-1,-1
1601,701,233.36,280.21,55.11,22.67,1,-1,-1,-1
1601,702,233.36,280.21,55.11,22.67,1,-1,-1,-1
1621,701,361.32,293.89,54.57,17.30,1,-1,-1,-1
1621,702,361.32,293.89,54.57,17.30,1,-1,-1,-1
1661,701,409.99,407.33,49.74,19.30,1,-1,-1,-1
1661,702,409.99,407.33,49.74,19.30,1,-1,-1,-1
1701,703,263.53,289.63,36.28,12.70,1,-1,-1,-1
1721,703,257.91,261.58,35.25,9.90,1,-1,-1,-1
1721,701,517.36,107.42,43.55,26.63,1,-1,-1,-1
1721,702,517.36,107.42,43.55,26.63,1,-1,-1,-1
1741,703,257.99,254.11,40.62,11.14,1,-1,-1,-1
1761,703,262.64,197.53,37.27,20.95,1,-1,-1,-1
1781,703,259.07,145.90,39.64,12.55,1,-1,-1,-1
1801,703,200.07,144.93,39.77,17.13,1,-1,-1,-1
1821,703,119.28,160.23,37.98,14.56,1,-1,-1,-1
1841,703,103.40,152.43,40.21,11.06,1,-1,-1,-1
1861,703,101.26,128.53,37.41,14.85,1,-1,-1,-1
1881,703,96.23,228.79,41.30,14.05,1,-1,-1,-1
1901,705,193.87,306.16,16.14,8.97,1,-1,-1,-1
1901,703,73.16,240.77,52.44,16.36,1,-1,-1,-1
1961,706,43.71,174.42,65.32,14.74,1,-1,-1,-1
1981,707,385.08,316.24,15.76,8.23,1,-1,-1,-1
1981,706,40.60,223.08,52.48,18.27,1,-1,-1,-1
2001,707,395.45,310.40,14.67,7.20,1,-1,-1,-1
2001,706,30.57,274.26,59.31,23.85,1,-1,-1,-1
2021,707,429.34,320.78,15.96,8.36,1,-1,-1,-1
2021,706,0.76,210.63,42.13,27.38,1,-1,-1,-1
2041,706,0.02,205.06,24.75,21.55,1,-1,-1,-1
2061,707,556.69,333.91,18.21,8.88,1,-1,-1,-1
2061,706,97.49,215.80,83.01,26.83,1,-1,-1,-1
2081,706,278.10,229.18,64.93,29.36,1,-1,-1,-1
2101,708,67.15,304.55,22.02,10.66,1,-1,-1,-1
2101,706,308.02,309.42,51.63,22.68,1,-1,-1,-1
2121,706,304.76,373.32,38.58,15.05,1,-1,-1,-1
2141,708,302.40,366.99,34.03,12.77,1,-1,-1,-1
2141,706,302.32,366.94,33.97,13.02,1,-1,-1,-1
2161,708,279.99,364.57,35.74,14.43,1,-1,-1,-1
2161,706,279.98,364.57,35.74,14.43,1,-1,-1,-1
