1,900,189.14,241.05,30.72,9.01,1,-1,-1,-1
1,901,256.40,193.42,11.40,3.99,1,-1,-1,-1
1,902,381.89,286.10,40.74,10.50,1,-1,-1,-1
21,900,191.19,241.21,28.31,8.86,1,-1,-1,-1
21,901,256.26,192.82,11.06,3.79,1,-1,-1,-1
21,902,383.29,284.40,37.43,9.69,1,-1,-1,-1
41,900,190.63,241.48,28.49,8.85,1,-1,-1,-1
41,901,256.95,191.71,10.86,3.81,1,-1,-1,-1
41,902,381.46,195.86,37.64,12.12,1,-1,-1,-1
61,900,190.27,240.68,30.22,8.94,1,-1,-1,-1
61,901,257.63,180.06,10.52,4.12,1,-1,-1,-1
61,902,393.96,205.84,39.16,12.52,1,-1,-1,-1
81,900,189.93,240.53,29.96,8.98,1,-1,-1,-1
81,901,259.73,154.53,10.50,3.58,1,-1,-1,-1
81,902,393.56,162.82,37.27,17.15,1,-1,-1,-1
101,900,191.59,241.02,28.43,8.57,1,-1,-1,-1
101,901,258.98,168.25,10.81,4.58,1,-1,-1,-1
101,902,355.15,164.12,36.12,10.32,1,-1,-1,-1
121,900,191.21,241.19,28.64,9.02,1,-1,-1,-1
121,901,256.64,206.09,11.21,4.17,1,-1,-1,-1
121,902,347.65,224.71,34.95,9.14,1,-1,-1,-1
141,900,190.78,241.04,29.06,8.86,1,-1,-1,-1
141,901,253.89,210.34,11.67,5.61,1,-1,-1,-1
141,902,349.04,229.31,33.63,8.56,1,-1,-1,-1
161,900,190.57,241.02,29.46,8.91,1,-1,-1,-1
161,901,243.68,220.88,11.34,5.59,1,-1,-1,-1
161,902,349.82,249.10,32.57,9.21,1,-1,-1,-1
181,900,189.49,240.67,28.63,8.75,1,-1,-1,-1
181,901,231.81,235.43,9.69,4.36,1,-1,-1,-1
181,902,348.59,269.15,34.56,8.99,1,-1,-1,-1
201,900,190.25,241.54,27.42,8.53,1,-1,-1,-1
201,902,350.91,203.98,32.74,11.19,1,-1,-1,-1
221,900,190.23,241.60,28.81,8.88,1,-1,-1,-1
221,902,352.04,201.90,31.89,10.05,1,-1,-1,-1
241,903,274.84,245.57,8.99,3.97,1,-1,-1,-1
241,900,188.43,241.75,29.84,8.62,1,-1,-1,-1
241,902,349.28,264.45,33.28,8.71,1,-1,-1,-1
261,903,283.89,245.78,8.64,4.12,1,-1,-1,-1
261,900,189.08,241.85,30.09,8.69,1,-1,-1,-1
261,902,349.15,272.45,33.53,8.77,1,-1,-1,-1
281,903,295.13,246.92,8.59,3.49,1,-1,-1,-1
281,900,189.62,241.52,28.72,8.57,1,-1,-1,-1
281,902,349.16,233.15,32.03,12.45,1,-1,-1,-1
301,903,317.30,247.81,9.25,3.77,1,-1,-1,-1
301,900,187.53,241.44,31.56,8.77,1,-1,-1,-1
301,902,352.29,165.34,35.44,10.14,1,-1,-1,-1
321,903,325.75,255.62,8.82,4.02,1,-1,-1,-1
321,900,188.65,241.45,29.23,9.82,1,-1,-1,-1
321,902,382.08,140.98,31.94,14.89,1,-1,-1,-1
341,900,220.85,241.47,31.85,12.85,1,-1,-1,-1
341,902,358.06,157.57,33.30,13.05,1,-1,-1,-1
361,900,290.77,243.12,31.79,11.47,1,-1,-1,-1
361,902,333.35,143.90,29.28,10.57,1,-1,-1,-1
381,900,283.23,243.34,31.92,10.09,1,-1,-1,-1
381,902,331.57,54.07,27.55,10.42,1,-1,-1,-1
401,900,214.01,241.69,30.69,9.52,1,-1,-1,-1
401,902,328.57,90.12,27.02,10.59,1,-1,-1,-1
421,900,150.82,237.71,30.20,13.84,1,-1,-1,-1
421,902,328.28,115.53,28.42,9.72,1,-1,-1,-1
441,900,174.90,241.52,29.30,8.48,1,-1,-1,-1
441,902,330.14,73.95,27.88,10.70,1,-1,-1,-1
461,900,194.95,241.34,29.21,8.42,1,-1,-1,-1
461,902,329.17,71.94,27.87,10.24,1,-1,-1,-1
481,900,195.15,241.39,28.94,9.66,1,-1,-1,-1
481,902,329.00,71.95,27.49,10.37,1,-1,-1,-1
501,902,330.19,71.68,28.32,10.37,1,-1,-1,-1
521,905,191.41,241.62,29.76,8.70,1,-1,-1,-1
521,906,294.93,258.74,8.64,4.39,1,-1,-1,-1
521,902,331.34,71.74,28.32,10.33,1,-1,-1,-1
541,905,192.09,241.77,29.08,8.60,1,-1,-1,-1
541,906,344.36,260.46,8.63,4.05,1,-1,-1,-1
541,902,330.74,119.13,28.15,9.95,1,-1,-1,-1
561,905,193.09,241.60,29.62,9.08,1,-1,-1,-1
561,906,355.78,258.74,9.13,4.44,1,-1,-1,-1
561,902,329.17,159.44,29.24,11.38,1,-1,-1,-1
581,905,193.28,241.54,30.86,9.32,1,-1,-1,-1
581,906,336.91,256.46,9.13,4.13,1,-1,-1,-1
581,902,328.18,237.30,28.32,11.58,1,-1,-1,-1
601,905,192.34,241.36,29.12,9.20,1,-1,-1,-1
601,906,312.85,253.43,8.93,4.71,1,-1,-1,-1
601,902,312.85,253.43,8.93,4.71,1,-1,-1,-1
621,905,191.68,240.70,28.56,9.12,1,-1,-1,-1
621,906,303.92,245.50,9.03,4.07,1,-1,-1,-1
621,902,303.92,245.50,9.03,4.07,1,-1,-1,-1
641,905,193.57,240.84,28.84,8.81,1,-1,-1,-1
661,907,296.17,218.01,9.35,4.80,1,-1,-1,-1
661,905,194.47,240.58,29.12,9.12,1,-1,-1,-1
681,907,283.43,231.08,8.13,3.51,1,-1,-1,-1
681,905,194.60,240.92,28.93,8.89,1,-1,-1,-1
701,907,272.29,239.20,7.34,3.20,1,-1,-1,-1
701,905,195.37,241.05,27.99,8.64,1,-1,-1,-1
721,908,364.96,-0.22,16.64,5.45,1,-1,-1,-1
721,907,249.27,240.98,7.49,4.12,1,-1,-1,-1
721,905,195.58,241.09,29.63,8.75,1,-1,-1,-1
741,907,245.70,241.20,7.25,4.13,1,-1,-1,-1
741,905,193.74,241.61,33.25,7.92,1,-1,-1,-1
761,909,350.74,83.01,31.37,11.04,1,-1,-1,-1
761,907,251.54,241.62,7.96,3.21,1,-1,-1,-1
761,905,196.27,235.83,29.29,10.39,1,-1,-1,-1
781,909,354.26,142.46,31.41,15.15,1,-1,-1,-1
781,907,248.81,242.19,8.69,3.76,1,-1,-1,-1
781,905,196.64,234.92,27.16,11.67,1,-1,-1,-1
801,909,322.45,115.29,32.26,8.83,1,-1,-1,-1
801,907,247.84,270.76,6.69,3.27,1,-1,-1,-1
801,905,191.80,243.02,31.94,8.44,1,-1,-1,-1
821,909,310.12,157.48,27.28,9.43,1,-1,-1,-1
821,905,190.39,241.62,33.13,8.78,1,-1,-1,-1
841,909,305.07,238.84,28.46,9.38,1,-1,-1,-1
841,905,192.95,234.44,29.43,10.83,1,-1,-1,-1
861,909,310.08,233.72,29.14,10.07,1,-1,-1,-1
861,905,191.61,234.39,30.08,10.39,1,-1,-1,-1
881,909,316.66,127.66,25.11,11.95,1,-1,-1,-1
881,905,190.49,235.30,30.54,9.95,1,-1,-1,-1
901,909,316.44,66.47,25.29,9.01,1,-1,-1,-1
901,905,153.69,233.62,31.66,11.60,1,-1,-1,-1
921,909,309.45,137.01,26.01,10.33,1,-1,-1,-1
921,905,125.38,231.58,32.57,9.08,1,-1,-1,-1
941,909,292.13,238.34,25.30,11.41,1,-1,-1,-1
941,905,106.51,218.80,29.12,13.34,1,-1,-1,-1
961,909,276.36,267.84,21.95,9.55,1,-1,-1,-1
961,905,102.93,217.26,29.35,16.96,1,-1,-1,-1
981,909,286.50,214.27,25.93,9.35,1,-1,-1,-1
981,905,116.59,240.29,29.16,9.97,1,-1,-1,-1
1001,909,320.77,171.57,32.09,9.54,1,-1,-1,-1
1001,905,121.26,247.87,30.68,7.06,1,-1,-1,-1
1021,909,358.13,169.93,36.28,17.84,1,-1,-1,-1
1021,905,124.95,247.83,27.35,7.92,1,-1,-1,-1
1041,909,355.13,233.53,44.46,12.38,1,-1,-1,-1
1041,905,127.15,247.71,27.35,7.99,1,-1,-1,-1
1061,909,390.34,133.45,42.18,21.41,1,-1,-1,-1
1061,905,127.37,247.72,26.72,8.07,1,-1,-1,-1
1081,909,409.42,66.83,49.38,22.05,1,-1,-1,-1
1081,905,127.74,247.61,26.74,8.08,1,-1,-1,-1
1101,909,394.83,186.33,54.82,17.03,1,-1,-1,-1
1101,905,127.18,248.04,26.91,7.69,1,-1,-1,-1
1121,909,395.13,155.66,52.89,19.12,1,-1,-1,-1
1121,905,126.38,247.55,25.34,8.55,1,-1,-1,-1
1141,909,317.64,158.13,53.99,23.35,1,-1,-1,-1
1141,905,125.02,247.60,26.28,8.36,1,-1,-1,-1
1161,909,214.12,231.90,49.73,15.35,1,-1,-1,-1
1161,905,124.92,247.46,26.23,8.20,1,-1,-1,-1
1181,909,208.34,142.15,44.69,16.25,1,-1,-1,-1
1181,905,125.10,247.45,25.58,8.24,1,-1,-1,-1
1201,909,254.21,134.49,48.60,24.11,1,-1,-1,-1
1201,905,125.52,247.58,25.69,8.22,1,-1,-1,-1
1221,910,284.44,225.45,8.32,3.61,1,-1,-1,-1
1221,909,417.66,154.77,53.38,17.09,1,-1,-1,-1
1221,905,125.44,247.40,26.07,8.18,1,-1,-1,-1
1241,910,231.29,224.47,9.15,3.59,1,-1,-1,-1
1241,909,458.16,160.43,49.79,16.58,1,-1,-1,-1
1241,905,125.58,247.44,25.76,8.16,1,-1,-1,-1
1261,910,186.38,222.20,8.65,5.23,1,-1,-1,-1
1261,909,321.50,150.51,49.86,17.65,1,-1,-1,-1
1261,905,122.95,247.63,26.86,8.12,1,-1,-1,-1
1281,910,167.86,226.68,8.14,4.71,1,-1,-1,-1
1281,909,215.45,140.88,41.67,21.68,1,-1,-1,-1
1281,905,123.98,247.76,25.60,8.05,1,-1,-1,-1
1301,910,173.58,232.81,8.21,4.63,1,-1,-1,-1
1301,909,261.30,147.59,45.09,13.60,1,-1,-1,-1
1301,905,124.26,247.65,25.37,7.98,1,-1,-1,-1
1321,910,191.57,236.96,6.98,3.65,1,-1,-1,-1
1321,909,286.93,150.30,44.44,13.04,1,-1,-1,-1
1321,905,125.28,247.56,25.69,7.91,1,-1,-1,-1
1341,910,194.41,236.77,7.40,3.66,1,-1,-1,-1
1341,909,283.72,150.57,42.84,13.20,1,-1,-1,-1
1341,905,124.30,247.70,27.87,8.34,1,-1,-1,-1
1361,910,204.92,236.74,7.86,4.00,1,-1,-1,-1
1361,909,208.70,144.47,46.64,17.39,1,-1,-1,-1
1361,905,124.35,247.74,26.42,8.32,1,-1,-1,-1
1381,910,236.73,238.26,8.23,4.12,1,-1,-1,-1
1381,909,92.85,134.84,42.61,21.99,1,-1,-1,-1
1381,905,148.61,246.88,27.23,12.24,1,-1,-1,-1
1401,910,272.56,239.74,7.82,3.45,1,-1,-1,-1
1401,909,128.74,137.58,44.60,22.00,1,-1,-1,-1
1401,905,235.36,250.31,28.06,11.35,1,-1,-1,-1
1421,910,298.75,235.72,7.72,3.60,1,-1,-1,-1
1421,909,292.87,156.35,49.55,11.07,1,-1,-1,-1
1421,905,369.66,254.89,33.78,8.35,1,-1,-1,-1
1441,910,321.25,225.58,8.60,4.03,1,-1,-1,-1
1441,909,397.68,160.50,46.12,15.46,1,-1,-1,-1
1441,905,457.42,257.34,32.31,10.25,1,-1,-1,-1
1461,910,325.30,212.95,8.84,5.04,1,-1,-1,-1
1461,909,344.45,154.46,43.48,17.27,1,-1,-1,-1
1461,905,459.00,257.48,30.55,9.26,1,-1,-1,-1
1481,910,312.89,208.56,9.58,5.10,1,-1,-1,-1
1481,909,317.64,153.57,42.32,13.57,1,-1,-1,-1
1481,905,395.16,255.67,32.13,9.71,1,-1,-1,-1
1501,910,311.19,209.90,8.18,3.56,1,-1,-1,-1
1501,909,333.80,152.18,44.51,20.12,1,-1,-1,-1
1501,905,277.52,251.77,29.77,10.28,1,-1,-1,-1
1521,910,309.54,239.60,8.97,4.30,1,-1,-1,-1
1521,909,410.80,158.34,47.66,16.40,1,-1,-1,-1
1521,905,202.65,249.05,25.12,12.11,1,-1,-1,-1
1541,909,337.13,154.16,47.44,17.01,1,-1,-1,-1
1541,905,215.98,249.66,27.49,11.88,1,-1,-1,-1
1561,909,271.36,148.21,38.70,21.39,1,-1,-1,-1
1561,905,295.02,249.95,30.92,9.30,1,-1,-1,-1
1621,911,206.54,273.24,7.73,3.79,1,-1,-1,-1
1621,912,565.74,172.76,45.44,13.83,1,-1,-1,-1
1621,913,332.83,129.84,28.03,10.86,1,-1,-1,-1
1641,911,196.00,273.45,9.14,4.48,1,-1,-1,-1
1641,912,514.35,164.50,41.75,16.39,1,-1,-1,-1
1641,913,314.74,142.25,28.66,9.91,1,-1,-1,-1
1661,912,496.96,161.15,43.76,12.88,1,-1,-1,-1
1661,913,258.77,139.73,28.30,11.29,1,-1,-1,-1
1681,911,196.92,256.55,7.71,4.12,1,-1,-1,-1
1681,912,495.25,162.71,42.61,12.39,1,-1,-1,-1
1681,913,185.59,137.28,27.01,13.70,1,-1,-1,-1
1701,911,199.19,226.80,7.76,3.77,1,-1,-1,-1
1701,912,494.48,164.93,41.79,11.90,1,-1,-1,-1
1701,913,186.55,138.54,27.41,14.20,1,-1,-1,-1
1721,911,212.76,209.97,7.29,3.78,1,-1,-1,-1
1721,912,499.78,162.49,40.65,20.03,1,-1,-1,-1
1721,913,224.15,170.75,27.28,11.14,1,-1,-1,-1
1741,911,221.07,205.71,7.57,4.85,1,-1,-1,-1
1741,912,574.96,171.45,45.52,13.21,1,-1,-1,-1
1741,913,222.58,220.07,27.75,8.88,1,-1,-1,-1
1761,911,220.24,210.42,7.43,3.72,1,-1,-1,-1
1761,912,573.78,169.09,44.84,13.80,1,-1,-1,-1
1761,913,225.22,138.83,24.23,51.27,1,-1,-1,-1
1781,911,218.34,214.21,7.18,3.60,1,-1,-1,-1
1781,912,437.17,156.20,45.75,14.94,1,-1,-1,-1
1781,913,226.57,78.43,25.66,10.71,1,-1,-1,-1
1801,911,216.97,214.98,7.74,3.51,1,-1,-1,-1
1801,912,263.31,112.49,41.67,22.13,1,-1,-1,-1
1801,913,225.67,130.89,25.69,10.40,1,-1,-1,-1
1821,911,215.75,215.40,7.70,3.33,1,-1,-1,-1
1821,912,216.33,157.31,35.20,41.62,1,-1,-1,-1
1821,913,216.33,157.31,35.20,41.62,1,-1,-1,-1
1841,911,215.31,212.46,8.05,4.79,1,-1,-1,-1
1841,912,224.99,150.91,67.64,29.71,1,-1,-1,-1
1841,913,224.99,150.89,67.65,29.73,1,-1,-1,-1
1861,911,216.65,204.48,8.65,5.24,1,-1,-1,-1
1881,911,215.69,203.04,8.42,4.20,1,-1,-1,-1
1901,914,229.76,94.29,25.16,11.51,1,-1,-1,-1
1901,911,218.31,193.61,8.90,4.78,1,-1,-1,-1
1921,915,101.31,157.37,39.90,19.88,1,-1,-1,-1
1921,914,223.06,178.02,28.29,14.44,1,-1,-1,-1
1921,911,222.53,188.84,8.77,4.27,1,-1,-1,-1
1941,915,149.62,161.05,41.02,20.21,1,-1,-1,-1
1941,914,224.17,178.85,29.47,13.71,1,-1,-1,-1
1941,911,224.17,178.85,29.47,13.71,1,-1,-1,-1
1961,914,291.97,192.50,9.68,3.62,1,-1,-1,-1
1961,911,291.97,192.50,9.68,3.62,1,-1,-1,-1
2001,916,517.12,160.88,39.75,18.05,1,-1,-1,-1
2001,917,327.22,204.53,7.93,3.61,1,-1,-1,-1
2001,918,236.39,30.43,24.18,11.89,1,-1,-1,-1
2021,916,429.96,205.36,39.40,9.90,1,-1,-1,-1
2021,917,324.93,249.82,8.51,4.42,1,-1,-1,-1
2021,918,232.29,113.99,25.17,11.29,1,-1,-1,-1
2041,916,331.22,237.94,30.92,11.69,1,-1,-1,-1
2041,917,325.09,287.56,9.04,4.87,1,-1,-1,-1
2041,918,241.95,124.14,26.79,13.29,1,-1,-1,-1
