1,842,220.23,333.38,14.03,4.38,1,-1,-1,-1
1,843,449.34,269.15,26.71,7.55,1,-1,-1,-1
21,842,220.26,333.39,14.20,4.30,1,-1,-1,-1
21,843,448.25,271.09,26.14,8.01,1,-1,-1,-1
41,842,220.49,327.52,14.51,4.65,1,-1,-1,-1
41,843,448.20,269.54,26.56,7.19,1,-1,-1,-1
61,842,222.48,298.08,13.71,3.74,1,-1,-1,-1
61,843,449.13,227.34,25.24,8.57,1,-1,-1,-1
81,842,222.26,297.77,14.09,4.33,1,-1,-1,-1
81,843,437.68,223.14,25.91,11.47,1,-1,-1,-1
101,842,217.82,306.10,13.00,4.65,1,-1,-1,-1
101,843,380.30,244.06,25.15,12.43,1,-1,-1,-1
121,842,209.49,337.40,11.59,3.56,1,-1,-1,-1
121,843,365.35,302.13,24.64,7.26,1,-1,-1,-1
141,842,201.93,356.17,8.67,3.47,1,-1,-1,-1
141,843,367.43,338.88,24.84,7.36,1,-1,-1,-1
161,843,368.73,346.30,28.01,7.86,1,-1,-1,-1
181,843,400.24,340.56,27.18,7.53,1,-1,-1,-1
201,842,154.81,302.92,10.40,4.12,1,-1,-1,-1
201,843,427.39,293.37,23.46,7.72,1,-1,-1,-1
221,842,188.66,304.52,15.00,5.68,1,-1,-1,-1
221,843,431.02,265.71,25.43,8.00,1,-1,-1,-1
241,842,231.87,308.15,10.70,3.79,1,-1,-1,-1
241,843,406.69,264.50,27.43,7.71,1,-1,-1,-1
261,842,242.39,307.50,11.00,3.54,1,-1,-1,-1
261,843,371.73,309.20,24.92,7.92,1,-1,-1,-1
281,842,247.19,305.48,11.45,3.30,1,-1,-1,-1
281,843,364.33,344.79,26.74,7.45,1,-1,-1,-1
301,842,253.86,327.20,8.07,2.97,1,-1,-1,-1
301,843,367.04,359.33,28.49,6.68,1,-1,-1,-1
321,842,252.03,349.55,10.44,3.54,1,-1,-1,-1
321,843,380.91,359.39,29.27,7.80,1,-1,-1,-1
341,842,263.43,351.98,10.52,3.56,1,-1,-1,-1
341,843,391.55,346.48,24.11,8.73,1,-1,-1,-1
361,842,293.14,353.32,12.08,3.65,1,-1,-1,-1
361,843,393.89,306.93,24.00,7.20,1,-1,-1,-1
381,842,325.63,355.09,13.86,4.58,1,-1,-1,-1
381,843,395.20,271.50,25.20,7.26,1,-1,-1,-1
401,842,355.79,357.22,12.12,4.22,1,-1,-1,-1
401,843,396.15,241.70,26.65,7.28,1,-1,-1,-1
421,842,364.31,368.62,8.72,3.66,1,-1,-1,-1
421,843,378.92,238.16,28.91,9.07,1,-1,-1,-1
441,842,371.24,369.42,10.67,4.22,1,-1,-1,-1
441,843,324.92,243.63,24.44,10.87,1,-1,-1,-1
461,842,387.43,369.34,10.08,3.77,1,-1,-1,-1
461,843,310.87,301.00,23.58,8.13,1,-1,-1,-1
481,842,390.58,368.55,9.53,3.43,1,-1,-1,-1
481,843,309.67,338.30,23.17,6.78,1,-1,-1,-1
501,842,389.46,367.66,10.42,3.67,1,-1,-1,-1
521,842,390.78,357.59,9.59,3.79,1,-1,-1,-1
521,843,315.94,366.50,28.66,7.75,1,-1,-1,-1
541,842,392.89,334.83,9.16,3.23,1,-1,-1,-1
541,843,392.89,334.83,9.16,3.23,1,-1,-1,-1
561,842,393.01,308.54,10.53,4.06,1,-1,-1,-1
561,843,393.01,308.54,10.53,4.06,1,-1,-1,-1
601,844,366.95,277.55,11.12,3.19,1,-1,-1,-1
601,845,268.16,104.51,22.88,15.68,1,-1,-1,-1
621,844,345.81,302.57,9.02,3.35,1,-1,-1,-1
621,845,248.18,167.57,24.38,10.50,1,-1,-1,-1
641,844,346.12,335.46,10.44,3.44,1,-1,-1,-1
641,845,249.75,229.48,23.71,9.30,1,-1,-1,-1
661,844,344.89,356.57,13.24,3.87,1,-1,-1,-1
661,845,246.96,288.04,22.30,6.78,1,-1,-1,-1
681,844,338.33,358.87,10.94,3.83,1,-1,-1,-1
681,845,240.87,328.60,24.60,7.93,1,-1,-1,-1
701,844,325.03,358.53,12.24,4.23,1,-1,-1,-1
701,845,246.32,343.40,26.14,7.55,1,-1,-1,-1
721,844,320.48,358.42,12.82,4.19,1,-1,-1,-1
721,845,276.86,324.86,25.62,8.35,1,-1,-1,-1
741,844,288.15,357.13,11.10,3.72,1,-1,-1,-1
741,845,289.85,252.69,24.88,9.02,1,-1,-1,-1
761,844,247.44,348.48,10.97,4.68,1,-1,-1,-1
761,845,259.74,247.87,26.69,7.37,1,-1,-1,-1
781,844,242.48,321.50,11.53,3.93,1,-1,-1,-1
781,845,219.40,294.78,22.40,7.81,1,-1,-1,-1
921,846,156.68,181.70,25.34,14.55,1,-1,-1,-1
921,847,149.76,335.05,11.79,5.76,1,-1,-1,-1
941,846,143.15,256.06,23.12,8.93,1,-1,-1,-1
941,847,185.21,339.32,11.65,4.38,1,-1,-1,-1
961,846,142.58,306.50,24.85,8.83,1,-1,-1,-1
961,847,247.90,342.66,12.01,3.24,1,-1,-1,-1
981,846,145.19,324.71,25.53,9.47,1,-1,-1,-1
981,847,293.94,337.21,11.07,4.42,1,-1,-1,-1
1001,846,178.26,310.46,25.27,10.20,1,-1,-1,-1
1001,847,297.38,288.16,12.50,4.32,1,-1,-1,-1
1021,846,201.17,193.32,24.56,11.62,1,-1,-1,-1
1021,847,301.53,273.82,12.39,4.75,1,-1,-1,-1
1041,846,183.73,152.41,24.20,12.40,1,-1,-1,-1
1041,847,320.48,261.68,12.89,4.74,1,-1,-1,-1
1061,846,101.66,188.57,28.17,9.91,1,-1,-1,-1
1061,847,349.60,253.67,16.77,8.05,1,-1,-1,-1
1081,846,29.02,244.10,25.12,8.69,1,-1,-1,-1
1081,847,364.96,298.72,15.23,4.29,1,-1,-1,-1
1101,847,365.41,320.28,16.80,4.61,1,-1,-1,-1
1121,847,365.35,321.19,16.68,4.43,1,-1,-1,-1
1141,847,367.02,321.97,17.36,4.77,1,-1,-1,-1
1161,847,365.92,321.97,16.76,5.86,1,-1,-1,-1
1181,847,339.60,323.14,16.68,4.69,1,-1,-1,-1
1201,847,339.98,323.84,17.25,4.81,1,-1,-1,-1
1221,848,20.70,316.82,11.22,6.29,1,-1,-1,-1
1221,847,368.35,324.13,18.30,5.24,1,-1,-1,-1
1241,847,375.41,324.48,16.05,4.31,1,-1,-1,-1
1261,848,60.81,272.62,29.26,11.81,1,-1,-1,-1
1261,847,374.33,324.86,17.22,4.55,1,-1,-1,-1
1281,848,83.58,239.23,26.75,9.58,1,-1,-1,-1
1281,847,374.28,325.27,16.59,4.66,1,-1,-1,-1
1301,848,93.16,267.45,25.61,7.45,1,-1,-1,-1
1301,847,367.45,327.97,15.87,4.16,1,-1,-1,-1
1321,848,89.00,306.43,28.75,8.59,1,-1,-1,-1
1321,847,358.01,330.61,15.02,3.92,1,-1,-1,-1
1341,848,94.01,233.52,25.64,11.67,1,-1,-1,-1
1341,847,349.36,334.03,13.84,3.67,1,-1,-1,-1
1361,848,105.53,129.53,27.49,16.81,1,-1,-1,-1
1361,847,343.53,337.23,14.62,4.69,1,-1,-1,-1
1381,848,124.09,132.98,26.56,11.01,1,-1,-1,-1
1381,847,344.18,337.65,13.11,4.61,1,-1,-1,-1
1401,848,138.80,143.52,27.34,11.60,1,-1,-1,-1
1401,847,324.81,335.87,15.43,5.52,1,-1,-1,-1
1421,848,142.94,210.46,29.53,11.21,1,-1,-1,-1
1421,847,320.55,336.15,14.96,4.70,1,-1,-1,-1
1441,848,140.34,278.04,27.19,7.80,1,-1,-1,-1
1441,847,322.21,336.49,13.74,4.68,1,-1,-1,-1
1461,848,134.78,320.99,27.44,9.36,1,-1,-1,-1
1461,847,318.20,338.50,14.28,4.62,1,-1,-1,-1
1481,848,134.18,336.72,28.39,9.16,1,-1,-1,-1
1481,847,313.00,340.57,13.23,5.10,1,-1,-1,-1
1501,848,170.02,310.38,29.58,11.58,1,-1,-1,-1
1501,847,290.28,341.49,10.84,3.47,1,-1,-1,-1
1521,848,195.83,205.48,30.44,13.38,1,-1,-1,-1
1521,847,266.18,340.82,11.96,4.14,1,-1,-1,-1
1541,848,212.64,232.57,30.15,10.15,1,-1,-1,-1
1541,847,215.91,337.72,10.69,4.12,1,-1,-1,-1
1561,848,214.46,294.32,26.94,7.44,1,-1,-1,-1
1561,847,160.67,335.66,9.94,4.59,1,-1,-1,-1
1581,848,213.95,302.87,27.01,8.32,1,-1,-1,-1
1581,847,150.48,351.49,11.33,5.02,1,-1,-1,-1
1601,848,232.61,231.54,27.93,12.11,1,-1,-1,-1
1601,847,154.74,355.63,10.62,5.14,1,-1,-1,-1
1621,848,256.90,248.41,28.09,8.26,1,-1,-1,-1
1621,847,190.51,359.27,10.79,3.59,1,-1,-1,-1
1641,848,265.00,304.62,26.85,7.42,1,-1,-1,-1
1641,847,232.52,361.59,11.30,3.88,1,-1,-1,-1
1661,848,262.25,335.97,27.69,7.38,1,-1,-1,-1
1661,847,245.17,356.35,12.29,4.20,1,-1,-1,-1
1681,848,248.63,319.32,57.45,8.61,1,-1,-1,-1
1681,847,248.61,328.09,10.16,3.80,1,-1,-1,-1
1701,848,249.24,303.67,11.32,3.57,1,-1,-1,-1
1701,847,249.24,303.67,11.32,3.57,1,-1,-1,-1
1741,848,245.32,291.08,10.79,3.76,1,-1,-1,-1
1741,847,245.32,291.08,10.79,3.76,1,-1,-1,-1
1781,848,187.00,316.94,11.42,4.40,1,-1,-1,-1
1781,847,187.00,316.94,11.42,4.40,1,-1,-1,-1
1801,848,189.43,342.02,9.57,3.68,1,-1,-1,-1
1801,847,189.43,342.02,9.57,3.68,1,-1,-1,-1
1841,849,187.60,346.55,12.32,3.87,1,-1,-1,-1
1841,850,344.13,181.12,25.53,11.22,1,-1,-1,-1
1861,849,181.60,346.12,12.16,3.83,1,-1,-1,-1
1861,850,308.85,166.36,28.01,11.20,1,-1,-1,-1
1881,849,161.46,345.64,15.95,4.61,1,-1,-1,-1
1881,850,274.69,225.44,30.86,12.07,1,-1,-1,-1
1901,849,150.34,338.87,9.02,3.79,1,-1,-1,-1
1901,850,272.45,289.90,27.15,7.26,1,-1,-1,-1
1921,849,149.56,312.57,11.57,4.07,1,-1,-1,-1
1921,850,268.99,311.71,27.48,7.22,1,-1,-1,-1
1941,849,145.03,304.78,11.41,4.06,1,-1,-1,-1
1941,850,253.66,252.03,28.95,11.30,1,-1,-1,-1
1961,849,109.48,302.75,10.83,4.05,1,-1,-1,-1
1961,850,244.14,189.30,31.77,10.41,1,-1,-1,-1
1981,849,86.49,323.86,9.96,4.87,1,-1,-1,-1
1981,850,230.11,216.79,34.31,9.87,1,-1,-1,-1
2001,849,86.36,344.24,8.87,3.92,1,-1,-1,-1
2001,850,196.99,224.88,31.29,11.91,1,-1,-1,-1
2021,849,87.29,354.06,7.73,4.25,1,-1,-1,-1
2021,850,168.13,285.51,30.40,9.96,1,-1,-1,-1
2041,849,109.67,356.53,9.37,3.46,1,-1,-1,-1
2041,850,146.27,297.12,30.95,7.88,1,-1,-1,-1
2061,849,161.78,359.56,10.83,4.05,1,-1,-1,-1
2061,850,109.59,216.27,29.17,15.32,1,-1,-1,-1
2081,849,225.13,363.71,12.73,3.90,1,-1,-1,-1
2081,850,54.90,199.64,34.42,16.77,1,-1,-1,-1
2101,849,265.76,347.48,10.60,3.57,1,-1,-1,-1
2101,850,18.12,265.04,28.39,13.10,1,-1,-1,-1
2121,849,269.20,308.12,10.58,3.35,1,-1,-1,-1
