1,32,180.84,236.36,25.14,10.75,1,-1,-1,-1
1,33,235.96,206.90,6.83,3.15,1,-1,-1,-1
1,34,442.05,276.17,9.16,3.51,1,-1,-1,-1
21,32,207.56,236.69,25.59,10.37,1,-1,-1,-1
21,33,236.14,206.77,7.39,3.13,1,-1,-1,-1
21,34,442.16,276.46,8.71,3.60,1,-1,-1,-1
41,32,217.99,258.44,23.38,10.37,1,-1,-1,-1
41,33,237.02,206.82,6.80,2.81,1,-1,-1,-1
41,34,442.27,276.66,8.53,3.56,1,-1,-1,-1
61,32,214.74,301.95,23.32,9.33,1,-1,-1,-1
61,33,237.47,206.84,7.20,3.00,1,-1,-1,-1
61,34,442.22,276.74,8.48,3.62,1,-1,-1,-1
81,32,215.03,353.92,24.05,7.70,1,-1,-1,-1
81,33,237.62,206.79,7.16,3.02,1,-1,-1,-1
81,34,442.24,276.58,8.59,3.76,1,-1,-1,-1
101,32,212.25,355.23,24.09,7.82,1,-1,-1,-1
101,33,240.10,206.76,7.21,3.04,1,-1,-1,-1
101,34,442.23,276.53,8.70,3.75,1,-1,-1,-1
121,32,190.54,357.00,24.00,8.42,1,-1,-1,-1
121,33,246.76,206.22,7.51,3.11,1,-1,-1,-1
121,34,441.66,276.38,9.01,3.67,1,-1,-1,-1
141,32,182.38,375.03,23.88,7.38,1,-1,-1,-1
141,33,255.11,205.85,7.32,3.37,1,-1,-1,-1
141,34,441.58,276.23,9.03,3.64,1,-1,-1,-1
161,32,181.39,374.01,23.69,6.79,1,-1,-1,-1
161,33,263.42,205.53,6.79,3.17,1,-1,-1,-1
161,34,441.49,276.12,8.84,3.51,1,-1,-1,-1
181,32,176.84,368.22,24.73,7.54,1,-1,-1,-1
181,33,270.05,204.96,6.87,3.32,1,-1,-1,-1
181,34,441.26,275.69,8.32,3.43,1,-1,-1,-1
201,32,171.90,361.85,26.66,8.86,1,-1,-1,-1
201,33,273.07,204.60,6.62,3.68,1,-1,-1,-1
201,34,440.95,275.53,8.50,3.43,1,-1,-1,-1
221,32,165.38,353.31,27.89,8.83,1,-1,-1,-1
221,33,273.26,204.45,6.98,3.55,1,-1,-1,-1
221,34,440.11,275.59,9.14,4.01,1,-1,-1,-1
241,32,139.53,343.54,27.97,9.82,1,-1,-1,-1
241,33,275.23,204.21,6.80,3.48,1,-1,-1,-1
241,34,438.13,278.61,9.08,3.25,1,-1,-1,-1
261,32,85.80,332.48,33.44,10.74,1,-1,-1,-1
261,33,277.26,204.54,6.97,3.36,1,-1,-1,-1
261,34,437.37,279.71,8.63,3.56,1,-1,-1,-1
281,32,26.10,348.07,32.65,10.66,1,-1,-1,-1
281,33,279.72,204.61,6.46,3.50,1,-1,-1,-1
281,34,435.68,279.88,8.22,3.60,1,-1,-1,-1
301,33,281.25,205.24,6.92,3.16,1,-1,-1,-1
301,34,416.56,279.39,9.27,3.34,1,-1,-1,-1
321,33,283.25,205.22,7.25,3.20,1,-1,-1,-1
321,34,403.00,283.20,9.93,3.73,1,-1,-1,-1
341,33,286.24,205.26,6.95,3.01,1,-1,-1,-1
341,34,402.17,285.92,9.33,3.96,1,-1,-1,-1
361,35,6.99,329.24,39.61,12.03,1,-1,-1,-1
361,33,290.02,205.52,6.17,3.00,1,-1,-1,-1
361,34,410.16,277.63,9.71,3.37,1,-1,-1,-1
381,35,50.97,315.53,44.50,14.73,1,-1,-1,-1
381,33,293.34,205.55,6.73,3.25,1,-1,-1,-1
381,34,422.65,265.13,9.91,4.36,1,-1,-1,-1
401,35,85.99,292.63,47.91,17.09,1,-1,-1,-1
401,33,296.61,206.31,7.10,3.00,1,-1,-1,-1
401,34,428.76,259.47,9.73,4.01,1,-1,-1,-1
421,35,111.76,256.67,55.34,20.41,1,-1,-1,-1
421,33,300.80,206.58,6.85,3.45,1,-1,-1,-1
421,34,416.77,258.52,10.05,4.22,1,-1,-1,-1
441,35,131.22,203.44,59.77,31.80,1,-1,-1,-1
441,33,304.82,207.23,7.05,2.93,1,-1,-1,-1
441,34,371.66,257.08,10.39,4.23,1,-1,-1,-1
461,35,216.99,173.79,89.38,37.42,1,-1,-1,-1
461,33,309.31,207.90,7.18,3.22,1,-1,-1,-1
461,34,329.60,255.36,10.47,4.39,1,-1,-1,-1
481,35,408.30,159.00,80.31,34.05,1,-1,-1,-1
481,33,313.57,208.82,7.01,3.06,1,-1,-1,-1
481,34,317.26,255.11,9.81,4.18,1,-1,-1,-1
501,35,547.89,150.26,71.99,31.15,1,-1,-1,-1
501,33,316.99,209.57,7.41,2.94,1,-1,-1,-1
501,34,298.00,254.63,9.10,4.01,1,-1,-1,-1
521,35,593.10,126.66,45.92,34.93,1,-1,-1,-1
521,33,321.97,210.22,6.92,3.11,1,-1,-1,-1
521,34,245.16,252.69,11.34,4.51,1,-1,-1,-1
541,35,556.84,188.26,62.83,30.25,1,-1,-1,-1
541,33,326.30,210.34,6.91,3.10,1,-1,-1,-1
541,34,178.56,250.34,10.29,4.58,1,-1,-1,-1
561,35,493.88,267.22,45.17,17.36,1,-1,-1,-1
561,33,331.33,210.58,6.89,2.99,1,-1,-1,-1
561,34,148.73,260.83,10.32,4.28,1,-1,-1,-1
581,35,442.67,313.41,44.22,10.15,1,-1,-1,-1
581,33,337.38,210.60,6.49,3.32,1,-1,-1,-1
581,34,145.81,253.45,10.79,4.76,1,-1,-1,-1
601,35,436.91,327.94,35.38,11.24,1,-1,-1,-1
601,33,341.29,210.39,7.34,3.11,1,-1,-1,-1
601,34,147.32,240.12,11.31,4.71,1,-1,-1,-1
621,35,474.05,336.34,36.32,10.43,1,-1,-1,-1
621,33,345.67,210.67,6.95,3.11,1,-1,-1,-1
621,34,148.15,225.34,11.55,6.28,1,-1,-1,-1
641,35,530.30,323.52,33.63,11.15,1,-1,-1,-1
641,33,350.56,210.84,7.39,3.43,1,-1,-1,-1
641,34,148.02,220.99,11.64,5.57,1,-1,-1,-1
661,35,561.99,294.72,31.19,11.81,1,-1,-1,-1
661,33,355.81,210.22,6.95,3.29,1,-1,-1,-1
661,34,147.95,217.75,11.65,4.20,1,-1,-1,-1
681,35,562.16,298.04,30.47,13.51,1,-1,-1,-1
681,33,360.98,210.83,6.98,3.13,1,-1,-1,-1
681,34,148.23,200.73,11.56,4.11,1,-1,-1,-1
701,35,519.76,310.34,27.77,10.73,1,-1,-1,-1
701,33,366.19,211.17,6.99,3.16,1,-1,-1,-1
701,34,149.53,184.67,12.37,6.03,1,-1,-1,-1
721,35,464.27,325.60,25.74,10.37,1,-1,-1,-1
721,33,370.98,211.88,7.35,3.16,1,-1,-1,-1
721,34,149.70,182.78,12.71,5.55,1,-1,-1,-1
741,35,416.07,334.09,27.21,16.88,1,-1,-1,-1
741,33,376.21,212.73,6.78,3.11,1,-1,-1,-1
741,34,149.99,182.38,12.81,5.34,1,-1,-1,-1
761,35,384.61,358.02,23.80,7.78,1,-1,-1,-1
761,33,381.22,212.58,7.13,3.93,1,-1,-1,-1
761,34,148.26,181.32,13.02,5.55,1,-1,-1,-1
781,35,362.19,371.29,20.27,7.01,1,-1,-1,-1
781,33,386.21,213.58,8.98,3.55,1,-1,-1,-1
781,34,148.62,181.49,12.98,5.55,1,-1,-1,-1
801,35,343.17,382.69,17.65,6.17,1,-1,-1,-1
801,33,393.10,214.48,7.71,2.99,1,-1,-1,-1
801,34,154.66,181.39,12.94,5.79,1,-1,-1,-1
821,35,330.33,389.43,17.00,5.21,1,-1,-1,-1
821,33,399.51,214.29,7.74,3.20,1,-1,-1,-1
821,34,158.31,181.68,13.37,6.01,1,-1,-1,-1
841,35,328.24,374.58,16.83,5.72,1,-1,-1,-1
841,33,406.45,214.49,7.31,2.95,1,-1,-1,-1
841,34,157.16,182.66,12.88,5.57,1,-1,-1,-1
861,35,329.08,357.38,16.97,6.49,1,-1,-1,-1
861,33,412.73,214.25,7.41,3.13,1,-1,-1,-1
861,34,157.23,182.52,13.72,5.67,1,-1,-1,-1
881,35,324.47,340.76,18.85,6.64,1,-1,-1,-1
881,33,419.44,213.61,7.54,3.50,1,-1,-1,-1
881,34,159.45,183.27,13.30,5.29,1,-1,-1,-1
901,35,317.74,333.48,19.22,6.58,1,-1,-1,-1
901,33,425.29,213.14,8.33,3.04,1,-1,-1,-1
901,34,163.97,183.70,13.39,5.21,1,-1,-1,-1
921,35,308.26,301.89,19.65,7.22,1,-1,-1,-1
921,33,433.18,212.65,7.33,3.19,1,-1,-1,-1
921,34,170.33,184.37,12.70,4.98,1,-1,-1,-1
941,35,302.89,297.65,17.78,7.34,1,-1,-1,-1
941,33,439.84,212.42,7.32,3.17,1,-1,-1,-1
941,34,176.00,184.76,12.79,5.48,1,-1,-1,-1
961,35,311.68,298.29,19.22,7.89,1,-1,-1,-1
961,33,446.78,212.23,7.77,3.22,1,-1,-1,-1
961,34,182.18,185.07,13.25,5.33,1,-1,-1,-1
981,35,347.89,299.99,18.14,6.97,1,-1,-1,-1
981,33,454.82,212.32,6.77,3.18,1,-1,-1,-1
981,34,188.32,185.51,13.34,5.22,1,-1,-1,-1
1001,35,385.72,301.31,19.42,6.39,1,-1,-1,-1
1001,33,463.40,212.77,6.18,3.07,1,-1,-1,-1
1001,34,194.13,185.83,12.53,5.28,1,-1,-1,-1
1021,35,423.61,302.66,18.49,6.31,1,-1,-1,-1
1021,33,471.40,212.67,6.64,2.76,1,-1,-1,-1
1021,34,199.27,187.32,12.80,5.03,1,-1,-1,-1
1041,35,459.31,303.06,18.35,6.22,1,-1,-1,-1
1041,33,478.96,212.18,6.52,2.93,1,-1,-1,-1
1041,34,202.90,188.25,12.78,5.46,1,-1,-1,-1
1061,35,496.24,303.33,18.25,6.26,1,-1,-1,-1
1061,33,485.47,211.89,7.07,3.17,1,-1,-1,-1
1061,34,207.03,190.06,12.53,5.29,1,-1,-1,-1
1081,35,524.01,326.77,17.72,7.19,1,-1,-1,-1
1081,33,492.94,212.18,6.35,2.99,1,-1,-1,-1
1081,34,210.58,191.79,12.68,4.90,1,-1,-1,-1
1101,35,526.75,334.68,18.24,5.79,1,-1,-1,-1
1101,33,498.08,212.21,6.59,3.05,1,-1,-1,-1
1101,34,213.80,193.01,12.88,4.88,1,-1,-1,-1
1121,35,530.36,331.06,18.68,6.22,1,-1,-1,-1
1121,33,504.33,212.18,6.42,3.13,1,-1,-1,-1
1121,34,217.99,193.79,12.73,4.80,1,-1,-1,-1
1141,35,538.59,325.26,19.21,6.58,1,-1,-1,-1
1141,33,509.53,212.95,6.28,3.21,1,-1,-1,-1
1141,34,221.01,194.34,13.05,4.91,1,-1,-1,-1
1161,35,549.70,322.37,20.59,7.14,1,-1,-1,-1
1161,33,514.05,213.38,6.33,3.06,1,-1,-1,-1
1161,34,224.57,194.71,13.19,5.17,1,-1,-1,-1
1181,35,561.92,325.08,21.19,7.50,1,-1,-1,-1
1181,33,518.24,213.66,6.59,3.03,1,-1,-1,-1
1181,34,227.99,194.72,12.73,4.98,1,-1,-1,-1
1201,35,574.14,328.84,20.74,7.60,1,-1,-1,-1
1201,33,522.33,213.80,6.47,3.24,1,-1,-1,-1
1201,34,231.19,192.27,12.84,5.01,1,-1,-1,-1
1221,35,582.27,341.09,21.24,7.24,1,-1,-1,-1
1221,33,523.71,207.36,6.42,3.13,1,-1,-1,-1
1221,34,234.91,178.67,12.63,5.98,1,-1,-1,-1
1241,35,587.52,337.29,20.03,7.31,1,-1,-1,-1
1241,33,522.15,198.62,6.51,3.44,1,-1,-1,-1
1241,34,238.65,213.47,12.92,4.84,1,-1,-1,-1
1261,35,589.89,333.64,22.86,7.84,1,-1,-1,-1
1261,33,521.34,192.28,6.07,3.41,1,-1,-1,-1
1261,34,241.82,207.58,13.00,5.04,1,-1,-1,-1
1281,35,586.75,332.13,23.21,8.54,1,-1,-1,-1
1281,33,520.70,188.52,6.07,3.36,1,-1,-1,-1
1281,34,245.76,171.37,13.39,6.48,1,-1,-1,-1
1301,35,575.49,329.15,22.59,8.10,1,-1,-1,-1
1301,33,520.78,187.67,5.88,3.26,1,-1,-1,-1
1301,34,250.13,198.71,12.77,5.75,1,-1,-1,-1
1321,35,554.43,324.84,23.53,8.18,1,-1,-1,-1
1321,33,519.78,188.01,6.72,3.16,1,-1,-1,-1
1321,34,254.11,243.18,12.95,4.15,1,-1,-1,-1
1341,35,529.04,318.42,22.61,8.68,1,-1,-1,-1
1341,33,519.65,188.16,6.59,3.11,1,-1,-1,-1
1341,34,258.60,245.67,12.82,4.39,1,-1,-1,-1
1361,35,501.51,307.92,24.02,8.71,1,-1,-1,-1
1361,33,518.58,188.32,6.58,3.12,1,-1,-1,-1
1361,34,263.36,245.72,12.22,4.26,1,-1,-1,-1
1381,35,475.98,292.59,25.75,10.10,1,-1,-1,-1
1381,33,515.87,188.51,6.96,3.59,1,-1,-1,-1
1381,34,268.25,244.02,12.49,4.44,1,-1,-1,-1
1401,35,453.05,287.63,27.39,10.78,1,-1,-1,-1
1401,33,511.93,189.52,6.32,3.32,1,-1,-1,-1
1401,34,273.65,233.45,12.68,4.59,1,-1,-1,-1
1421,35,426.99,286.59,32.23,11.20,1,-1,-1,-1
1421,33,506.56,189.81,7.09,3.78,1,-1,-1,-1
1421,34,278.70,215.11,13.13,4.84,1,-1,-1,-1
1441,35,400.38,277.77,37.01,13.00,1,-1,-1,-1
1441,33,502.59,190.67,6.38,3.33,1,-1,-1,-1
1441,34,282.11,201.49,12.93,5.51,1,-1,-1,-1
1461,35,374.11,260.89,38.48,15.16,1,-1,-1,-1
1461,33,501.27,191.34,6.59,3.07,1,-1,-1,-1
1461,34,286.42,240.98,12.58,6.21,1,-1,-1,-1
1481,35,339.56,257.66,46.27,17.63,1,-1,-1,-1
1481,33,500.26,191.70,6.35,3.13,1,-1,-1,-1
1481,34,289.74,233.79,12.77,5.15,1,-1,-1,-1
1501,35,299.56,257.24,58.41,22.16,1,-1,-1,-1
1501,33,498.40,191.73,7.08,3.50,1,-1,-1,-1
1501,34,291.66,171.82,12.30,5.34,1,-1,-1,-1
1521,35,247.67,254.69,71.91,34.93,1,-1,-1,-1
1521,33,496.33,191.67,6.77,3.49,1,-1,-1,-1
1521,34,293.89,153.56,12.33,5.41,1,-1,-1,-1
1541,35,203.79,345.34,77.76,24.96,1,-1,-1,-1
1541,33,493.01,191.69,6.70,3.09,1,-1,-1,-1
1541,34,297.93,203.88,12.62,5.83,1,-1,-1,-1
1561,35,234.60,395.37,86.59,23.32,1,-1,-1,-1
1561,33,488.52,191.40,6.34,2.92,1,-1,-1,-1
1561,34,303.25,277.86,12.50,4.44,1,-1,-1,-1
1581,35,325.98,392.40,80.49,27.68,1,-1,-1,-1
1581,33,483.44,191.14,7.02,3.31,1,-1,-1,-1
1581,34,307.57,280.26,12.94,4.37,1,-1,-1,-1
1601,35,240.08,396.02,91.28,31.62,1,-1,-1,-1
1601,33,477.53,190.91,6.60,3.37,1,-1,-1,-1
1601,34,311.87,224.16,13.63,6.00,1,-1,-1,-1
1621,33,471.51,190.22,7.29,3.86,1,-1,-1,-1
1621,34,317.26,224.36,14.23,5.38,1,-1,-1,-1
1641,33,467.45,190.42,6.73,3.47,1,-1,-1,-1
1641,34,321.49,256.68,12.76,5.08,1,-1,-1,-1
1661,33,462.73,190.25,6.92,3.30,1,-1,-1,-1
1661,34,327.08,259.43,12.83,4.73,1,-1,-1,-1
1681,36,4.29,202.50,86.12,41.92,1,-1,-1,-1
1681,33,458.19,189.98,6.93,3.65,1,-1,-1,-1
1681,34,332.12,259.85,13.86,4.89,1,-1,-1,-1
1701,36,149.16,196.05,77.65,41.16,1,-1,-1,-1
1701,33,453.02,189.69,7.98,4.00,1,-1,-1,-1
1701,34,338.22,259.46,12.93,4.29,1,-1,-1,-1
1721,36,265.29,244.38,93.08,27.24,1,-1,-1,-1
1721,33,450.03,189.49,7.10,4.03,1,-1,-1,-1
1721,34,345.77,256.30,13.62,5.25,1,-1,-1,-1
1741,36,344.15,222.05,42.64,26.21,1,-1,-1,-1
1741,33,449.25,189.37,6.66,4.00,1,-1,-1,-1
1741,34,344.15,222.05,42.64,26.21,1,-1,-1,-1
1761,36,277.47,237.34,90.40,26.48,1,-1,-1,-1
1761,33,449.25,189.27,6.20,3.87,1,-1,-1,-1
1761,34,277.47,237.34,90.40,26.48,1,-1,-1,-1
1781,33,448.20,190.01,6.87,3.42,1,-1,-1,-1
1801,33,446.54,190.30,7.20,4.05,1,-1,-1,-1
1821,33,444.86,191.37,6.95,3.17,1,-1,-1,-1
1841,33,443.05,192.06,6.91,3.09,1,-1,-1,-1
1861,33,440.33,192.47,7.55,3.26,1,-1,-1,-1
1881,38,0.47,358.20,13.87,6.80,1,-1,-1,-1
1881,33,438.03,192.52,6.72,3.33,1,-1,-1,-1
1901,38,2.01,366.70,19.84,8.78,1,-1,-1,-1
1901,33,433.82,192.32,7.81,3.42,1,-1,-1,-1
1921,38,22.72,376.06,20.21,7.04,1,-1,-1,-1
1921,33,430.06,192.39,7.80,3.34,1,-1,-1,-1
1941,33,426.08,192.50,7.41,3.05,1,-1,-1,-1
1961,39,54.60,384.63,19.76,8.06,1,-1,-1,-1
1961,38,426.57,241.22,12.04,4.39,1,-1,-1,-1
1961,33,421.69,192.43,7.13,3.09,1,-1,-1,-1
1981,39,90.82,387.14,19.34,7.08,1,-1,-1,-1
1981,38,431.43,234.12,12.04,4.62,1,-1,-1,-1
1981,33,417.78,192.36,7.40,2.87,1,-1,-1,-1
2001,39,140.38,387.71,17.94,6.48,1,-1,-1,-1
2001,38,434.24,213.00,12.43,5.03,1,-1,-1,-1
2001,33,413.73,192.30,7.11,2.89,1,-1,-1,-1
2021,39,196.62,386.21,18.28,5.14,1,-1,-1,-1
2021,38,438.38,206.32,12.78,5.14,1,-1,-1,-1
2021,33,409.46,192.43,7.89,3.09,1,-1,-1,-1
2041,39,250.14,383.03,17.11,5.12,1,-1,-1,-1
2041,38,442.19,196.24,12.77,4.94,1,-1,-1,-1
2041,33,405.43,192.27,7.70,2.97,1,-1,-1,-1
2061,39,299.50,382.12,16.64,4.93,1,-1,-1,-1
2061,38,446.12,188.83,12.47,5.14,1,-1,-1,-1
2061,33,401.89,192.25,7.66,2.88,1,-1,-1,-1
2081,39,344.82,368.60,16.83,4.79,1,-1,-1,-1
2081,38,449.32,181.54,12.97,5.37,1,-1,-1,-1
2081,33,399.21,191.79,6.96,3.50,1,-1,-1,-1
2101,39,387.05,360.54,17.28,5.20,1,-1,-1,-1
2101,38,451.37,181.52,12.85,5.16,1,-1,-1,-1
2101,33,393.72,191.43,7.02,3.03,1,-1,-1,-1
