1,407,160.02,249.90,9.38,4.85,1,-1,-1,-1
1,408,117.54,31.72,16.02,9.48,1,-1,-1,-1
21,407,160.98,254.59,9.30,5.20,1,-1,-1,-1
21,408,123.84,16.60,15.28,10.95,1,-1,-1,-1
41,407,163.10,255.66,9.30,4.84,1,-1,-1,-1
41,408,188.31,16.22,16.72,9.65,1,-1,-1,-1
61,407,164.36,255.90,9.54,4.80,1,-1,-1,-1
61,408,184.19,14.82,16.52,8.34,1,-1,-1,-1
81,407,164.54,264.47,9.29,4.85,1,-1,-1,-1
81,408,169.80,43.52,16.49,7.58,1,-1,-1,-1
101,407,165.00,258.70,9.36,5.47,1,-1,-1,-1
101,408,166.18,75.03,16.92,7.38,1,-1,-1,-1
121,407,165.93,246.34,9.00,5.19,1,-1,-1,-1
121,408,116.24,73.23,19.32,10.39,1,-1,-1,-1
141,407,183.49,246.25,8.42,6.41,1,-1,-1,-1
141,408,47.97,69.14,15.59,12.50,1,-1,-1,-1
161,407,235.17,242.47,9.77,5.17,1,-1,-1,-1
161,408,63.24,71.30,18.44,6.39,1,-1,-1,-1
181,407,315.65,215.80,10.59,4.81,1,-1,-1,-1
181,408,60.77,40.89,20.02,11.68,1,-1,-1,-1
201,407,386.70,185.16,10.33,4.48,1,-1,-1,-1
201,408,49.93,62.84,21.60,11.76,1,-1,-1,-1
221,407,445.35,151.61,9.29,5.32,1,-1,-1,-1
221,408,37.01,149.77,20.89,8.14,1,-1,-1,-1
241,407,482.61,158.49,8.35,5.58,1,-1,-1,-1
241,408,4.77,127.86,23.73,12.42,1,-1,-1,-1
261,407,494.10,185.94,9.21,4.73,1,-1,-1,-1
261,408,-1.25,109.29,4.95,6.55,1,-1,-1,-1
281,407,494.22,209.30,11.82,6.43,1,-1,-1,-1
321,409,54.52,184.81,31.39,12.53,1,-1,-1,-1
341,409,96.06,183.35,32.53,8.95,1,-1,-1,-1
361,409,90.65,158.60,36.03,9.69,1,-1,-1,-1
381,409,78.66,127.54,35.04,14.73,1,-1,-1,-1
401,409,28.66,116.93,41.76,23.99,1,-1,-1,-1
421,410,302.22,204.40,10.31,4.71,1,-1,-1,-1
441,410,243.38,243.36,9.54,4.86,1,-1,-1,-1
461,412,51.62,108.32,42.91,22.01,1,-1,-1,-1
461,410,188.39,274.46,9.19,4.46,1,-1,-1,-1
481,412,156.88,106.69,41.05,24.42,1,-1,-1,-1
481,410,141.34,257.59,9.81,4.96,1,-1,-1,-1
501,412,388.46,111.93,43.13,24.35,1,-1,-1,-1
501,410,103.83,217.56,9.21,5.70,1,-1,-1,-1
521,412,403.73,102.64,40.21,23.89,1,-1,-1,-1
521,410,74.53,184.45,9.76,5.30,1,-1,-1,-1
541,412,183.97,80.97,42.54,28.20,1,-1,-1,-1
541,410,47.60,191.38,9.64,5.67,1,-1,-1,-1
561,412,145.37,74.28,40.03,29.18,1,-1,-1,-1
561,410,20.90,237.01,9.79,6.11,1,-1,-1,-1
581,412,390.28,93.63,50.28,16.57,1,-1,-1,-1
581,410,3.40,262.68,9.17,5.53,1,-1,-1,-1
601,412,591.59,110.97,45.84,18.79,1,-1,-1,-1
621,412,612.03,45.92,27.33,18.27,1,-1,-1,-1
641,412,600.64,21.07,37.29,23.76,1,-1,-1,-1
661,412,531.28,83.45,32.37,16.67,1,-1,-1,-1
681,413,85.16,235.00,9.46,5.13,1,-1,-1,-1
681,412,459.71,72.16,22.63,10.89,1,-1,-1,-1
701,413,149.17,225.52,10.15,5.64,1,-1,-1,-1
701,412,415.83,52.31,15.63,8.43,1,-1,-1,-1
721,413,215.17,208.10,9.63,5.39,1,-1,-1,-1
721,412,387.04,50.85,11.98,7.09,1,-1,-1,-1
741,413,255.53,209.51,8.49,5.00,1,-1,-1,-1
741,412,369.92,56.84,10.16,3.49,1,-1,-1,-1
761,413,264.59,222.20,8.95,5.42,1,-1,-1,-1
761,412,355.57,76.71,8.88,3.96,1,-1,-1,-1
781,413,264.59,243.14,9.54,4.59,1,-1,-1,-1
781,412,318.42,91.35,8.99,3.93,1,-1,-1,-1
801,413,264.90,255.25,8.43,4.71,1,-1,-1,-1
801,412,282.77,92.15,8.13,4.30,1,-1,-1,-1
821,413,282.07,256.13,11.42,4.93,1,-1,-1,-1
821,412,279.70,92.15,7.86,4.62,1,-1,-1,-1
841,413,327.31,242.13,9.08,4.09,1,-1,-1,-1
841,412,247.10,89.47,7.84,4.66,1,-1,-1,-1
861,413,383.87,220.16,10.03,4.84,1,-1,-1,-1
861,412,188.13,85.53,8.66,5.44,1,-1,-1,-1
881,412,171.51,86.83,8.85,4.35,1,-1,-1,-1
901,413,513.40,218.36,7.90,3.91,1,-1,-1,-1
901,412,172.85,87.20,9.04,4.66,1,-1,-1,-1
921,413,532.24,273.67,7.58,3.54,1,-1,-1,-1
921,412,175.04,88.26,8.40,3.84,1,-1,-1,-1
941,413,533.45,265.54,7.79,4.00,1,-1,-1,-1
941,412,174.70,90.23,8.33,4.00,1,-1,-1,-1
961,413,533.12,247.47,7.83,4.67,1,-1,-1,-1
961,412,172.66,89.73,9.20,3.48,1,-1,-1,-1
981,413,532.40,235.84,9.61,5.64,1,-1,-1,-1
981,412,169.71,81.91,9.27,3.27,1,-1,-1,-1
1001,412,163.69,66.08,9.34,4.05,1,-1,-1,-1
1021,412,157.57,50.40,10.03,5.67,1,-1,-1,-1
1041,412,156.66,48.02,10.51,3.47,1,-1,-1,-1
1061,412,153.73,35.84,10.71,3.80,1,-1,-1,-1
1081,412,149.93,21.91,10.85,6.20,1,-1,-1,-1
1101,412,147.33,49.20,11.10,3.99,1,-1,-1,-1
1121,412,141.23,77.72,11.64,4.28,1,-1,-1,-1
1141,412,130.56,54.05,12.71,7.56,1,-1,-1,-1
1161,412,123.94,49.68,14.12,7.95,1,-1,-1,-1
1181,412,121.33,64.19,13.61,5.99,1,-1,-1,-1
1201,412,120.31,65.96,13.89,5.88,1,-1,-1,-1
1221,412,101.61,66.21,14.02,6.21,1,-1,-1,-1
1241,412,84.83,66.26,14.34,6.48,1,-1,-1,-1
1261,412,106.21,66.05,14.42,6.01,1,-1,-1,-1
1281,412,129.31,65.22,13.76,6.85,1,-1,-1,-1
1301,412,122.55,63.85,13.38,6.07,1,-1,-1,-1
1321,412,123.37,63.76,14.13,5.76,1,-1,-1,-1
1341,412,124.29,62.57,13.81,6.46,1,-1,-1,-1
1361,412,125.52,61.06,14.25,6.23,1,-1,-1,-1
1381,412,126.01,59.58,13.83,5.66,1,-1,-1,-1
1401,412,125.97,58.01,13.70,5.81,1,-1,-1,-1
1421,412,125.73,56.41,13.70,5.47,1,-1,-1,-1
1441,412,123.00,46.04,13.66,6.02,1,-1,-1,-1
1461,412,116.88,51.72,14.53,7.49,1,-1,-1,-1
1481,412,111.99,81.39,13.95,4.98,1,-1,-1,-1
1501,412,99.50,52.58,15.06,6.95,1,-1,-1,-1
1521,412,83.95,45.41,18.11,10.75,1,-1,-1,-1
1541,412,75.49,91.33,18.26,6.16,1,-1,-1,-1
1561,414,212.65,240.57,9.43,4.53,1,-1,-1,-1
1561,412,58.01,64.30,19.68,10.86,1,-1,-1,-1
1581,414,211.71,263.97,9.02,4.92,1,-1,-1,-1
1581,412,55.11,47.06,19.79,10.42,1,-1,-1,-1
1601,414,209.58,276.57,9.99,4.66,1,-1,-1,-1
1601,412,75.65,47.62,20.79,7.33,1,-1,-1,-1
1621,414,209.90,285.69,9.37,4.81,1,-1,-1,-1
1621,412,73.65,24.56,20.76,11.87,1,-1,-1,-1
1641,414,210.33,303.09,9.08,4.28,1,-1,-1,-1
1641,412,67.31,10.94,23.47,11.16,1,-1,-1,-1
1661,414,210.27,303.79,9.46,4.32,1,-1,-1,-1
1661,412,59.78,44.33,22.92,11.00,1,-1,-1,-1
1681,414,201.87,302.87,9.30,4.34,1,-1,-1,-1
1681,412,62.01,32.31,23.04,11.29,1,-1,-1,-1
1701,414,188.34,301.54,8.85,4.47,1,-1,-1,-1
1701,412,68.81,0.53,22.96,10.55,1,-1,-1,-1
1721,414,178.30,300.27,9.56,4.47,1,-1,-1,-1
1721,412,68.85,15.02,23.26,9.70,1,-1,-1,-1
1741,414,176.03,298.78,9.11,4.75,1,-1,-1,-1
1741,412,74.97,-3.24,21.51,6.98,1,-1,-1,-1
1761,414,177.26,293.43,9.60,5.24,1,-1,-1,-1
1761,412,70.63,20.67,22.70,10.56,1,-1,-1,-1
1781,414,178.48,284.62,9.86,5.29,1,-1,-1,-1
1781,412,128.13,24.22,24.14,8.84,1,-1,-1,-1
1801,414,179.24,271.44,9.70,4.79,1,-1,-1,-1
1801,412,179.83,25.00,21.85,12.36,1,-1,-1,-1
1821,414,178.50,263.70,9.40,5.40,1,-1,-1,-1
1821,412,124.68,24.88,25.41,11.86,1,-1,-1,-1
1841,414,176.93,254.94,9.41,4.76,1,-1,-1,-1
1841,412,36.71,24.27,21.47,14.85,1,-1,-1,-1
1861,414,175.87,241.16,9.36,5.17,1,-1,-1,-1
1861,412,70.00,27.62,22.78,14.19,1,-1,-1,-1
1881,414,176.02,230.90,8.98,5.03,1,-1,-1,-1
1881,412,214.88,36.98,27.74,10.37,1,-1,-1,-1
1901,414,176.92,222.80,9.58,5.18,1,-1,-1,-1
1901,412,374.15,58.00,21.54,12.31,1,-1,-1,-1
1921,414,191.13,222.22,8.71,6.08,1,-1,-1,-1
1921,412,427.35,139.44,23.48,11.35,1,-1,-1,-1
1941,414,232.43,217.05,9.44,4.61,1,-1,-1,-1
1941,412,372.38,146.26,25.51,8.62,1,-1,-1,-1
1961,414,277.01,207.52,10.03,6.00,1,-1,-1,-1
1961,412,285.11,135.96,25.44,9.32,1,-1,-1,-1
1981,414,291.79,197.52,9.58,4.90,1,-1,-1,-1
1981,412,195.68,123.89,23.78,11.83,1,-1,-1,-1
2001,414,293.50,185.83,9.01,4.21,1,-1,-1,-1
2001,412,174.71,120.01,24.63,8.52,1,-1,-1,-1
2021,414,294.46,173.30,8.80,4.54,1,-1,-1,-1
2021,412,131.57,115.36,25.92,13.78,1,-1,-1,-1
2041,414,295.74,161.94,8.78,4.24,1,-1,-1,-1
2041,412,25.03,109.02,23.29,14.17,1,-1,-1,-1
2061,414,295.54,157.73,8.53,4.28,1,-1,-1,-1
2061,412,44.77,107.17,25.27,10.73,1,-1,-1,-1
2081,414,293.81,168.16,9.17,4.51,1,-1,-1,-1
2081,412,91.31,107.01,25.66,11.25,1,-1,-1,-1
2101,414,292.83,183.80,9.18,4.57,1,-1,-1,-1
2101,412,114.41,105.43,24.25,11.07,1,-1,-1,-1
2121,414,292.36,186.33,9.15,4.07,1,-1,-1,-1
2121,412,80.45,100.85,24.48,11.91,1,-1,-1,-1
2141,414,291.33,197.85,9.17,4.95,1,-1,-1,-1
2141,412,71.10,101.48,25.20,9.71,1,-1,-1,-1
2161,414,291.57,202.16,9.34,4.52,1,-1,-1,-1
2161,412,79.38,74.89,24.49,10.91,1,-1,-1,-1
2181,414,290.77,209.75,9.27,4.05,1,-1,-1,-1
2181,412,84.39,54.00,25.33,10.61,1,-1,-1,-1
2201,414,290.64,223.40,9.04,4.48,1,-1,-1,-1
2201,412,81.63,81.86,25.00,9.83,1,-1,-1,-1
2221,414,289.61,232.62,10.04,4.87,1,-1,-1,-1
2221,412,82.08,80.29,24.33,10.22,1,-1,-1,-1
2241,414,288.96,233.84,8.85,4.50,1,-1,-1,-1
2241,412,82.61,75.82,25.81,9.69,1,-1,-1,-1
