1,236,211.31,207.84,16.63,6.80,1,-1,-1,-1
21,236,210.67,207.83,17.02,6.34,1,-1,-1,-1
41,236,209.56,207.34,17.99,6.58,1,-1,-1,-1
61,236,211.67,205.47,17.57,6.28,1,-1,-1,-1
81,236,214.34,201.72,18.78,7.01,1,-1,-1,-1
101,236,217.80,197.06,18.71,6.41,1,-1,-1,-1
121,236,222.94,190.20,19.33,6.51,1,-1,-1,-1
141,236,228.30,182.17,19.75,6.05,1,-1,-1,-1
161,236,235.03,168.98,22.64,6.42,1,-1,-1,-1
181,236,241.57,133.11,24.54,8.84,1,-1,-1,-1
201,236,248.82,91.06,27.88,9.89,1,-1,-1,-1
221,236,256.74,53.30,26.89,12.44,1,-1,-1,-1
241,236,260.02,44.56,27.59,13.00,1,-1,-1,-1
261,236,256.48,53.30,27.79,12.65,1,-1,-1,-1
281,236,247.21,73.70,25.80,11.15,1,-1,-1,-1
301,236,232.01,93.59,24.94,9.49,1,-1,-1,-1
321,236,222.04,110.62,23.35,8.78,1,-1,-1,-1
341,236,215.22,126.42,21.61,8.04,1,-1,-1,-1
361,236,207.98,140.37,19.44,6.78,1,-1,-1,-1
381,236,204.85,167.44,17.07,5.69,1,-1,-1,-1
401,236,202.83,181.28,18.57,7.64,1,-1,-1,-1
421,236,204.59,215.99,17.46,5.83,1,-1,-1,-1
441,236,207.97,219.13,17.93,5.99,1,-1,-1,-1
461,236,208.14,211.91,18.54,6.21,1,-1,-1,-1
481,236,217.43,202.97,18.71,6.98,1,-1,-1,-1
501,236,280.06,188.10,19.18,6.34,1,-1,-1,-1
521,236,331.86,200.89,21.38,6.17,1,-1,-1,-1
541,236,378.94,215.46,18.69,6.56,1,-1,-1,-1
561,236,390.63,227.42,18.50,6.37,1,-1,-1,-1
581,236,410.18,242.08,19.57,5.67,1,-1,-1,-1
601,236,442.43,244.20,18.03,5.91,1,-1,-1,-1
621,236,497.90,246.90,17.80,5.30,1,-1,-1,-1
641,236,446.17,306.19,14.05,5.18,1,-1,-1,-1
681,237,524.33,311.45,18.70,5.71,1,-1,-1,-1
701,237,524.50,328.60,18.62,5.66,1,-1,-1,-1
721,237,533.75,352.03,22.42,7.41,1,-1,-1,-1
741,237,532.71,367.49,18.89,5.72,1,-1,-1,-1
761,237,530.20,374.99,19.00,6.16,1,-1,-1,-1
781,237,525.34,374.66,18.31,6.48,1,-1,-1,-1
801,237,514.65,374.57,17.53,5.25,1,-1,-1,-1
821,237,509.29,374.30,15.99,5.27,1,-1,-1,-1
841,237,509.52,374.12,15.90,5.14,1,-1,-1,-1
861,237,512.93,374.32,15.38,4.83,1,-1,-1,-1
881,237,520.23,374.88,15.53,4.63,1,-1,-1,-1
901,237,531.89,374.99,15.20,4.90,1,-1,-1,-1
921,237,540.31,374.25,14.96,5.31,1,-1,-1,-1
941,237,536.37,374.53,15.06,5.56,1,-1,-1,-1
961,237,525.25,373.78,13.04,4.99,1,-1,-1,-1
981,237,509.42,374.14,11.86,4.19,1,-1,-1,-1
1001,237,493.74,374.11,11.43,4.39,1,-1,-1,-1
1021,237,485.69,374.50,11.72,4.57,1,-1,-1,-1
1041,237,484.64,374.48,10.72,4.23,1,-1,-1,-1
1061,237,485.36,374.47,11.00,4.12,1,-1,-1,-1
1081,237,486.35,374.58,12.57,4.27,1,-1,-1,-1
1101,237,488.30,374.76,13.91,4.24,1,-1,-1,-1
1121,237,493.29,375.12,11.98,4.23,1,-1,-1,-1
1141,237,495.95,375.61,15.65,4.56,1,-1,-1,-1
1161,237,500.48,376.06,14.10,4.24,1,-1,-1,-1
1181,237,503.66,376.31,13.13,4.59,1,-1,-1,-1
1201,237,503.42,375.74,12.63,4.28,1,-1,-1,-1
1221,237,502.75,372.73,12.96,4.95,1,-1,-1,-1
1241,237,501.86,373.02,12.40,4.86,1,-1,-1,-1
1261,237,497.06,373.60,14.17,4.98,1,-1,-1,-1
1281,237,496.29,373.65,13.96,4.88,1,-1,-1,-1
1301,237,496.32,373.50,14.01,5.08,1,-1,-1,-1
1321,237,497.18,374.28,13.75,4.44,1,-1,-1,-1
1341,237,498.42,374.25,15.34,5.11,1,-1,-1,-1
1361,237,502.57,374.81,13.84,4.31,1,-1,-1,-1
1381,237,504.46,371.10,14.88,5.83,1,-1,-1,-1
1401,237,502.27,371.15,14.73,5.52,1,-1,-1,-1
1421,237,489.28,372.21,15.23,5.01,1,-1,-1,-1
1441,237,471.21,373.31,13.63,4.95,1,-1,-1,-1
1461,237,448.94,374.33,14.80,5.19,1,-1,-1,-1
1501,239,11.64,307.22,20.70,8.74,1,-1,-1,-1
1501,237,416.00,372.88,13.55,4.27,1,-1,-1,-1
1521,237,405.27,368.08,13.49,4.17,1,-1,-1,-1
1541,237,401.80,368.15,13.39,4.42,1,-1,-1,-1
1561,237,400.08,368.48,13.94,5.13,1,-1,-1,-1
1581,237,401.10,368.81,15.37,5.05,1,-1,-1,-1
1601,237,403.99,369.41,16.64,4.65,1,-1,-1,-1
1621,237,402.11,369.73,18.69,6.54,1,-1,-1,-1
1641,237,365.74,372.30,21.22,6.65,1,-1,-1,-1
1721,241,211.04,248.04,14.99,5.20,1,-1,-1,-1
1801,243,127.15,378.70,18.24,5.86,1,-1,-1,-1
1821,243,122.52,378.28,18.32,6.78,1,-1,-1,-1
1841,243,94.93,378.04,19.07,6.27,1,-1,-1,-1
1861,243,67.10,377.61,19.20,6.41,1,-1,-1,-1
1881,243,40.56,377.42,20.46,6.12,1,-1,-1,-1
1901,243,31.38,376.63,21.88,7.41,1,-1,-1,-1
1921,243,34.40,377.55,19.94,6.07,1,-1,-1,-1
1941,243,48.75,377.67,18.91,6.72,1,-1,-1,-1
1961,243,75.21,378.19,20.05,5.93,1,-1,-1,-1
1981,243,101.28,368.63,20.67,6.28,1,-1,-1,-1
2001,245,297.04,0.11,18.17,7.99,1,-1,-1,-1
2001,243,118.09,346.65,19.19,6.49,1,-1,-1,-1
2021,243,116.92,319.92,18.94,6.98,1,-1,-1,-1
2041,243,108.68,315.72,20.91,6.70,1,-1,-1,-1
2061,243,95.05,314.29,22.32,7.74,1,-1,-1,-1
2081,243,86.31,312.58,23.73,9.07,1,-1,-1,-1
2101,243,91.89,310.90,22.20,9.03,1,-1,-1,-1
2121,243,99.26,309.71,22.66,8.15,1,-1,-1,-1
2141,243,117.12,308.58,23.27,8.21,1,-1,-1,-1
2161,243,131.47,305.38,31.25,10.98,1,-1,-1,-1
2181,243,152.73,306.28,23.00,8.49,1,-1,-1,-1
2201,243,171.02,306.24,22.75,7.07,1,-1,-1,-1
2221,243,186.63,305.30,22.13,6.82,1,-1,-1,-1
2241,243,203.02,304.67,22.77,6.52,1,-1,-1,-1
2261,243,220.19,304.23,21.68,6.54,1,-1,-1,-1
2281,243,233.50,303.97,20.26,6.71,1,-1,-1,-1
2381,247,332.84,297.98,22.82,7.94,1,-1,-1,-1
2401,247,360.03,284.26,22.74,8.31,1,-1,-1,-1
2421,247,370.54,266.95,19.12,6.39,1,-1,-1,-1
2441,247,371.20,248.94,17.02,6.25,1,-1,-1,-1
2461,248,8.41,305.20,19.45,8.39,1,-1,-1,-1
2461,247,365.74,248.61,19.79,6.58,1,-1,-1,-1
2481,248,6.25,307.65,20.92,9.09,1,-1,-1,-1
2481,247,364.19,248.69,19.95,6.60,1,-1,-1,-1
2501,247,365.98,237.18,19.75,7.72,1,-1,-1,-1
2521,247,369.14,224.12,17.61,6.17,1,-1,-1,-1
2541,247,368.31,212.00,19.01,6.62,1,-1,-1,-1
2561,247,365.13,207.43,18.51,6.48,1,-1,-1,-1
2581,247,350.43,207.07,18.45,6.66,1,-1,-1,-1
2601,247,321.34,207.17,18.16,6.32,1,-1,-1,-1
2621,247,297.62,207.43,15.95,6.15,1,-1,-1,-1
2661,249,246.18,205.89,19.05,6.08,1,-1,-1,-1
2681,249,223.10,206.71,18.93,5.96,1,-1,-1,-1
2701,249,204.20,208.36,16.74,5.99,1,-1,-1,-1
2721,251,184.61,226.51,19.18,6.15,1,-1,-1,-1
2721,249,185.02,226.50,18.64,5.99,1,-1,-1,-1
2781,252,178.84,286.19,18.80,6.14,1,-1,-1,-1
2801,252,179.12,304.85,20.88,6.69,1,-1,-1,-1
2821,252,181.63,323.20,18.55,6.75,1,-1,-1,-1
2841,252,182.17,341.68,20.32,6.02,1,-1,-1,-1
2861,252,185.32,358.19,19.34,6.80,1,-1,-1,-1
2901,252,189.57,372.84,19.87,5.75,1,-1,-1,-1
2941,252,224.64,373.59,19.51,5.30,1,-1,-1,-1
2961,253,-7.98,136.45,16.05,14.50,1,-1,-1,-1
2981,253,-10.15,133.47,20.34,12.16,1,-1,-1,-1
3041,255,319.98,369.81,20.58,5.71,1,-1,-1,-1
3081,255,351.53,368.60,18.38,5.19,1,-1,-1,-1
3101,255,365.92,367.72,18.11,4.79,1,-1,-1,-1
3121,255,381.95,367.15,17.75,4.96,1,-1,-1,-1
3141,255,401.70,366.50,17.52,5.03,1,-1,-1,-1
3161,255,424.46,366.02,13.68,4.73,1,-1,-1,-1
3181,255,447.06,365.17,19.65,5.50,1,-1,-1,-1
3201,255,469.51,364.17,18.67,5.76,1,-1,-1,-1
3221,255,486.08,363.36,20.25,6.44,1,-1,-1,-1
