1,186,309.70,193.56,10.24,6.04,1,-1,-1,-1
21,186,309.73,193.62,11.01,5.83,1,-1,-1,-1
41,186,311.52,193.81,10.63,5.66,1,-1,-1,-1
61,186,313.71,194.09,10.70,5.88,1,-1,-1,-1
81,187,175.00,270.36,11.23,6.19,1,-1,-1,-1
81,186,317.95,194.48,10.98,5.63,1,-1,-1,-1
101,187,176.19,258.30,10.14,5.43,1,-1,-1,-1
101,186,323.33,194.89,10.09,5.94,1,-1,-1,-1
121,187,176.17,251.82,10.56,6.42,1,-1,-1,-1
121,186,328.02,195.68,10.97,6.19,1,-1,-1,-1
141,187,183.68,249.18,10.25,5.54,1,-1,-1,-1
141,186,334.78,196.38,10.56,5.73,1,-1,-1,-1
161,187,198.96,245.15,10.88,6.11,1,-1,-1,-1
161,186,339.86,196.71,10.62,5.61,1,-1,-1,-1
181,187,218.57,241.76,10.68,5.74,1,-1,-1,-1
181,186,344.93,196.56,9.14,5.85,1,-1,-1,-1
221,188,256.18,237.77,11.05,6.11,1,-1,-1,-1
221,189,356.70,196.74,10.40,5.85,1,-1,-1,-1
241,188,274.18,237.23,11.04,5.91,1,-1,-1,-1
241,189,361.24,196.21,11.80,5.92,1,-1,-1,-1
261,188,289.61,236.57,11.20,6.10,1,-1,-1,-1
261,189,368.24,196.02,11.01,6.04,1,-1,-1,-1
281,188,304.86,236.09,10.82,6.02,1,-1,-1,-1
281,189,373.66,195.67,10.38,6.06,1,-1,-1,-1
301,188,318.10,236.35,11.24,5.58,1,-1,-1,-1
301,189,376.89,195.73,10.91,6.07,1,-1,-1,-1
321,188,329.21,236.11,11.40,6.04,1,-1,-1,-1
321,189,379.34,195.69,11.02,6.19,1,-1,-1,-1
341,188,338.66,236.80,12.05,5.92,1,-1,-1,-1
341,189,383.10,195.67,10.54,6.06,1,-1,-1,-1
361,188,346.73,237.43,12.63,5.84,1,-1,-1,-1
361,189,385.96,195.72,11.27,6.34,1,-1,-1,-1
421,190,393.48,195.21,10.75,7.01,1,-1,-1,-1
421,191,346.35,237.64,13.15,6.10,1,-1,-1,-1
441,190,396.48,194.94,10.36,6.40,1,-1,-1,-1
441,191,343.58,237.82,8.85,5.50,1,-1,-1,-1
461,190,399.36,195.25,10.44,5.97,1,-1,-1,-1
461,191,342.65,239.33,9.21,5.27,1,-1,-1,-1
481,190,402.91,195.14,10.47,6.01,1,-1,-1,-1
481,191,347.87,240.34,11.48,5.22,1,-1,-1,-1
501,190,407.36,195.26,10.07,5.75,1,-1,-1,-1
501,191,358.68,241.52,11.35,5.17,1,-1,-1,-1
521,190,408.83,194.24,10.83,5.89,1,-1,-1,-1
521,191,370.37,242.39,11.51,5.43,1,-1,-1,-1
541,190,409.91,193.74,10.94,6.36,1,-1,-1,-1
541,191,384.48,242.15,11.60,6.20,1,-1,-1,-1
561,190,410.39,193.94,11.54,6.00,1,-1,-1,-1
561,191,398.79,243.39,11.74,6.45,1,-1,-1,-1
581,190,413.11,194.55,10.51,5.74,1,-1,-1,-1
581,191,411.91,243.02,11.95,5.81,1,-1,-1,-1
601,190,415.42,195.19,10.46,5.65,1,-1,-1,-1
601,191,422.70,242.17,11.71,6.15,1,-1,-1,-1
621,190,416.70,195.37,11.50,6.26,1,-1,-1,-1
621,191,433.59,241.91,11.24,6.41,1,-1,-1,-1
641,190,419.06,195.99,10.80,6.21,1,-1,-1,-1
641,191,451.30,241.07,11.80,5.80,1,-1,-1,-1
661,190,421.85,196.89,10.70,5.36,1,-1,-1,-1
661,191,470.04,240.20,11.91,6.02,1,-1,-1,-1
681,190,424.88,197.44,10.62,5.82,1,-1,-1,-1
681,191,491.74,240.29,11.70,5.58,1,-1,-1,-1
701,190,427.39,198.08,11.11,5.79,1,-1,-1,-1
701,191,517.54,239.96,12.09,5.83,1,-1,-1,-1
721,190,431.72,198.45,10.11,5.63,1,-1,-1,-1
721,191,545.52,239.41,12.78,5.93,1,-1,-1,-1
741,190,434.07,198.13,10.99,5.90,1,-1,-1,-1
741,191,573.98,239.70,12.57,5.88,1,-1,-1,-1
761,190,436.69,197.65,10.48,6.68,1,-1,-1,-1
761,191,602.18,240.92,12.37,5.94,1,-1,-1,-1
781,190,437.96,197.80,10.68,5.65,1,-1,-1,-1
781,191,620.15,242.44,10.94,5.58,1,-1,-1,-1
801,190,438.14,197.68,10.94,5.80,1,-1,-1,-1
801,191,626.30,233.96,11.19,5.64,1,-1,-1,-1
821,190,439.24,197.57,10.54,5.86,1,-1,-1,-1
821,191,628.53,221.54,10.54,6.09,1,-1,-1,-1
841,190,439.71,197.86,10.78,5.89,1,-1,-1,-1
841,191,625.20,214.94,10.86,5.69,1,-1,-1,-1
861,190,441.02,198.09,10.67,6.08,1,-1,-1,-1
861,191,612.09,215.01,10.98,5.93,1,-1,-1,-1
881,190,442.30,198.32,11.03,5.86,1,-1,-1,-1
881,191,596.59,213.48,11.88,6.42,1,-1,-1,-1
901,190,443.65,198.14,11.84,6.05,1,-1,-1,-1
901,191,581.73,210.32,11.31,6.33,1,-1,-1,-1
921,190,448.54,198.04,11.31,5.95,1,-1,-1,-1
921,191,564.80,208.80,11.10,5.71,1,-1,-1,-1
941,190,454.52,198.33,10.47,5.84,1,-1,-1,-1
941,191,551.30,207.39,11.09,5.40,1,-1,-1,-1
961,190,459.70,198.87,10.65,5.60,1,-1,-1,-1
961,191,537.87,220.64,10.79,6.89,1,-1,-1,-1
981,190,464.60,198.81,11.04,6.02,1,-1,-1,-1
981,191,524.06,261.25,11.66,6.36,1,-1,-1,-1
1001,190,470.24,198.07,10.61,5.91,1,-1,-1,-1
1001,191,508.02,267.08,11.29,5.13,1,-1,-1,-1
1021,190,475.90,197.80,10.71,6.14,1,-1,-1,-1
1021,191,491.43,264.96,11.14,5.35,1,-1,-1,-1
1041,190,481.44,197.19,10.67,6.25,1,-1,-1,-1
1041,191,472.97,265.19,11.89,5.55,1,-1,-1,-1
1061,190,486.77,197.15,11.09,6.21,1,-1,-1,-1
1061,191,454.69,269.49,10.64,4.96,1,-1,-1,-1
1081,190,492.11,197.24,10.34,6.24,1,-1,-1,-1
1081,191,434.84,273.05,11.21,5.31,1,-1,-1,-1
1101,190,497.46,197.15,11.10,6.90,1,-1,-1,-1
1101,191,413.10,274.31,11.54,5.40,1,-1,-1,-1
1121,190,504.35,197.72,10.51,6.26,1,-1,-1,-1
1121,191,391.48,275.34,11.32,5.17,1,-1,-1,-1
1141,190,510.76,198.05,10.81,6.07,1,-1,-1,-1
1141,191,368.35,274.98,11.88,5.35,1,-1,-1,-1
1161,190,515.60,198.37,11.07,6.66,1,-1,-1,-1
1161,191,346.68,275.43,11.55,4.61,1,-1,-1,-1
1181,190,516.06,200.33,10.94,6.05,1,-1,-1,-1
1181,191,323.35,273.92,11.37,4.90,1,-1,-1,-1
1201,190,514.60,202.64,10.35,6.21,1,-1,-1,-1
1201,191,300.65,273.35,11.46,5.12,1,-1,-1,-1
1221,190,513.85,204.00,10.80,6.64,1,-1,-1,-1
1221,191,276.39,271.94,12.01,4.81,1,-1,-1,-1
1241,190,514.56,206.85,10.71,5.76,1,-1,-1,-1
1241,191,254.46,265.33,11.83,5.18,1,-1,-1,-1
1261,190,514.76,208.72,11.80,6.15,1,-1,-1,-1
1261,191,233.40,255.42,10.92,5.42,1,-1,-1,-1
1281,190,516.10,211.03,11.25,6.32,1,-1,-1,-1
1281,191,210.37,252.51,11.79,5.53,1,-1,-1,-1
1301,190,516.44,213.31,11.29,6.55,1,-1,-1,-1
1301,191,187.73,251.05,11.34,6.12,1,-1,-1,-1
1321,190,517.51,215.68,10.25,6.43,1,-1,-1,-1
1321,191,166.07,251.22,11.51,5.65,1,-1,-1,-1
1341,190,518.31,218.35,10.59,6.46,1,-1,-1,-1
1341,191,145.24,249.81,10.98,5.31,1,-1,-1,-1
1361,190,517.39,221.25,11.12,6.13,1,-1,-1,-1
1361,191,123.21,249.35,11.42,5.48,1,-1,-1,-1
1381,190,517.18,224.40,11.33,5.86,1,-1,-1,-1
1381,191,103.47,249.02,11.12,5.65,1,-1,-1,-1
1401,190,518.01,227.35,11.24,6.57,1,-1,-1,-1
1401,191,83.31,248.67,10.81,5.96,1,-1,-1,-1
1421,190,518.72,230.91,11.63,6.36,1,-1,-1,-1
1421,191,64.05,253.28,10.43,6.85,1,-1,-1,-1
1441,190,519.51,234.23,10.61,6.02,1,-1,-1,-1
1441,191,53.84,268.82,9.61,6.44,1,-1,-1,-1
1461,190,519.65,237.50,11.19,6.25,1,-1,-1,-1
1481,190,519.66,240.88,11.10,6.21,1,-1,-1,-1
1501,190,519.86,244.51,10.88,6.11,1,-1,-1,-1
1521,190,517.72,248.41,11.39,6.02,1,-1,-1,-1
1541,190,516.39,252.12,10.96,6.71,1,-1,-1,-1
1561,190,516.41,256.41,11.72,5.90,1,-1,-1,-1
1581,190,518.01,259.54,11.38,6.92,1,-1,-1,-1
1601,190,519.66,264.50,10.54,6.00,1,-1,-1,-1
1621,190,519.70,268.73,11.41,6.85,1,-1,-1,-1
1641,192,381.66,278.17,11.20,5.97,1,-1,-1,-1
1641,190,519.83,273.82,11.54,5.98,1,-1,-1,-1
1661,192,378.75,266.56,10.84,5.11,1,-1,-1,-1
1661,190,520.52,275.76,11.91,6.40,1,-1,-1,-1
1681,192,370.61,255.91,10.49,5.03,1,-1,-1,-1
1681,190,524.48,275.43,11.53,6.86,1,-1,-1,-1
1701,192,364.34,253.54,11.09,5.74,1,-1,-1,-1
1701,190,531.45,275.05,11.57,6.91,1,-1,-1,-1
1721,192,348.28,253.86,12.70,4.25,1,-1,-1,-1
1721,190,541.14,275.29,12.00,6.42,1,-1,-1,-1
1741,192,325.45,251.39,12.28,5.22,1,-1,-1,-1
1741,190,553.94,275.72,11.50,6.54,1,-1,-1,-1
1761,192,301.19,251.19,11.42,4.92,1,-1,-1,-1
1761,190,568.81,276.10,11.39,6.68,1,-1,-1,-1
1781,192,276.04,250.89,11.11,4.71,1,-1,-1,-1
1781,190,584.59,275.79,10.83,6.53,1,-1,-1,-1
1801,192,249.84,250.26,11.22,4.79,1,-1,-1,-1
1801,190,601.28,275.98,11.22,6.43,1,-1,-1,-1
1821,192,224.16,249.75,11.15,4.76,1,-1,-1,-1
1821,190,618.46,276.04,10.80,6.14,1,-1,-1,-1
1841,192,197.10,250.21,12.49,5.08,1,-1,-1,-1
1861,192,171.94,250.11,11.50,5.33,1,-1,-1,-1
1881,192,144.88,249.10,11.03,5.62,1,-1,-1,-1
1901,192,117.98,249.28,11.53,5.38,1,-1,-1,-1
1921,192,91.40,248.56,10.79,5.58,1,-1,-1,-1
1941,192,64.91,248.40,11.01,6.10,1,-1,-1,-1
1961,192,40.69,247.98,10.29,5.79,1,-1,-1,-1
1981,192,25.90,242.66,10.34,7.31,1,-1,-1,-1
2001,192,28.68,229.79,10.28,6.98,1,-1,-1,-1
2021,192,49.12,225.41,10.42,6.83,1,-1,-1,-1
2041,192,88.90,226.07,11.04,6.04,1,-1,-1,-1
2061,192,143.71,226.91,11.56,6.26,1,-1,-1,-1
2081,192,207.69,228.93,12.48,6.53,1,-1,-1,-1
2101,192,277.73,230.04,12.51,6.08,1,-1,-1,-1
2121,192,355.74,232.81,8.18,4.20,1,-1,-1,-1
2141,192,414.56,229.27,11.55,5.98,1,-1,-1,-1
2161,192,427.29,218.16,10.63,5.45,1,-1,-1,-1
2181,192,429.09,211.81,10.46,6.53,1,-1,-1,-1
2201,192,449.58,212.42,11.23,7.08,1,-1,-1,-1
2221,192,486.99,215.23,10.99,5.81,1,-1,-1,-1
2241,192,496.11,217.99,10.48,5.03,1,-1,-1,-1
2261,192,490.74,237.52,10.70,6.15,1,-1,-1,-1
2281,192,488.64,240.49,10.75,6.13,1,-1,-1,-1
2301,192,501.24,242.39,11.26,6.86,1,-1,-1,-1
2321,192,531.16,246.25,11.47,6.03,1,-1,-1,-1
2341,192,565.40,248.23,11.24,6.13,1,-1,-1,-1
2361,192,581.51,249.55,11.33,4.49,1,-1,-1,-1
2381,192,596.21,244.25,10.62,5.75,1,-1,-1,-1
2401,192,608.02,237.97,11.35,6.00,1,-1,-1,-1
2421,192,608.57,242.89,11.22,6.57,1,-1,-1,-1
2441,192,608.93,272.95,10.84,5.40,1,-1,-1,-1
2461,192,606.80,278.48,10.87,5.08,1,-1,-1,-1
2481,192,592.76,278.69,11.05,4.73,1,-1,-1,-1
2501,192,568.18,278.34,11.32,5.31,1,-1,-1,-1
2521,192,540.26,277.82,11.73,5.49,1,-1,-1,-1
2541,193,618.84,179.17,10.51,6.84,1,-1,-1,-1
2541,192,513.98,277.92,11.62,5.24,1,-1,-1,-1
2561,193,617.15,179.08,10.57,6.58,1,-1,-1,-1
2561,192,492.99,278.39,10.91,5.02,1,-1,-1,-1
2581,193,617.38,178.68,10.45,6.12,1,-1,-1,-1
2581,192,472.95,277.01,10.67,5.44,1,-1,-1,-1
2601,193,617.00,178.00,10.11,6.12,1,-1,-1,-1
2601,192,452.59,277.18,10.48,4.94,1,-1,-1,-1
2621,193,601.42,177.43,10.63,5.82,1,-1,-1,-1
2621,192,434.08,275.83,11.24,5.88,1,-1,-1,-1
2641,193,582.99,173.37,10.74,7.09,1,-1,-1,-1
2641,192,417.20,275.45,11.06,5.94,1,-1,-1,-1
2661,193,578.41,171.42,10.81,7.12,1,-1,-1,-1
2661,192,401.96,274.69,11.76,5.58,1,-1,-1,-1
2681,193,578.60,169.80,10.30,6.37,1,-1,-1,-1
2681,192,388.12,273.31,11.05,5.25,1,-1,-1,-1
2701,193,578.77,169.14,10.53,6.28,1,-1,-1,-1
2701,192,374.82,273.32,10.76,4.98,1,-1,-1,-1
2721,193,577.51,170.23,10.99,6.13,1,-1,-1,-1
