1,352,0.40,176.23,11.91,9.86,1,-1,-1,-1
1,353,177.65,262.16,27.66,15.39,1,-1,-1,-1
21,352,0.46,176.67,12.38,9.53,1,-1,-1,-1
21,353,246.08,263.19,27.79,14.39,1,-1,-1,-1
41,352,24.08,173.41,16.83,9.01,1,-1,-1,-1
41,353,364.90,264.69,28.49,13.85,1,-1,-1,-1
61,352,71.90,170.78,16.43,9.35,1,-1,-1,-1
61,353,465.12,260.98,28.29,15.06,1,-1,-1,-1
81,352,113.75,167.28,17.25,9.90,1,-1,-1,-1
81,353,474.13,244.61,28.09,14.05,1,-1,-1,-1
101,352,140.25,148.39,18.52,11.47,1,-1,-1,-1
101,353,473.21,242.32,28.23,14.07,1,-1,-1,-1
121,352,160.10,132.40,17.29,10.88,1,-1,-1,-1
121,353,465.82,240.03,28.95,14.06,1,-1,-1,-1
141,352,211.79,129.43,15.25,9.03,1,-1,-1,-1
141,353,447.99,232.10,29.30,14.25,1,-1,-1,-1
161,352,289.00,114.70,19.31,11.87,1,-1,-1,-1
161,353,424.03,221.55,28.78,14.91,1,-1,-1,-1
181,352,390.09,92.69,18.49,11.42,1,-1,-1,-1
181,353,391.20,218.30,30.60,16.18,1,-1,-1,-1
201,352,470.40,71.92,19.07,11.80,1,-1,-1,-1
201,353,356.65,216.83,32.59,16.68,1,-1,-1,-1
221,352,523.48,62.09,17.65,12.54,1,-1,-1,-1
221,353,321.14,224.62,35.05,17.24,1,-1,-1,-1
241,352,527.31,62.17,17.34,12.35,1,-1,-1,-1
241,353,287.83,243.44,34.54,19.45,1,-1,-1,-1
261,352,483.06,60.38,18.67,12.07,1,-1,-1,-1
261,353,273.88,282.64,35.95,17.54,1,-1,-1,-1
281,352,442.64,59.63,17.92,12.39,1,-1,-1,-1
281,353,273.14,288.18,37.04,18.02,1,-1,-1,-1
301,352,437.12,60.85,18.37,11.89,1,-1,-1,-1
301,353,273.27,290.31,36.23,17.03,1,-1,-1,-1
321,352,421.68,60.68,18.56,12.61,1,-1,-1,-1
321,353,272.77,288.90,35.38,17.12,1,-1,-1,-1
341,352,384.93,60.80,18.74,12.24,1,-1,-1,-1
341,353,255.76,283.76,34.64,16.77,1,-1,-1,-1
361,352,345.11,63.13,19.81,11.71,1,-1,-1,-1
361,353,229.23,278.01,34.01,16.04,1,-1,-1,-1
381,352,324.41,65.13,18.23,11.85,1,-1,-1,-1
381,353,209.59,270.99,33.06,17.00,1,-1,-1,-1
401,352,314.48,65.28,18.98,11.94,1,-1,-1,-1
401,353,222.53,266.31,32.04,16.66,1,-1,-1,-1
421,352,273.68,69.63,17.31,9.28,1,-1,-1,-1
421,353,259.10,265.07,31.70,15.36,1,-1,-1,-1
441,352,207.21,73.19,15.39,9.51,1,-1,-1,-1
441,353,302.88,274.14,30.97,15.57,1,-1,-1,-1
461,352,128.45,77.82,18.88,10.99,1,-1,-1,-1
461,353,345.36,291.92,29.89,15.46,1,-1,-1,-1
481,352,110.25,84.84,16.51,10.37,1,-1,-1,-1
481,353,372.88,315.44,28.14,13.90,1,-1,-1,-1
501,352,99.45,132.57,16.92,9.47,1,-1,-1,-1
501,353,390.63,344.51,26.78,11.96,1,-1,-1,-1
521,352,95.90,148.82,18.09,9.99,1,-1,-1,-1
521,353,393.75,351.98,26.43,12.64,1,-1,-1,-1
541,352,96.85,149.11,18.32,9.80,1,-1,-1,-1
541,353,384.57,356.35,25.57,12.00,1,-1,-1,-1
561,352,95.40,159.49,17.89,9.73,1,-1,-1,-1
561,353,364.16,359.18,25.73,11.79,1,-1,-1,-1
581,352,90.50,179.84,17.33,9.52,1,-1,-1,-1
581,353,330.23,359.04,25.91,11.94,1,-1,-1,-1
601,352,86.24,203.36,18.17,9.58,1,-1,-1,-1
601,353,292.69,357.51,25.29,12.23,1,-1,-1,-1
621,352,74.19,228.98,18.68,10.19,1,-1,-1,-1
621,353,264.72,361.61,25.19,12.17,1,-1,-1,-1
641,352,45.69,262.99,19.21,9.57,1,-1,-1,-1
641,353,248.95,365.25,25.53,11.84,1,-1,-1,-1
661,352,27.15,287.72,19.11,8.89,1,-1,-1,-1
661,353,248.44,363.21,24.75,11.72,1,-1,-1,-1
681,352,53.90,289.28,21.11,10.22,1,-1,-1,-1
681,353,274.44,356.70,25.56,12.42,1,-1,-1,-1
701,352,84.75,302.18,24.42,12.02,1,-1,-1,-1
701,353,320.40,354.16,26.22,12.62,1,-1,-1,-1
721,352,83.43,345.36,20.44,10.27,1,-1,-1,-1
721,353,396.22,356.02,25.78,12.17,1,-1,-1,-1
741,352,93.03,355.48,21.71,10.98,1,-1,-1,-1
741,353,443.48,356.06,25.38,11.67,1,-1,-1,-1
761,352,161.26,356.98,23.57,11.15,1,-1,-1,-1
761,353,453.93,361.81,24.72,11.67,1,-1,-1,-1
781,352,242.02,358.47,23.15,11.09,1,-1,-1,-1
781,353,456.47,364.77,24.78,11.92,1,-1,-1,-1
801,352,338.84,359.55,22.93,10.40,1,-1,-1,-1
801,353,455.60,400.56,25.70,11.59,1,-1,-1,-1
821,352,416.10,359.15,22.48,10.61,1,-1,-1,-1
821,353,456.32,420.35,25.52,10.92,1,-1,-1,-1
841,352,453.74,357.91,22.64,11.29,1,-1,-1,-1
841,353,445.95,436.56,23.63,9.06,1,-1,-1,-1
861,352,446.24,325.05,22.69,11.36,1,-1,-1,-1
861,353,383.77,442.73,24.06,8.47,1,-1,-1,-1
881,352,442.70,285.38,23.52,11.81,1,-1,-1,-1
881,353,258.71,442.95,24.45,9.57,1,-1,-1,-1
901,352,468.08,247.14,22.04,12.37,1,-1,-1,-1
901,353,129.33,438.78,21.88,10.55,1,-1,-1,-1
921,352,510.35,211.49,20.08,11.72,1,-1,-1,-1
921,353,103.90,438.94,23.51,9.10,1,-1,-1,-1
941,352,551.79,184.41,18.72,11.53,1,-1,-1,-1
941,353,102.85,444.12,21.83,9.66,1,-1,-1,-1
961,352,580.13,162.09,18.94,12.97,1,-1,-1,-1
961,353,116.01,455.57,22.93,8.49,1,-1,-1,-1
981,352,532.04,162.92,20.59,12.99,1,-1,-1,-1
981,353,145.49,467.33,20.59,7.93,1,-1,-1,-1
1001,352,428.19,166.66,21.24,13.12,1,-1,-1,-1
1001,353,182.46,476.52,20.56,7.40,1,-1,-1,-1
1021,352,319.64,170.05,21.28,13.54,1,-1,-1,-1
1041,352,257.24,177.48,18.33,10.97,1,-1,-1,-1
1061,352,248.32,179.70,18.62,11.13,1,-1,-1,-1
1081,352,217.67,182.56,17.51,10.12,1,-1,-1,-1
1101,352,160.14,185.73,18.56,10.87,1,-1,-1,-1
1121,354,306.19,457.36,19.39,6.63,1,-1,-1,-1
1121,352,94.11,190.17,17.93,10.79,1,-1,-1,-1
1141,354,305.85,440.41,19.92,7.42,1,-1,-1,-1
1141,352,75.03,191.19,17.90,9.96,1,-1,-1,-1
1161,354,303.94,422.22,20.84,9.25,1,-1,-1,-1
1161,352,118.60,190.12,17.07,10.49,1,-1,-1,-1
1181,354,303.18,402.45,20.81,9.79,1,-1,-1,-1
1181,352,222.71,187.38,16.88,10.15,1,-1,-1,-1
1201,354,299.33,379.52,22.63,11.04,1,-1,-1,-1
1201,352,354.54,181.48,19.87,11.92,1,-1,-1,-1
1221,354,293.87,331.43,26.45,11.78,1,-1,-1,-1
1221,352,431.52,179.17,19.74,12.15,1,-1,-1,-1
1241,354,286.72,260.86,30.76,20.14,1,-1,-1,-1
1241,352,436.77,179.50,19.35,11.90,1,-1,-1,-1
1261,354,284.19,255.33,30.93,16.09,1,-1,-1,-1
1261,352,434.92,180.05,20.00,12.27,1,-1,-1,-1
1281,354,288.10,269.92,29.35,13.55,1,-1,-1,-1
1281,352,411.74,182.58,20.60,12.49,1,-1,-1,-1
1301,354,293.66,268.02,27.66,13.69,1,-1,-1,-1
1301,352,361.98,186.92,20.18,12.14,1,-1,-1,-1
1321,354,293.22,253.13,29.19,14.71,1,-1,-1,-1
1321,352,319.33,189.39,18.98,12.03,1,-1,-1,-1
1341,354,292.76,241.80,29.12,15.27,1,-1,-1,-1
1341,352,275.82,192.89,18.45,11.24,1,-1,-1,-1
1361,354,291.82,242.28,31.06,15.40,1,-1,-1,-1
1361,352,231.11,196.09,16.75,10.81,1,-1,-1,-1
1381,354,307.20,243.40,29.27,15.70,1,-1,-1,-1
1381,352,157.47,201.02,16.31,10.23,1,-1,-1,-1
1401,354,328.79,244.64,28.88,15.03,1,-1,-1,-1
1401,352,134.08,230.66,17.00,10.03,1,-1,-1,-1
1421,354,361.95,246.30,30.16,15.03,1,-1,-1,-1
1421,352,129.47,275.40,19.29,10.43,1,-1,-1,-1
1441,354,378.60,248.54,28.91,14.68,1,-1,-1,-1
1441,352,104.70,328.16,21.05,10.31,1,-1,-1,-1
1461,354,405.76,249.49,29.29,14.53,1,-1,-1,-1
1461,352,44.77,367.55,18.00,7.77,1,-1,-1,-1
1481,354,431.20,249.22,29.47,15.21,1,-1,-1,-1
1481,352,45.17,367.50,17.89,8.43,1,-1,-1,-1
1501,354,432.89,247.56,30.25,15.72,1,-1,-1,-1
1501,352,102.43,369.22,19.28,8.75,1,-1,-1,-1
1521,354,393.09,247.69,29.85,14.81,1,-1,-1,-1
1521,352,175.42,370.12,20.45,10.05,1,-1,-1,-1
1541,354,378.11,239.61,30.96,14.09,1,-1,-1,-1
1541,352,237.28,372.15,20.47,10.24,1,-1,-1,-1
1561,354,368.29,214.27,31.64,17.27,1,-1,-1,-1
1561,352,301.24,373.99,21.12,9.97,1,-1,-1,-1
1581,354,339.62,209.36,32.06,17.32,1,-1,-1,-1
1581,352,365.77,372.37,22.33,10.43,1,-1,-1,-1
1601,354,272.16,210.40,29.68,15.77,1,-1,-1,-1
1601,352,427.57,370.59,21.34,10.62,1,-1,-1,-1
1621,354,212.69,214.65,27.96,14.58,1,-1,-1,-1
1621,352,444.62,341.06,21.22,10.38,1,-1,-1,-1
1641,354,168.91,216.12,28.53,14.94,1,-1,-1,-1
1641,352,442.37,293.26,20.35,11.56,1,-1,-1,-1
1661,354,161.08,216.86,27.23,14.71,1,-1,-1,-1
1661,352,438.67,252.30,19.48,10.87,1,-1,-1,-1
1681,354,170.40,218.26,27.49,14.74,1,-1,-1,-1
1681,352,432.76,212.60,21.36,12.59,1,-1,-1,-1
1701,354,184.69,218.71,28.16,14.85,1,-1,-1,-1
1701,352,430.42,180.56,18.58,11.44,1,-1,-1,-1
1721,354,207.14,219.59,27.54,15.20,1,-1,-1,-1
1721,352,426.49,155.67,19.83,12.76,1,-1,-1,-1
1741,354,226.07,220.40,28.18,15.19,1,-1,-1,-1
1741,352,402.61,154.90,19.86,12.73,1,-1,-1,-1
1761,354,246.78,221.05,27.93,15.14,1,-1,-1,-1
1761,352,335.93,156.67,19.92,12.98,1,-1,-1,-1
1781,354,269.12,220.40,28.72,16.20,1,-1,-1,-1
1781,352,246.75,159.60,17.28,12.14,1,-1,-1,-1
1801,354,299.17,219.48,28.69,15.16,1,-1,-1,-1
1801,352,124.89,160.24,18.61,10.19,1,-1,-1,-1
1821,354,329.48,217.61,30.43,15.63,1,-1,-1,-1
1821,352,32.97,126.81,18.77,11.04,1,-1,-1,-1
1841,354,362.26,215.80,30.47,15.58,1,-1,-1,-1
1841,352,34.36,93.28,18.21,11.13,1,-1,-1,-1
1861,354,390.20,208.60,31.01,16.29,1,-1,-1,-1
1861,352,61.51,89.57,17.37,10.93,1,-1,-1,-1
1881,354,417.56,199.04,31.03,16.33,1,-1,-1,-1
1881,352,108.06,84.66,19.43,10.90,1,-1,-1,-1
1901,354,450.34,199.26,30.46,16.02,1,-1,-1,-1
1901,352,148.26,80.93,18.11,10.79,1,-1,-1,-1
1921,354,474.75,199.34,31.09,15.86,1,-1,-1,-1
1921,352,183.12,78.19,18.07,10.09,1,-1,-1,-1
1941,354,470.17,201.49,30.88,16.39,1,-1,-1,-1
1941,352,209.49,75.67,17.02,11.14,1,-1,-1,-1
1961,354,423.88,208.00,29.91,15.69,1,-1,-1,-1
1961,352,238.59,73.87,18.23,10.86,1,-1,-1,-1
1981,354,352.72,209.47,29.70,16.54,1,-1,-1,-1
1981,352,279.52,72.12,17.39,10.90,1,-1,-1,-1
