1,969,313.37,14.94,21.49,8.38,1,-1,-1,-1
1,970,258.55,108.15,33.16,11.36,1,-1,-1,-1
21,969,312.12,39.45,22.48,8.71,1,-1,-1,-1
21,970,259.22,108.17,33.44,11.25,1,-1,-1,-1
41,969,312.02,47.35,22.57,8.31,1,-1,-1,-1
41,970,259.58,107.85,34.12,11.17,1,-1,-1,-1
61,969,313.82,81.08,22.85,8.62,1,-1,-1,-1
61,970,261.46,114.28,33.47,11.42,1,-1,-1,-1
81,969,313.36,94.49,22.79,9.18,1,-1,-1,-1
81,970,259.95,123.69,35.22,11.91,1,-1,-1,-1
101,969,314.16,92.88,23.20,9.37,1,-1,-1,-1
101,970,259.84,134.60,34.16,11.97,1,-1,-1,-1
121,969,266.80,94.18,22.65,11.08,1,-1,-1,-1
121,970,261.07,145.13,32.83,12.19,1,-1,-1,-1
141,969,151.42,103.84,22.63,7.92,1,-1,-1,-1
141,970,292.40,154.09,34.60,11.00,1,-1,-1,-1
161,969,87.51,108.11,22.75,9.05,1,-1,-1,-1
161,970,344.59,160.62,34.24,11.01,1,-1,-1,-1
181,969,85.07,109.37,24.67,10.25,1,-1,-1,-1
181,970,397.60,156.83,34.19,12.35,1,-1,-1,-1
201,969,58.22,113.62,23.29,10.62,1,-1,-1,-1
201,970,452.48,153.30,35.93,13.52,1,-1,-1,-1
221,969,14.64,131.67,22.64,9.84,1,-1,-1,-1
221,970,491.16,149.95,37.72,13.28,1,-1,-1,-1
241,970,523.31,145.96,37.84,13.97,1,-1,-1,-1
261,970,552.11,143.58,37.93,13.94,1,-1,-1,-1
281,970,574.63,142.71,37.28,13.98,1,-1,-1,-1
301,971,109.87,254.80,18.86,8.66,1,-1,-1,-1
301,970,592.83,135.82,37.35,14.79,1,-1,-1,-1
321,971,215.59,253.54,20.08,9.09,1,-1,-1,-1
321,970,596.03,136.92,35.87,13.67,1,-1,-1,-1
341,971,271.46,268.75,16.25,8.66,1,-1,-1,-1
341,970,595.04,130.45,35.38,13.95,1,-1,-1,-1
361,971,271.33,272.82,16.42,8.56,1,-1,-1,-1
361,970,595.47,122.41,34.56,13.98,1,-1,-1,-1
381,971,266.79,252.21,20.66,9.53,1,-1,-1,-1
381,970,594.44,119.60,35.28,13.86,1,-1,-1,-1
401,971,266.58,226.53,20.27,10.02,1,-1,-1,-1
401,970,592.03,119.26,33.60,14.56,1,-1,-1,-1
421,971,318.01,225.43,24.32,9.69,1,-1,-1,-1
421,970,566.96,120.21,36.33,13.94,1,-1,-1,-1
441,971,423.27,222.62,22.29,9.37,1,-1,-1,-1
441,970,530.55,122.49,35.62,13.94,1,-1,-1,-1
461,971,509.68,221.08,21.25,10.10,1,-1,-1,-1
461,970,488.25,125.50,34.85,14.57,1,-1,-1,-1
501,970,386.75,134.97,35.19,13.35,1,-1,-1,-1
521,970,348.62,137.94,35.28,12.94,1,-1,-1,-1
541,970,308.30,135.87,35.26,11.95,1,-1,-1,-1
561,970,272.44,126.26,36.63,11.97,1,-1,-1,-1
581,970,232.92,112.42,37.19,12.18,1,-1,-1,-1
601,970,193.37,95.34,42.23,14.45,1,-1,-1,-1
621,970,191.60,116.84,42.02,13.27,1,-1,-1,-1
641,970,192.83,154.44,41.16,13.52,1,-1,-1,-1
661,972,565.51,151.53,24.03,10.83,1,-1,-1,-1
661,970,193.57,198.74,40.71,13.94,1,-1,-1,-1
681,972,581.05,129.20,19.86,10.38,1,-1,-1,-1
681,970,193.17,199.00,40.78,13.76,1,-1,-1,-1
701,972,580.20,102.45,20.10,10.34,1,-1,-1,-1
701,970,182.66,194.44,43.71,14.26,1,-1,-1,-1
721,972,617.50,106.06,20.66,9.89,1,-1,-1,-1
721,970,155.59,182.46,46.70,13.71,1,-1,-1,-1
741,970,121.91,169.21,50.41,15.20,1,-1,-1,-1
761,970,70.91,149.86,57.54,17.53,1,-1,-1,-1
781,970,40.39,139.61,61.11,18.19,1,-1,-1,-1
801,970,44.22,134.70,61.82,18.17,1,-1,-1,-1
821,970,95.05,131.27,62.98,18.40,1,-1,-1,-1
841,970,158.27,123.20,64.44,20.06,1,-1,-1,-1
861,970,203.18,107.37,67.26,22.44,1,-1,-1,-1
881,970,231.62,78.26,71.31,23.59,1,-1,-1,-1
901,970,302.24,42.32,82.28,30.83,1,-1,-1,-1
921,970,353.44,22.54,77.63,38.76,1,-1,-1,-1
941,970,276.76,29.66,81.86,39.85,1,-1,-1,-1
961,970,128.26,54.71,77.25,28.00,1,-1,-1,-1
981,970,124.13,66.31,73.23,25.69,1,-1,-1,-1
1001,970,132.15,72.78,76.30,27.00,1,-1,-1,-1
1021,970,132.83,101.96,87.81,30.28,1,-1,-1,-1
1041,970,131.77,127.76,174.31,19.78,1,-1,-1,-1
1061,970,131.51,180.93,78.34,21.44,1,-1,-1,-1
1081,973,536.37,112.80,21.41,10.22,1,-1,-1,-1
1081,970,122.91,243.86,83.90,22.49,1,-1,-1,-1
1101,973,630.65,113.92,9.58,11.94,1,-1,-1,-1
1101,970,129.88,260.99,72.18,39.36,1,-1,-1,-1
1121,973,629.27,126.61,10.61,10.82,1,-1,-1,-1
1121,970,156.75,279.11,75.78,21.46,1,-1,-1,-1
1141,973,555.32,125.79,21.51,12.11,1,-1,-1,-1
1161,973,419.15,130.98,22.78,10.63,1,-1,-1,-1
1181,973,267.11,138.97,20.20,9.58,1,-1,-1,-1
1201,973,184.79,145.61,19.03,9.59,1,-1,-1,-1
1221,973,220.99,144.60,18.43,8.73,1,-1,-1,-1
1241,973,242.10,144.70,19.21,8.58,1,-1,-1,-1
1261,973,209.70,146.42,19.04,8.58,1,-1,-1,-1
1281,973,154.00,150.22,18.30,8.45,1,-1,-1,-1
1301,973,109.14,149.55,19.97,8.99,1,-1,-1,-1
1321,973,93.70,147.13,20.38,8.98,1,-1,-1,-1
1341,973,63.78,134.58,22.26,9.59,1,-1,-1,-1
1361,973,67.84,128.19,23.05,9.66,1,-1,-1,-1
1381,973,151.16,121.18,19.86,8.27,1,-1,-1,-1
1401,974,75.05,247.24,51.61,15.92,1,-1,-1,-1
1401,973,215.70,124.46,21.24,9.54,1,-1,-1,-1
1421,974,91.75,249.07,52.84,16.98,1,-1,-1,-1
1421,973,217.40,174.94,19.74,8.48,1,-1,-1,-1
1441,974,78.67,248.68,52.94,16.34,1,-1,-1,-1
1441,973,259.89,178.91,20.68,10.07,1,-1,-1,-1
1461,973,364.76,177.08,22.88,10.14,1,-1,-1,-1
1481,973,511.04,177.15,23.51,11.21,1,-1,-1,-1
1501,973,569.08,179.27,22.57,10.69,1,-1,-1,-1
1521,973,484.88,180.22,23.86,11.81,1,-1,-1,-1
1541,973,315.78,187.06,20.13,9.71,1,-1,-1,-1
1561,975,62.21,178.92,111.15,26.08,1,-1,-1,-1
1581,975,92.83,168.81,210.15,33.97,1,-1,-1,-1
1581,973,92.83,168.81,210.15,33.97,1,-1,-1,-1
1641,976,91.36,179.81,20.08,9.43,1,-1,-1,-1
1641,977,521.38,182.79,82.78,27.93,1,-1,-1,-1
1661,976,181.13,175.21,17.39,8.73,1,-1,-1,-1
1661,977,450.25,209.45,73.50,22.93,1,-1,-1,-1
1681,976,323.84,168.61,21.72,8.87,1,-1,-1,-1
1681,977,331.91,228.00,67.45,19.57,1,-1,-1,-1
1701,976,504.63,162.30,21.93,10.64,1,-1,-1,-1
1701,977,225.30,238.42,65.38,18.94,1,-1,-1,-1
1721,976,616.70,161.23,21.05,11.49,1,-1,-1,-1
1721,977,193.94,234.41,61.69,18.40,1,-1,-1,-1
1741,976,611.10,162.47,19.98,10.58,1,-1,-1,-1
1741,977,201.53,203.58,54.85,16.92,1,-1,-1,-1
1761,976,575.77,164.10,19.76,10.51,1,-1,-1,-1
1761,977,197.56,162.41,61.09,19.79,1,-1,-1,-1
1781,976,508.82,165.52,20.33,11.01,1,-1,-1,-1
1781,977,196.50,138.80,61.21,18.63,1,-1,-1,-1
1801,976,418.63,168.99,24.17,10.37,1,-1,-1,-1
1801,977,195.98,127.42,61.99,20.35,1,-1,-1,-1
1821,976,332.17,172.51,21.04,9.27,1,-1,-1,-1
1821,977,215.45,123.40,52.67,20.10,1,-1,-1,-1
1841,976,283.30,174.89,19.16,8.64,1,-1,-1,-1
1841,977,246.14,149.07,52.55,29.71,1,-1,-1,-1
1861,976,293.37,181.43,40.03,12.70,1,-1,-1,-1
1861,977,293.37,181.43,40.03,12.70,1,-1,-1,-1
1921,978,180.93,249.04,17.33,9.56,1,-1,-1,-1
1921,979,294.58,230.27,26.80,11.90,1,-1,-1,-1
1961,980,349.15,247.40,18.49,9.46,1,-1,-1,-1
1961,981,285.50,254.50,14.99,7.64,1,-1,-1,-1
1981,980,478.92,245.40,17.02,9.59,1,-1,-1,-1
1981,981,286.23,240.71,14.37,7.69,1,-1,-1,-1
