1,927,79.96,184.80,13.17,7.58,1,-1,-1,-1
21,927,80.09,184.99,13.19,7.44,1,-1,-1,-1
41,927,79.79,184.98,13.65,7.22,1,-1,-1,-1
61,927,80.06,184.95,13.33,7.25,1,-1,-1,-1
81,927,80.05,184.88,13.41,7.28,1,-1,-1,-1
101,927,80.11,185.12,13.12,7.00,1,-1,-1,-1
121,927,80.12,184.70,13.35,6.97,1,-1,-1,-1
141,927,79.91,184.76,13.25,7.24,1,-1,-1,-1
161,927,79.90,185.00,13.48,6.99,1,-1,-1,-1
181,927,80.06,184.83,13.79,7.12,1,-1,-1,-1
201,927,80.15,184.83,13.30,7.04,1,-1,-1,-1
221,927,79.98,184.82,13.37,7.01,1,-1,-1,-1
241,927,79.83,184.65,13.64,7.10,1,-1,-1,-1
261,927,79.98,184.85,13.36,7.15,1,-1,-1,-1
281,927,80.08,184.70,13.33,7.16,1,-1,-1,-1
301,927,80.03,184.64,13.16,7.08,1,-1,-1,-1
321,927,79.93,184.83,13.38,7.15,1,-1,-1,-1
341,927,80.01,184.58,13.23,7.28,1,-1,-1,-1
361,927,80.16,184.93,13.27,6.75,1,-1,-1,-1
381,927,80.13,184.95,13.26,6.78,1,-1,-1,-1
401,927,80.04,184.32,13.15,7.43,1,-1,-1,-1
421,927,79.77,184.35,13.67,7.38,1,-1,-1,-1
441,927,79.69,184.66,13.52,7.00,1,-1,-1,-1
461,927,79.96,184.71,13.20,6.91,1,-1,-1,-1
481,927,79.62,184.73,13.58,7.23,1,-1,-1,-1
501,927,80.07,185.06,13.34,7.07,1,-1,-1,-1
521,927,80.08,184.61,13.18,7.27,1,-1,-1,-1
541,927,80.18,184.70,13.29,7.34,1,-1,-1,-1
561,927,79.86,184.93,13.57,7.07,1,-1,-1,-1
581,929,276.50,119.40,10.45,5.53,1,-1,-1,-1
581,927,79.92,185.04,13.39,6.89,1,-1,-1,-1
601,929,235.65,117.95,8.47,4.83,1,-1,-1,-1
601,927,79.79,184.86,13.75,7.15,1,-1,-1,-1
621,929,194.86,121.53,7.94,4.90,1,-1,-1,-1
621,927,79.63,185.05,13.67,7.00,1,-1,-1,-1
641,929,153.29,129.85,8.07,5.37,1,-1,-1,-1
641,927,79.93,185.00,13.38,7.15,1,-1,-1,-1
661,929,114.74,142.84,8.45,5.17,1,-1,-1,-1
661,927,79.79,185.00,13.59,7.20,1,-1,-1,-1
681,929,75.16,159.17,6.84,5.67,1,-1,-1,-1
681,927,80.19,184.75,13.09,7.35,1,-1,-1,-1
701,929,63.72,187.52,7.92,6.00,1,-1,-1,-1
701,927,79.40,184.92,14.03,6.82,1,-1,-1,-1
721,927,80.20,184.84,13.31,7.11,1,-1,-1,-1
741,927,80.29,184.83,13.17,7.04,1,-1,-1,-1
761,927,80.25,184.86,13.16,7.36,1,-1,-1,-1
781,927,80.19,184.84,13.41,7.43,1,-1,-1,-1
801,927,79.77,184.64,13.99,7.36,1,-1,-1,-1
821,927,79.49,184.77,14.06,7.17,1,-1,-1,-1
841,927,80.14,184.67,13.24,7.65,1,-1,-1,-1
861,927,80.00,184.80,13.17,7.26,1,-1,-1,-1
881,927,80.02,184.65,13.20,7.48,1,-1,-1,-1
901,927,79.81,184.72,13.79,7.71,1,-1,-1,-1
921,927,80.31,184.62,13.67,7.91,1,-1,-1,-1
941,927,80.30,184.71,12.86,7.52,1,-1,-1,-1
961,927,80.32,184.37,13.16,7.79,1,-1,-1,-1
981,927,80.26,184.68,13.19,7.20,1,-1,-1,-1
1001,927,79.91,184.50,13.37,7.39,1,-1,-1,-1
1021,927,80.19,184.13,13.35,7.89,1,-1,-1,-1
1041,927,80.31,184.61,13.82,7.26,1,-1,-1,-1
1061,927,80.39,184.58,13.73,7.54,1,-1,-1,-1
1081,927,80.37,184.60,13.20,7.64,1,-1,-1,-1
1101,927,80.23,184.70,13.30,7.28,1,-1,-1,-1
1121,927,80.24,184.79,13.21,7.40,1,-1,-1,-1
1141,927,80.55,184.63,13.09,7.29,1,-1,-1,-1
1161,927,80.03,184.83,13.46,7.48,1,-1,-1,-1
1181,927,80.30,184.55,13.23,7.45,1,-1,-1,-1
1201,927,80.31,184.59,13.18,7.45,1,-1,-1,-1
1221,927,80.29,184.40,13.30,7.45,1,-1,-1,-1
1241,927,80.24,184.55,13.24,7.51,1,-1,-1,-1
1261,927,80.37,184.58,12.93,7.32,1,-1,-1,-1
1281,927,80.13,184.64,12.87,7.36,1,-1,-1,-1
1301,927,80.27,184.57,13.33,7.27,1,-1,-1,-1
1321,927,80.34,184.73,13.36,6.98,1,-1,-1,-1
1341,927,79.97,184.55,13.52,7.65,1,-1,-1,-1
1361,927,79.97,184.57,13.39,7.77,1,-1,-1,-1
1381,927,80.28,184.42,13.19,7.72,1,-1,-1,-1
1401,927,79.88,184.86,13.73,6.97,1,-1,-1,-1
1421,927,80.41,184.75,13.09,7.25,1,-1,-1,-1
1441,927,80.15,184.41,13.41,7.80,1,-1,-1,-1
1461,927,80.10,184.49,13.49,7.67,1,-1,-1,-1
1481,927,80.15,184.44,13.28,7.31,1,-1,-1,-1
1501,927,80.09,184.67,13.30,7.07,1,-1,-1,-1
1521,927,79.85,184.42,13.60,7.37,1,-1,-1,-1
1541,927,80.12,184.57,13.23,7.24,1,-1,-1,-1
1561,927,80.09,184.49,13.29,7.29,1,-1,-1,-1
1581,927,80.08,184.41,13.12,7.56,1,-1,-1,-1
1601,927,80.12,184.63,13.09,7.44,1,-1,-1,-1
1621,927,80.29,184.59,12.80,7.66,1,-1,-1,-1
1641,927,80.32,184.60,13.01,7.55,1,-1,-1,-1
1661,927,79.74,184.59,13.79,7.76,1,-1,-1,-1
1681,927,80.23,184.55,13.12,8.11,1,-1,-1,-1
1701,927,80.17,184.13,13.31,8.16,1,-1,-1,-1
1721,927,80.23,184.61,13.03,7.94,1,-1,-1,-1
1741,927,80.18,184.38,13.07,8.02,1,-1,-1,-1
1761,927,80.24,184.53,12.82,7.77,1,-1,-1,-1
1781,927,80.27,184.60,12.87,7.36,1,-1,-1,-1
1801,927,80.37,184.47,13.03,7.39,1,-1,-1,-1
1821,927,80.19,184.85,13.11,7.09,1,-1,-1,-1
1841,927,80.31,184.76,13.19,7.09,1,-1,-1,-1
1861,927,80.24,184.65,13.12,7.41,1,-1,-1,-1
1881,927,79.98,184.70,13.25,7.04,1,-1,-1,-1
1901,927,80.10,184.19,13.55,7.84,1,-1,-1,-1
1921,927,79.99,184.91,13.38,7.48,1,-1,-1,-1
1941,927,79.92,185.09,13.39,6.90,1,-1,-1,-1
1961,927,80.29,184.64,13.38,7.15,1,-1,-1,-1
1981,927,80.26,184.65,13.30,7.16,1,-1,-1,-1
